Zip Code,Education % Under Grade 9,Education % Grades 9-12,Education % High School Graduate,Education % Some College,Education % Associates Degree,Education % Bachelors Degree or Higher,Education % Graduage or Professional Degree
00601,24.5,10.3,29.1,9.3,12.3,14.6,1.8
00602,23.8,10.0,25.7,7.7,11.0,21.8,5.3
00603,15.6,9.6,29.6,12.5,8.4,24.3,7.5
00606,30.6,10.1,32.3,11.6,5.0,10.4,2.9
00610,20.3,9.3,30.7,8.3,12.6,18.8,4.5
00611,26.0,9.4,22.9,10.0,9.6,22.1,5.8
00612,13.4,6.9,29.7,12.9,10.2,27.0,6.8
00616,16.4,8.9,32.9,13.1,8.0,20.7,2.6
00617,16.7,9.0,30.7,8.6,10.2,24.9,5.0
00622,21.8,10.4,21.8,12.4,12.8,20.9,5.7
00623,16.3,8.5,26.1,12.0,9.8,27.3,6.2
00624,16.5,9.4,29.2,7.1,14.0,23.8,3.1
00627,18.1,9.4,25.0,8.2,18.0,21.4,6.4
00631,38.8,3.1,15.1,4.9,13.2,24.9,9.1
00636,13.5,13.8,24.5,,15.6,32.7,17.0
00637,16.8,8.0,33.9,9.2,10.3,21.8,4.8
00638,21.7,12.8,29.0,12.6,8.8,15.1,3.1
00641,18.7,7.4,26.4,17.8,9.2,20.4,3.7
00646,10.8,6.9,27.8,13.8,9.5,31.2,10.4
00647,14.8,9.9,42.2,4.4,11.9,16.7,1.4
00650,14.6,6.6,34.1,14.6,10.3,19.8,3.6
00652,11.8,11.6,19.0,16.6,11.8,29.2,4.6
00653,18.7,13.8,34.7,8.2,10.4,14.2,4.2
00656,14.1,9.5,28.8,8.2,14.8,24.6,5.9
00659,16.6,6.8,24.8,5.4,18.1,28.3,7.8
00660,14.6,6.0,34.2,11.1,8.6,25.6,5.9
00662,17.6,7.4,29.8,9.5,10.9,24.8,6.6
00664,15.4,5.8,36.5,15.6,6.1,20.5,5.3
00667,20.7,11.6,28.2,10.3,12.3,17.0,3.3
00669,22.9,9.8,23.8,10.0,12.7,20.8,5.2
00670,26.7,10.0,34.0,3.1,7.7,18.4,2.8
00674,15.3,9.2,30.2,12.1,9.7,23.4,5.4
00676,19.6,9.4,30.7,10.1,7.3,22.8,5.7
00677,19.0,7.8,26.1,9.3,14.9,23.0,5.5
00678,17.1,9.3,29.4,8.3,14.4,21.6,5.5
00680,20.0,9.3,27.7,11.3,7.0,24.7,7.2
00682,16.0,9.6,24.8,10.5,6.1,33.2,12.1
00683,19.0,10.2,34.2,7.5,7.4,21.6,5.7
00685,21.8,9.3,26.2,10.4,11.6,20.6,4.6
00687,16.8,9.3,30.6,12.8,13.0,17.5,3.4
00688,20.3,8.6,30.7,14.2,6.7,19.4,3.1
00690,10.1,11.3,30.1,15.7,5.3,27.5,4.6
00692,16.0,8.1,29.1,10.8,13.3,22.6,7.4
00693,15.0,8.9,29.9,12.1,11.4,22.7,5.9
00694,25.6,0.0,41.9,,32.6,,0.0
00698,14.9,6.9,35.4,8.7,8.3,25.8,6.2
00703,16.3,9.4,33.4,11.5,11.1,18.3,3.0
00704,12.8,8.3,39.6,10.9,8.1,20.2,3.3
00705,13.2,7.3,36.7,12.3,7.7,22.8,7.7
00707,17.4,9.0,30.5,13.5,14.1,15.5,3.0
00714,12.6,10.8,31.1,12.9,12.0,20.6,3.8
00715,22.6,16.0,43.0,5.6,2.3,10.5,3.3
00716,13.8,7.2,28.6,8.7,7.3,34.3,10.9
00717,11.9,7.5,31.4,8.9,9.2,31.1,10.4
00718,16.9,6.4,37.8,6.1,10.5,22.3,4.7
00719,18.5,10.7,23.9,17.3,11.4,18.1,2.8
00720,18.6,10.6,30.8,11.5,10.3,18.2,4.9
00723,15.2,7.2,29.8,16.1,12.2,19.5,6.5
00725,10.6,7.3,29.5,12.8,10.0,29.8,8.5
00727,9.8,5.1,23.3,14.0,10.2,37.6,11.6
00728,11.5,8.2,33.2,11.2,8.7,27.3,7.0
00729,13.4,7.7,28.8,10.8,13.0,26.3,8.0
00730,14.0,8.1,29.1,9.5,10.4,28.8,9.6
00731,23.1,8.2,33.1,7.0,8.3,20.3,4.2
00735,16.8,7.6,36.0,10.0,8.9,20.8,3.8
00736,16.0,6.2,31.8,11.3,8.9,25.8,7.1
00738,11.0,5.7,33.5,11.6,8.9,29.3,6.4
00739,17.1,5.3,33.1,10.1,9.0,25.3,7.6
00740,9.5,12.5,36.0,14.8,5.4,21.7,0.0
00741,9.8,15.4,30.5,13.8,11.9,18.6,1.5
00745,12.6,9.6,28.8,11.9,11.9,25.2,5.0
00751,15.4,9.1,40.4,8.4,7.9,18.9,4.5
00754,18.0,9.4,25.4,16.5,12.4,18.3,5.4
00757,11.9,4.2,38.6,9.7,8.8,26.7,6.6
00765,14.9,12.2,48.1,1.6,9.1,14.2,7.1
00766,15.9,5.7,35.3,10.4,11.3,21.4,4.3
00767,16.0,10.6,26.6,17.2,12.2,17.4,2.7
00769,13.2,6.2,38.9,10.2,8.5,23.0,5.1
00771,14.7,5.6,24.0,18.1,12.6,25.0,7.2
00772,14.8,13.2,42.2,5.6,11.5,12.7,1.7
00773,14.4,7.5,33.2,11.0,12.0,21.9,5.8
00775,12.0,6.4,35.3,15.2,13.5,17.6,1.3
00777,16.1,8.0,26.9,15.1,11.9,21.8,4.7
00778,11.2,6.8,24.4,13.1,11.8,32.6,10.8
00780,15.0,7.2,26.4,7.0,9.6,34.7,10.3
00782,17.5,9.4,29.0,16.9,11.6,15.5,3.7
00783,16.8,10.5,28.8,12.9,10.0,21.1,4.6
00784,12.5,8.7,39.2,10.1,8.3,21.2,6.1
00786,66.7,0.0,33.3,,,,0.0
00791,12.3,8.2,36.0,9.8,10.8,22.9,7.4
00794,15.0,9.8,28.4,14.4,10.1,22.4,5.1
00795,13.7,8.7,30.8,8.5,11.2,27.1,6.2
00901,9.0,5.9,27.6,7.8,5.1,44.6,22.4
00906,0.0,0.0,,,8.4,91.6,56.5
00907,5.5,2.8,14.6,11.0,7.3,58.8,28.9
00909,11.4,3.2,23.2,16.6,7.6,38.0,16.8
00911,8.0,7.2,13.2,11.2,5.7,54.6,23.0
00912,10.0,8.4,23.1,9.8,7.4,41.3,14.8
00913,14.5,9.9,35.5,9.0,7.9,23.3,7.4
00915,24.2,11.2,34.2,9.6,7.5,13.3,3.3
00917,14.5,7.5,29.4,8.0,12.9,27.7,10.2
00918,8.6,2.3,13.6,5.3,9.6,60.6,26.6
00920,12.0,6.7,21.0,14.4,11.7,34.1,9.3
00921,10.2,6.8,25.2,14.9,12.9,29.9,10.6
00923,14.5,7.7,29.8,9.3,15.7,23.0,8.5
00924,10.6,6.1,24.5,13.7,14.4,30.6,10.4
00925,20.3,8.3,17.7,8.9,6.8,37.9,13.6
00926,8.5,3.8,16.9,10.4,12.1,48.4,19.8
00927,3.0,2.3,9.6,7.1,11.1,66.9,30.4
00934,0.0,0.0,,44.9,,55.1,14.5
00949,10.2,6.1,25.8,15.5,12.6,29.8,7.4
00950,,,,,,,
00951,11.4,19.7,27.0,6.2,11.8,23.9,13.5
00952,20.8,10.3,26.6,16.0,14.6,11.8,1.1
00953,10.7,5.8,26.5,12.0,17.8,27.2,6.7
00956,12.3,7.5,23.1,19.8,11.1,26.2,5.7
00957,12.5,5.9,25.3,17.9,10.8,27.6,6.3
00959,8.2,5.3,22.0,17.4,12.5,34.6,9.3
00960,16.4,29.2,39.1,8.3,4.2,2.8,0.9
00961,9.1,5.4,21.0,17.0,10.7,36.8,13.1
00962,15.6,10.6,36.8,10.0,11.3,15.7,3.4
00965,23.1,12.0,34.1,12.7,7.5,10.5,0.7
00966,4.1,2.4,10.8,9.3,7.4,65.9,23.9
00968,2.8,1.6,7.9,8.6,6.9,72.2,28.6
00969,5.2,3.7,13.1,12.2,9.0,56.8,21.8
00971,15.3,7.0,25.4,13.4,10.4,28.5,7.8
00976,8.7,5.0,24.1,12.8,12.6,36.8,10.7
00979,4.4,3.8,16.8,13.5,13.4,48.1,17.7
00982,10.2,5.1,26.0,14.2,13.7,30.8,7.4
00983,6.7,5.2,31.0,14.8,11.9,30.4,7.1
00985,9.7,4.2,30.3,14.5,14.8,26.5,5.3
00987,8.8,5.4,23.7,12.2,13.2,36.9,10.0
01001,2.0,5.5,27.5,17.1,11.1,36.7,14.3
01002,1.4,1.1,12.0,9.1,5.0,71.4,47.5
01003,0.0,0.0,1.7,31.9,38.7,27.7,26.9
01005,2.9,0.5,30.8,20.0,8.1,37.7,18.9
01007,0.9,1.5,23.9,14.1,12.3,47.3,23.4
01008,2.7,6.5,35.0,9.1,13.8,32.9,14.8
01009,7.0,2.0,8.5,33.3,2.0,47.3,4.1
01010,0.0,2.9,24.2,18.8,9.8,44.3,12.8
01011,1.0,9.2,46.9,16.0,7.4,19.6,11.8
01012,0.7,11.2,39.8,18.2,5.8,24.3,11.9
01013,5.3,9.4,32.9,20.2,9.3,22.9,9.7
01020,3.4,10.1,37.8,17.2,10.7,20.7,6.5
01022,1.0,5.4,29.2,25.6,6.5,32.3,8.9
01026,0.5,1.3,14.7,16.8,8.1,58.6,28.7
01027,0.9,4.0,26.4,17.2,11.1,40.5,17.6
01028,1.8,3.6,21.4,17.6,11.2,44.5,19.3
01029,0.5,23.8,32.4,13.5,3.4,26.5,9.6
01030,1.0,2.8,32.7,19.3,10.9,33.3,13.8
01031,0.5,7.5,33.1,21.6,11.7,25.6,11.0
01032,0.0,0.9,17.0,24.9,9.1,48.1,17.9
01033,1.4,3.9,26.4,15.6,10.2,42.5,16.9
01034,1.1,3.5,29.1,17.8,9.6,38.8,15.5
01035,0.7,2.2,18.0,15.6,5.3,58.2,22.9
01036,0.5,3.0,25.2,21.0,14.4,36.0,16.7
01037,0.0,4.1,19.4,19.2,12.7,44.7,16.3
01038,0.9,2.5,24.8,11.9,8.1,51.8,20.3
01039,0.4,1.1,17.0,20.2,4.2,57.1,29.3
01040,7.7,14.0,31.7,15.6,9.0,22.0,8.6
01050,0.6,5.7,29.2,22.9,9.5,32.0,8.5
01053,0.8,1.4,30.6,14.3,5.4,47.7,20.5
01054,0.0,4.1,14.6,10.0,5.2,66.1,41.6
01056,6.7,6.7,33.7,18.4,11.1,23.4,6.6
01057,3.9,6.3,34.7,19.3,10.4,25.5,10.4
01060,3.1,3.6,9.1,9.7,3.9,70.6,40.6
01062,2.5,3.8,17.1,14.9,8.7,52.9,28.0
01063,0.0,0.0,,,,100.0,100.0
01066,0.0,60.5,,,,39.5,0.0
01068,1.0,3.6,26.5,18.8,11.9,38.2,14.3
01069,6.0,8.2,31.7,21.9,8.2,24.0,6.9
01070,0.7,3.1,24.9,13.7,8.8,48.8,29.2
01071,0.4,3.7,40.7,11.4,15.0,28.7,8.6
01072,0.0,1.0,12.8,11.2,7.2,67.7,36.4
01073,0.2,5.7,23.8,17.2,14.3,38.8,16.2
01074,0.0,0.0,35.5,31.8,13.1,19.6,7.0
01075,1.6,3.4,24.2,14.3,10.3,46.2,22.6
01077,0.7,4.9,28.6,19.8,10.4,35.7,15.6
01079,0.0,0.0,53.6,10.4,8.2,27.8,9.7
01080,4.3,5.6,46.6,17.9,7.1,18.5,4.5
01081,0.6,4.7,36.4,19.3,10.8,28.1,12.0
01082,2.0,6.3,39.2,20.9,9.1,22.6,7.2
01083,2.2,5.8,46.3,8.4,11.2,26.0,10.8
01084,0.0,5.7,17.1,4.3,2.9,70.0,24.3
01085,4.0,6.5,27.0,18.3,11.4,32.8,11.4
01088,0.0,0.0,16.2,49.5,10.8,23.5,16.4
01089,4.3,5.8,28.5,17.3,8.5,35.6,14.9
01092,0.0,3.4,29.9,12.2,12.8,41.6,12.9
01093,0.0,0.0,40.5,23.0,4.0,32.5,4.0
01094,0.0,0.0,48.4,40.6,,10.9,0.0
01095,2.2,2.3,20.7,14.2,10.5,50.0,24.4
01096,0.5,2.6,24.0,11.4,13.1,48.3,21.4
01097,0.0,19.6,37.0,,23.9,19.6,0.0
01098,1.7,2.6,30.6,13.1,9.8,42.3,20.4
01103,10.2,12.0,20.7,14.8,7.4,34.8,14.3
01104,10.6,15.3,34.2,16.6,8.8,14.5,5.5
01105,19.4,15.0,31.7,15.1,9.1,9.8,5.0
01106,1.0,2.3,11.7,15.6,7.5,61.9,30.4
01107,15.4,18.0,29.7,16.7,5.2,15.0,5.8
01108,9.9,11.2,32.3,18.7,7.6,20.3,8.6
01109,8.0,15.8,32.8,20.2,6.6,16.6,6.1
01118,5.2,4.6,28.6,18.8,12.4,30.5,11.1
01119,4.4,6.2,41.4,19.0,9.9,19.1,7.5
01128,6.2,3.6,28.2,19.0,9.2,33.8,18.3
01129,1.8,5.1,31.4,19.9,9.6,32.2,13.1
01144,,,,,,,
01151,7.4,12.0,35.8,17.8,9.6,17.4,4.7
01201,2.0,5.5,30.0,20.2,9.3,33.0,13.2
01220,3.6,7.2,38.8,17.5,11.0,22.0,6.6
01222,12.9,11.8,23.7,11.2,14.7,25.7,5.8
01223,1.6,3.5,29.6,20.1,10.9,34.3,16.1
01224,6.1,10.1,37.8,19.6,,26.4,26.4
01225,2.2,4.1,22.5,27.0,11.0,33.3,9.4
01226,1.7,3.4,25.4,17.5,11.2,40.6,19.3
01229,5.5,6.3,30.7,10.2,5.5,41.7,21.3
01230,1.2,3.4,27.9,12.2,10.9,44.4,19.7
01235,0.0,9.2,37.1,23.4,9.8,20.6,7.3
01236,0.3,4.2,21.2,13.9,4.1,56.3,24.3
01237,1.3,2.7,29.7,16.0,8.8,41.4,21.1
01238,1.0,2.3,29.3,22.3,8.8,36.3,19.8
01240,0.3,3.5,28.3,11.8,7.3,48.9,21.3
01242,0.5,0.0,8.2,48.3,8.2,34.8,18.4
01243,0.0,0.0,31.9,27.8,6.9,33.3,14.6
01244,6.0,4.0,21.3,38.0,3.3,27.3,8.0
01245,6.2,1.3,11.8,17.0,5.3,58.4,40.4
01247,5.5,5.8,35.9,20.8,7.6,24.4,10.1
01253,0.0,3.4,22.0,20.5,9.6,44.6,19.4
01254,0.4,0.6,22.5,12.3,5.3,59.1,28.7
01255,4.7,7.3,30.9,22.9,6.1,28.1,17.0
01256,6.5,5.2,38.3,17.9,8.3,23.8,8.5
01257,1.6,0.6,24.1,23.4,9.0,41.3,23.5
01258,0.0,0.0,17.1,30.1,3.4,49.3,26.7
01259,0.0,1.6,21.4,21.2,5.9,49.9,29.5
01260,0.0,0.0,10.2,7.2,75.9,6.6,6.6
01262,0.5,2.4,21.6,21.9,10.0,43.5,27.9
01264,0.5,0.0,24.4,12.2,8.3,54.6,30.2
01266,0.3,3.9,13.3,8.0,3.9,70.5,34.3
01267,0.2,2.0,17.0,10.7,5.0,65.1,44.0
01270,0.0,3.5,24.8,18.6,13.4,39.8,14.8
01301,2.7,6.3,28.4,14.6,12.9,35.1,14.5
01330,0.9,1.6,24.8,12.1,11.6,48.9,25.8
01331,2.5,7.1,38.4,20.3,11.6,19.9,6.8
01337,0.6,4.1,30.9,19.7,12.6,32.0,13.7
01338,0.0,5.6,47.8,12.2,,34.4,34.4
01339,2.8,3.9,33.9,16.6,10.7,32.1,16.3
01340,2.1,3.9,34.3,15.1,9.2,35.4,19.1
01341,0.2,2.2,15.8,11.3,10.1,60.5,35.1
01342,0.0,1.9,24.6,17.8,5.2,50.5,29.9
01343,1.7,14.0,28.1,19.0,9.9,27.3,4.1
01344,2.2,5.9,39.3,20.6,7.8,24.2,6.8
01346,2.6,0.7,31.4,10.5,7.8,47.1,16.3
01347,8.0,0.0,,26.3,22.6,43.1,0.0
01349,3.9,1.6,28.9,34.6,3.5,27.5,15.2
01350,0.0,6.0,53.6,21.4,13.1,6.0,1.2
01351,2.6,3.5,29.3,14.0,10.4,40.2,17.6
01354,0.7,4.2,18.6,16.0,8.9,51.7,15.4
01355,1.1,1.5,27.0,27.6,11.5,31.3,13.4
01360,0.4,6.9,27.6,10.5,10.4,44.2,21.0
01364,3.6,6.9,39.3,22.7,9.4,18.2,5.4
01366,0.0,3.7,22.0,22.9,5.4,46.0,23.4
01367,0.9,7.3,33.2,21.1,11.8,25.7,10.9
01368,1.2,8.4,38.3,14.4,15.1,22.5,8.6
01370,0.3,3.4,19.6,14.0,9.1,53.7,23.5
01373,0.1,4.5,18.3,18.8,13.8,44.5,23.7
01375,0.7,2.3,20.7,14.7,11.6,50.0,26.0
01376,1.7,5.4,40.8,18.2,8.0,25.9,11.4
01378,2.8,3.1,33.9,16.2,7.8,36.2,11.1
01379,0.0,3.1,25.1,15.0,9.1,47.6,23.1
01380,0.0,0.0,52.8,19.4,,27.8,5.6
01420,5.0,6.8,32.4,23.0,9.1,23.7,7.8
01430,2.2,2.7,23.0,21.3,15.2,35.5,11.8
01431,1.4,5.6,27.9,14.6,9.8,40.8,18.9
01432,1.7,5.6,21.6,16.8,9.1,45.2,17.4
01434,2.8,5.7,28.8,19.0,8.5,35.2,11.3
01436,9.1,4.3,26.4,26.1,9.9,24.2,7.2
01438,0.0,0.0,16.6,15.2,25.8,42.4,13.9
01440,3.2,7.5,34.3,22.4,13.5,19.0,5.9
01450,1.4,2.0,14.8,12.0,5.0,64.7,29.5
01451,0.5,1.2,7.5,12.3,2.6,75.8,35.5
01452,1.0,2.6,26.3,23.5,13.5,33.1,11.4
01453,4.4,5.6,28.9,18.4,10.9,31.8,11.4
01460,0.5,2.3,20.7,13.2,6.3,57.0,28.0
01462,1.1,3.5,27.3,19.1,9.7,39.5,13.3
01463,1.2,2.7,26.4,22.4,8.8,38.5,15.9
01464,1.8,9.1,32.9,16.7,9.2,30.3,9.8
01468,0.0,6.6,24.2,21.1,15.1,32.9,10.6
01469,0.4,3.0,21.8,19.3,14.0,41.5,13.6
01473,1.5,2.3,26.7,16.7,10.9,42.0,18.2
01474,2.6,4.9,32.1,15.1,10.2,34.9,11.8
01475,1.9,5.5,32.8,26.0,10.8,22.9,8.6
01501,2.3,4.0,25.2,15.9,10.3,42.2,17.5
01503,0.3,3.1,25.9,16.1,4.1,50.5,20.7
01504,1.0,2.5,31.6,16.9,11.4,36.5,12.1
01505,1.2,2.7,12.6,15.1,10.0,58.4,22.6
01506,1.7,3.9,36.2,20.1,10.2,27.8,8.8
01507,0.8,3.8,30.9,16.7,9.7,38.0,14.5
01510,1.4,5.9,23.0,19.5,11.2,39.0,15.1
01515,0.4,5.3,37.7,17.6,10.9,28.0,9.8
01516,1.1,1.0,28.8,17.8,8.7,42.6,11.3
01518,1.9,4.7,36.6,15.7,9.1,32.1,16.3
01519,0.9,1.2,17.2,12.6,5.4,62.7,23.3
01520,1.5,1.8,16.7,11.6,10.2,58.2,29.1
01521,1.4,6.4,26.0,21.5,11.7,33.1,11.6
01522,0.4,1.5,12.5,19.9,13.1,52.6,21.8
01523,2.8,6.4,26.0,9.7,5.4,49.7,17.4
01524,1.8,4.3,28.1,24.1,12.8,28.8,10.9
01525,0.0,100.0,,,,,0.0
01527,2.3,4.5,30.4,19.7,11.2,31.9,13.3
01529,0.3,6.5,28.2,25.8,11.5,27.7,7.8
01531,2.6,9.4,26.1,20.0,8.9,33.0,14.5
01532,0.7,1.6,12.8,11.6,5.8,67.5,36.3
01534,1.4,6.3,23.0,15.8,9.8,43.6,17.2
01535,1.8,4.9,38.7,20.1,7.8,26.7,10.5
01536,1.8,4.4,23.9,15.8,8.3,45.9,21.1
01537,2.9,13.9,32.4,16.4,9.0,25.3,7.9
01540,1.6,2.4,34.0,22.5,10.8,28.6,12.4
01541,0.2,1.3,10.4,14.5,9.7,63.9,30.4
01542,0.3,3.7,23.3,31.1,12.8,28.7,11.9
01543,0.6,2.1,24.6,21.4,8.8,42.6,16.2
01545,2.1,2.5,14.6,11.1,6.3,63.4,32.9
01550,7.9,9.7,36.3,20.0,9.4,16.7,5.0
01560,1.0,3.1,24.7,11.0,7.7,52.4,23.0
01561,0.0,0.0,,,,100.0,0.0
01562,3.1,4.2,40.5,21.7,6.8,23.7,9.1
01564,0.4,3.0,21.9,16.0,6.5,52.2,19.3
01566,0.8,4.9,20.6,23.8,10.7,39.3,18.7
01568,0.4,1.9,15.4,16.5,5.5,60.2,21.7
01569,2.2,2.4,30.2,17.8,9.7,37.8,12.1
01570,2.3,5.9,34.4,21.5,8.9,27.1,7.4
01571,2.3,5.0,34.0,21.3,9.7,27.7,10.4
01581,1.5,2.1,12.5,9.1,4.9,69.9,34.6
01583,2.6,7.1,23.4,18.2,11.1,37.6,16.8
01585,1.0,4.8,30.1,21.8,12.8,29.5,7.7
01588,1.2,4.3,32.6,20.5,9.0,32.3,10.8
01590,0.3,3.2,26.0,17.2,9.4,43.9,20.2
01602,4.1,3.2,23.3,18.2,5.5,45.7,21.4
01603,5.3,10.1,32.7,21.6,9.1,21.2,6.6
01604,4.4,8.9,31.2,14.9,9.7,30.8,11.0
01605,7.3,8.4,32.0,16.7,8.4,27.3,10.4
01606,3.2,5.8,24.5,18.7,8.2,39.5,16.6
01607,5.6,9.7,28.8,18.5,9.0,28.4,7.2
01608,13.0,8.6,22.4,16.4,7.4,32.3,9.1
01609,4.4,8.0,20.8,15.5,6.4,44.9,23.3
01610,12.7,14.4,31.8,15.8,8.5,16.8,6.3
01611,2.7,8.5,32.2,23.4,8.1,25.3,7.5
01612,0.4,1.7,19.1,15.4,10.0,53.4,22.2
01701,1.6,2.0,15.9,12.2,6.1,62.2,26.3
01702,7.7,7.0,24.9,14.3,6.1,39.9,15.8
01718,0.0,0.0,,17.7,7.3,75.0,35.6
01719,3.1,1.6,7.1,9.1,5.6,73.5,39.9
01720,1.5,1.8,6.9,9.0,4.3,76.5,42.4
01721,1.6,1.6,15.0,15.5,5.7,60.6,30.3
01730,3.0,2.2,11.8,10.1,5.3,67.6,36.0
01731,0.0,0.0,13.0,23.3,16.7,47.0,20.4
01740,0.2,0.4,11.2,9.7,6.3,72.2,38.9
01741,0.0,0.4,3.8,8.3,7.5,79.9,50.6
01742,0.7,3.6,12.4,6.0,3.8,73.4,46.5
01745,0.0,2.5,11.8,3.3,14.9,67.5,28.9
01746,1.3,1.9,11.7,12.1,6.0,66.9,29.2
01747,1.2,3.0,25.0,18.8,7.2,44.8,16.7
01748,0.8,1.5,10.0,8.2,5.2,74.3,39.4
01749,5.1,5.2,20.5,17.7,6.9,44.6,17.8
01752,4.3,5.3,26.6,16.4,7.1,40.2,17.4
01754,2.3,1.3,16.6,15.7,7.1,57.1,28.4
01756,0.6,0.8,24.6,11.8,11.5,50.6,13.0
01757,5.8,6.6,27.7,15.5,9.2,35.1,13.1
01760,0.9,1.7,14.2,9.8,5.1,68.3,35.7
01770,0.0,1.3,6.9,7.6,3.1,81.1,44.6
01772,1.2,1.4,10.9,11.0,4.4,71.0,34.6
01773,0.5,1.7,3.2,7.5,2.1,84.9,54.5
01775,0.2,0.9,8.9,10.8,3.9,75.3,37.6
01776,0.5,0.6,8.3,5.6,2.8,82.2,46.5
01778,1.2,0.7,6.2,10.4,3.6,77.8,43.5
01801,2.8,3.5,25.2,14.3,7.9,46.4,19.4
01803,1.7,1.6,18.4,11.6,7.1,59.6,24.4
01810,1.8,0.8,8.1,9.0,5.1,75.2,40.7
01821,1.2,3.2,26.2,17.5,11.1,40.8,16.2
01824,0.9,2.1,16.1,13.6,10.0,57.3,23.8
01826,2.6,4.9,34.6,16.8,8.2,32.8,8.7
01827,0.2,1.9,15.3,14.3,10.9,57.3,23.4
01830,4.7,7.3,31.0,21.1,8.2,27.7,10.1
01832,3.6,6.9,32.9,18.6,9.7,28.3,8.9
01833,0.6,1.5,17.0,19.0,6.8,55.0,20.8
01834,0.6,3.1,23.1,13.7,10.4,49.1,18.6
01835,1.3,3.6,25.5,19.3,14.0,36.4,12.1
01840,17.5,19.0,30.4,16.4,3.1,13.5,4.5
01841,19.9,13.1,32.6,19.7,3.5,11.3,2.7
01843,13.0,11.0,30.9,19.8,7.7,17.7,6.5
01844,5.9,5.3,28.4,20.8,9.5,30.0,10.6
01845,1.7,1.1,15.5,12.0,9.4,60.2,26.9
01850,7.8,7.0,41.1,18.1,9.4,16.5,6.5
01851,15.2,7.6,27.2,13.6,6.5,29.9,12.0
01852,7.8,7.2,31.6,16.3,7.0,30.0,13.1
01854,7.9,8.6,33.5,14.5,8.5,26.9,9.1
01860,0.9,3.0,28.5,23.6,10.0,34.0,8.9
01862,1.5,6.2,31.5,18.8,8.5,33.5,10.7
01863,2.0,2.3,21.9,21.9,9.3,42.5,21.2
01864,1.1,1.9,19.5,14.4,8.6,54.5,20.2
01867,1.9,1.3,14.4,11.4,5.7,65.3,30.0
01876,1.6,3.5,29.5,16.1,8.4,40.9,17.1
01879,1.3,2.8,21.5,17.0,10.6,46.8,16.6
01880,1.3,2.7,20.3,13.2,7.8,54.8,23.2
01886,0.8,0.7,11.4,8.1,6.3,72.6,38.1
01887,1.3,2.6,24.4,14.7,7.1,49.9,19.6
01890,1.2,1.3,10.5,8.4,3.1,75.5,47.8
01901,18.2,2.1,25.2,24.1,4.0,26.2,10.2
01902,17.6,9.8,31.3,14.3,7.7,19.2,6.4
01904,7.1,4.9,31.0,18.4,9.4,29.2,12.0
01905,12.0,10.2,31.8,19.3,9.4,17.3,3.6
01906,2.6,5.9,34.0,16.9,8.9,31.7,12.2
01907,1.2,1.3,14.4,12.9,8.3,61.9,32.0
01908,0.6,1.5,17.3,8.8,6.8,65.0,28.5
01913,0.7,4.3,26.5,16.9,11.9,39.7,14.7
01915,1.8,2.3,22.4,13.8,10.2,49.5,19.2
01921,0.4,2.3,11.2,10.5,7.2,68.4,27.9
01922,1.9,2.1,21.1,10.2,9.5,55.1,23.8
01923,1.6,3.6,23.4,17.3,8.9,45.2,16.5
01929,1.1,2.6,12.5,13.1,7.9,62.9,28.4
01930,2.5,3.1,26.9,16.7,11.3,39.6,16.5
01937,0.0,29.9,49.2,,,20.9,7.3
01938,0.9,1.4,17.5,15.3,9.4,55.6,23.8
01940,1.1,1.6,17.9,11.8,6.4,61.2,27.1
01944,0.0,0.6,6.5,11.4,4.0,77.5,33.6
01945,0.2,0.6,8.1,8.2,5.6,77.2,34.4
01949,3.2,7.2,32.4,12.0,7.7,37.4,13.1
01950,0.6,1.9,12.6,14.4,6.0,64.4,29.2
01951,0.0,0.0,14.2,20.9,8.1,56.7,20.7
01952,2.1,5.3,25.8,15.0,9.1,42.7,14.1
01960,5.2,3.7,31.0,16.1,9.2,34.8,11.6
01965,0.0,4.1,4.3,4.2,2.2,85.1,12.6
01966,0.8,3.4,12.2,16.6,8.7,58.2,27.8
01969,0.3,2.4,21.7,20.4,8.5,46.7,21.7
01970,4.5,3.0,22.0,15.4,6.6,48.6,19.3
01982,0.1,0.9,12.9,11.6,5.7,68.7,31.4
01983,0.9,1.2,10.7,9.2,6.1,71.8,33.7
01984,0.7,0.4,10.1,14.2,6.2,68.5,28.7
01985,0.3,2.2,11.7,14.9,7.3,63.6,27.7
02019,1.9,2.5,27.9,17.6,9.8,40.4,15.0
02021,1.2,1.7,14.5,14.0,8.0,60.6,28.4
02025,1.1,1.4,11.1,9.2,5.6,71.6,34.9
02026,1.7,3.6,20.1,14.0,5.3,55.3,25.2
02030,0.5,0.6,4.6,5.5,2.7,86.3,55.8
02032,0.0,2.2,18.2,11.5,5.8,62.2,27.7
02035,1.7,1.6,18.1,15.1,7.1,56.5,24.0
02038,1.5,1.1,17.4,16.5,8.8,54.7,24.1
02043,0.9,0.9,10.5,8.5,6.3,72.9,36.4
02045,0.4,3.0,22.0,17.8,7.1,49.7,21.0
02047,0.0,0.0,36.1,21.5,20.9,21.5,21.5
02048,0.6,3.9,18.3,14.1,9.7,53.2,22.6
02050,0.8,1.8,19.4,17.7,8.5,51.8,19.4
02052,1.0,0.0,6.8,9.0,6.4,76.9,37.2
02053,1.3,2.0,15.5,13.9,8.2,59.1,21.3
02054,1.3,3.2,23.8,16.9,9.1,45.8,17.0
02056,1.3,6.2,21.5,13.2,7.3,50.4,18.7
02061,0.6,1.0,14.8,10.3,7.3,65.9,25.8
02062,3.0,2.9,18.8,15.7,7.5,52.2,19.7
02066,1.8,1.2,13.5,11.3,9.3,62.9,25.7
02067,1.1,1.1,8.6,10.4,5.1,73.6,40.7
02071,0.0,0.0,21.8,11.2,9.6,57.4,8.5
02072,4.2,4.7,25.4,16.2,8.3,41.2,17.3
02081,2.0,2.9,18.7,13.2,7.6,55.6,19.4
02090,0.7,2.3,9.2,9.9,6.4,71.6,34.7
02093,0.9,1.9,18.9,14.8,8.2,55.3,19.9
02108,0.4,2.3,11.3,8.9,3.2,73.9,44.2
02109,1.7,1.6,8.3,6.5,2.0,80.0,33.9
02110,0.0,2.2,1.1,6.2,3.9,86.6,50.1
02111,13.6,4.4,15.3,5.5,3.2,58.0,35.4
02113,0.4,2.0,6.3,6.0,4.7,80.7,29.9
02114,1.5,2.1,5.8,5.9,1.7,82.9,42.1
02115,4.7,4.6,13.8,8.8,3.8,64.4,26.1
02116,5.1,2.0,6.8,5.3,1.9,78.9,45.9
02118,11.2,4.7,14.9,10.5,3.3,55.4,28.3
02119,11.8,10.2,25.6,16.8,5.5,30.1,10.7
02120,6.8,9.4,17.4,20.7,3.5,42.2,15.9
02121,11.1,8.2,35.1,18.4,6.0,21.2,8.1
02122,10.5,9.6,26.0,14.8,4.7,34.4,16.1
02124,8.9,7.7,26.0,20.2,7.3,29.9,12.1
02125,7.9,5.2,26.7,15.5,4.9,39.8,17.3
02126,5.4,7.4,32.4,26.4,7.0,21.3,9.4
02127,3.9,3.1,13.5,7.8,2.6,69.2,24.8
02128,17.2,7.9,25.7,12.7,3.7,32.8,11.2
02129,3.7,4.6,12.6,8.0,2.9,68.2,33.2
02130,4.2,3.2,12.0,8.6,3.0,69.0,41.4
02131,5.3,4.7,18.8,16.9,6.2,48.2,24.2
02132,3.0,2.1,14.8,10.8,7.1,62.2,32.5
02133,,,,,,,
02134,2.4,0.8,10.1,7.1,3.3,76.3,34.7
02135,3.4,2.7,11.2,9.5,3.3,69.9,29.6
02136,6.0,5.8,26.2,20.1,9.9,31.9,11.2
02138,0.9,0.8,3.6,6.7,1.7,86.2,56.9
02139,3.4,2.3,6.7,8.4,1.9,77.2,46.8
02140,2.4,2.0,8.3,6.9,1.9,78.5,51.5
02141,5.4,3.0,8.1,7.6,3.0,72.8,42.7
02142,0.3,0.0,2.3,5.5,2.4,89.6,56.1
02143,2.9,3.6,10.7,7.9,2.0,72.9,38.3
02144,2.3,2.5,10.4,8.1,2.3,74.3,35.6
02145,8.9,5.2,18.3,11.4,5.2,50.9,22.5
02148,7.4,4.5,24.9,13.6,6.7,43.0,17.6
02149,11.1,7.5,34.3,17.6,5.0,24.4,8.3
02150,22.5,9.6,29.0,12.8,5.2,20.9,7.2
02151,9.7,6.7,38.1,15.2,5.7,24.5,8.4
02152,2.4,2.2,27.5,17.3,8.2,42.4,14.7
02155,2.8,3.6,20.9,11.7,5.4,55.8,25.9
02163,0.0,0.0,0.8,3.9,,95.3,35.4
02169,5.3,3.4,23.8,14.3,7.6,45.6,19.2
02170,8.3,7.2,18.5,16.0,8.1,42.0,16.8
02171,6.3,5.8,19.5,12.1,6.6,49.7,20.9
02176,1.9,2.0,16.1,11.2,7.1,61.7,28.2
02180,1.3,4.1,25.0,14.8,6.8,48.1,19.0
02184,3.7,3.2,23.5,15.9,7.4,46.3,19.2
02186,2.2,2.1,15.6,9.1,6.1,64.8,34.2
02188,2.4,4.3,26.0,19.9,7.5,39.9,14.8
02189,4.7,3.0,25.5,17.5,10.2,39.1,12.9
02190,1.4,3.7,22.5,19.3,10.9,42.3,15.5
02191,2.7,3.2,28.9,14.9,8.7,41.6,12.9
02199,1.1,1.4,4.5,3.7,,89.3,46.1
02203,,,,,,,
02205,,,,,,,
02210,0.0,0.0,2.0,5.8,2.7,89.5,50.3
02215,0.5,2.6,6.3,4.5,2.5,83.4,48.1
02301,11.6,9.4,31.6,17.7,8.2,21.5,6.1
02302,8.5,8.0,36.8,20.2,9.0,17.5,5.8
02322,1.1,4.8,34.1,15.2,14.9,29.8,5.9
02324,1.1,4.1,30.2,16.9,8.0,39.5,14.9
02325,0.0,0.0,,54.2,,45.8,5.1
02330,0.5,3.2,41.8,19.6,10.8,24.0,10.6
02332,0.3,3.6,9.8,12.1,3.6,70.7,28.8
02333,1.9,2.2,31.6,22.5,11.4,30.4,9.9
02338,0.7,3.7,36.6,15.6,8.4,35.1,11.3
02339,0.8,2.1,19.7,13.2,10.7,53.5,20.0
02341,1.1,4.8,32.6,18.8,7.6,35.1,13.2
02343,1.8,5.0,29.1,22.1,11.7,30.3,7.3
02346,1.9,3.5,33.8,21.0,12.2,27.5,8.4
02347,1.5,5.1,24.6,18.7,13.2,36.9,12.8
02350,11.5,0.0,43.2,15.1,12.2,18.0,0.0
02351,2.3,2.7,28.7,14.4,10.6,41.3,12.5
02356,1.2,1.6,17.7,13.0,8.4,58.1,24.5
02357,0.0,0.0,,,,100.0,100.0
02359,1.0,1.6,22.9,19.1,12.6,42.7,17.4
02360,1.5,3.0,25.0,17.5,11.1,41.9,15.7
02364,0.5,2.2,20.8,18.3,10.7,47.5,14.4
02366,10.7,8.0,51.9,17.1,6.4,5.9,5.9
02367,1.5,5.6,32.5,18.3,8.1,34.0,12.8
02368,7.1,7.7,26.3,17.1,11.2,30.6,10.6
02370,2.5,3.1,31.8,21.0,10.1,31.5,9.0
02375,1.1,2.6,24.7,19.2,8.2,44.1,16.8
02379,0.6,2.5,30.2,16.3,8.9,41.5,12.2
02382,1.4,3.4,33.1,22.0,13.5,26.6,8.5
02420,0.8,1.1,4.5,5.1,2.8,85.6,60.7
02421,0.7,1.3,5.9,4.8,2.8,84.5,57.9
02445,0.8,1.1,5.8,6.4,2.5,83.4,53.4
02446,2.4,0.8,5.8,5.1,1.4,84.5,58.3
02451,3.7,3.1,20.3,10.6,8.9,53.4,25.2
02452,1.8,3.2,19.0,14.5,6.2,55.2,24.8
02453,4.8,3.9,17.9,10.8,5.6,57.0,26.3
02457,0.0,0.0,38.9,,,61.1,0.0
02458,2.7,1.1,10.2,8.6,5.2,72.1,42.2
02459,0.6,0.2,3.7,5.3,3.3,86.9,58.7
02460,1.2,1.1,9.0,8.2,1.9,78.6,52.1
02461,1.0,0.5,4.8,5.5,0.9,87.3,56.2
02462,1.1,3.2,15.8,11.4,2.1,66.5,37.5
02464,2.2,1.1,6.8,10.0,9.3,70.7,45.7
02465,1.0,2.3,7.6,5.8,3.9,79.4,46.4
02466,3.5,1.3,11.3,5.0,3.4,75.5,45.8
02467,0.9,0.4,5.0,6.0,4.4,83.3,54.1
02468,2.4,0.5,1.6,3.6,2.3,89.5,63.4
02472,3.5,1.2,14.6,9.0,6.0,65.8,34.2
02474,1.1,1.2,10.0,8.9,4.2,74.6,42.1
02476,1.5,1.7,11.8,7.9,3.7,73.4,44.0
02478,1.6,1.3,9.5,6.7,3.6,77.4,51.0
02481,0.5,1.3,1.9,5.8,1.9,88.7,54.6
02482,1.3,0.8,8.2,5.2,4.2,80.3,49.8
02492,0.1,0.8,6.6,5.6,2.7,84.1,53.8
02493,0.7,1.1,7.9,4.1,3.4,82.8,51.1
02494,1.3,1.0,8.1,8.7,5.5,75.4,47.4
02532,1.8,3.0,25.7,18.7,9.7,41.1,17.2
02534,4.1,4.4,14.2,9.0,3.1,65.2,33.4
02535,0.2,3.3,11.2,19.1,6.0,60.3,23.2
02536,2.3,4.9,22.5,18.8,10.4,41.0,16.7
02537,0.1,1.5,15.7,16.9,14.1,51.6,24.8
02538,2.7,1.7,39.4,34.2,9.2,12.8,2.7
02539,3.9,2.4,31.0,15.0,10.3,37.4,9.0
02540,1.4,4.6,10.3,13.9,8.4,61.4,35.1
02542,1.6,0.9,20.0,39.4,4.9,33.1,16.9
02543,0.0,0.9,6.7,9.1,1.2,82.1,54.7
02553,0.0,0.0,,,100.0,,0.0
02554,2.4,1.4,18.4,19.1,8.2,50.5,17.7
02556,0.0,0.0,8.9,13.6,8.6,68.9,31.0
02557,0.0,4.7,33.4,17.7,2.9,41.3,19.9
02558,5.8,4.8,41.5,16.1,11.2,20.6,6.2
02559,1.6,2.1,23.0,18.6,11.9,42.8,23.6
02561,0.0,0.0,26.5,10.4,16.3,46.9,16.5
02562,0.0,3.6,14.9,27.3,8.7,45.4,11.2
02563,1.1,1.2,22.5,14.4,10.2,50.6,20.0
02564,0.0,0.0,9.2,15.3,,75.5,39.8
02568,0.9,2.9,28.1,16.2,7.1,44.8,19.9
02571,4.2,4.1,31.3,20.0,12.4,28.0,11.1
02575,0.0,1.5,12.3,18.1,10.4,57.7,40.9
02576,2.6,7.3,43.8,19.3,6.0,21.0,7.0
02584,0.0,0.0,,66.7,,33.3,16.7
02601,4.4,6.8,37.8,17.1,9.2,24.7,9.1
02630,5.1,4.2,11.7,10.6,10.7,57.7,35.2
02631,0.4,2.2,21.7,22.0,9.1,44.6,22.9
02632,1.3,2.5,22.9,15.2,12.7,45.3,20.0
02633,1.0,1.3,11.1,15.1,5.7,65.7,28.6
02635,0.3,1.0,12.8,16.8,13.1,56.0,22.5
02637,28.1,0.0,3.4,3.8,11.0,53.8,17.8
02638,0.0,5.3,30.0,16.9,6.6,41.2,21.9
02639,0.1,4.0,25.2,31.2,10.1,29.4,6.6
02641,0.0,0.0,,6.1,,93.9,28.2
02642,1.6,1.5,20.9,17.5,11.4,47.1,21.5
02643,,,,,,,
02644,1.2,3.4,17.8,23.0,20.2,34.4,13.1
02645,0.4,1.5,27.2,20.7,8.5,41.7,18.6
02646,0.7,1.1,13.8,11.0,13.2,60.1,29.1
02647,0.0,21.9,,,,78.1,0.0
02648,0.0,3.5,23.1,16.8,18.2,38.4,18.1
02649,0.7,1.3,25.9,21.6,11.2,39.4,15.6
02650,0.7,1.3,14.4,26.7,1.3,55.6,24.0
02652,0.0,3.3,22.7,20.4,3.7,49.9,37.0
02653,0.0,0.7,16.1,14.5,8.4,60.4,27.9
02655,0.4,1.0,17.8,16.4,11.3,53.2,27.3
02657,3.0,1.1,14.5,18.5,5.3,57.7,28.5
02659,0.0,3.3,14.7,22.2,5.5,54.3,23.6
02660,1.6,2.9,25.2,19.1,12.7,38.5,14.1
02663,0.0,0.0,7.8,4.2,3.9,84.2,50.7
02664,0.9,3.2,33.5,20.0,8.9,33.5,14.8
02666,20.3,0.0,9.9,,,69.8,40.1
02667,1.7,3.8,19.4,19.6,6.5,49.0,27.9
02668,0.4,0.0,14.5,31.8,7.1,46.2,19.9
02670,0.0,1.4,18.9,15.8,11.6,52.3,19.6
02671,1.9,0.0,21.7,12.2,13.5,50.7,28.6
02672,0.0,0.0,31.8,,,68.2,17.8
02673,5.2,3.5,24.4,22.4,9.1,35.3,14.8
02675,0.9,0.6,16.1,20.0,8.6,53.8,21.6
02702,0.6,1.6,23.6,20.3,10.4,43.4,14.3
02703,3.8,5.9,31.9,17.3,9.4,31.7,9.5
02713,8.8,29.4,8.8,5.9,5.9,41.2,2.9
02715,3.2,0.8,36.8,11.5,18.0,29.6,12.3
02717,3.0,4.1,30.2,12.4,15.5,34.7,10.4
02718,7.2,12.2,26.3,23.7,7.1,23.5,10.0
02719,5.0,3.9,33.5,18.6,10.0,28.9,8.6
02720,9.5,9.3,31.3,19.9,7.9,22.1,8.2
02721,15.0,13.0,34.9,15.0,9.2,12.8,3.0
02723,18.8,7.7,36.6,18.6,8.4,9.9,2.7
02724,14.1,14.1,33.8,19.4,6.1,12.5,3.6
02725,5.5,7.1,25.2,21.0,11.4,29.8,8.1
02726,2.3,5.0,29.7,15.3,12.9,34.8,11.2
02738,1.4,2.8,26.8,11.9,9.2,47.9,23.2
02739,0.9,2.1,16.7,16.3,11.0,53.0,24.6
02740,11.7,10.7,33.3,16.9,8.1,19.3,6.6
02743,5.3,6.4,41.8,14.7,8.6,23.2,4.6
02744,16.4,11.5,29.1,19.6,9.3,14.0,3.8
02745,10.1,9.5,36.0,15.7,10.5,18.3,4.7
02746,18.8,11.8,38.2,14.1,6.9,10.2,1.8
02747,6.8,8.2,30.2,14.8,9.9,30.2,10.7
02748,9.6,2.7,26.2,9.5,9.5,42.5,20.0
02760,2.2,3.8,23.0,18.7,9.3,43.1,16.0
02762,1.1,3.4,20.6,18.5,11.5,44.9,15.7
02763,0.0,2.8,12.0,7.5,8.3,69.4,24.9
02764,2.5,3.2,25.4,27.4,8.4,33.1,12.0
02766,2.7,3.5,28.3,16.1,8.7,40.6,14.5
02767,3.1,4.9,25.4,15.9,10.7,40.0,14.5
02769,2.5,3.0,24.9,18.4,9.0,42.2,17.2
02770,0.3,2.3,22.2,9.4,13.5,52.3,22.0
02771,3.2,5.3,21.5,17.9,8.9,43.3,18.7
02777,4.2,6.0,31.3,17.1,11.2,30.2,11.8
02779,1.6,2.2,28.4,16.1,8.5,43.2,14.2
02780,8.2,8.1,33.3,19.8,8.4,22.3,6.0
02790,4.9,5.7,31.0,17.3,11.1,30.0,13.6
02791,0.0,0.0,8.9,9.1,2.8,79.2,68.7
02802,0.0,11.6,38.3,5.6,12.7,31.8,12.1
02804,0.0,2.8,35.2,29.1,15.6,17.2,4.3
02806,0.6,1.7,11.6,8.3,5.9,71.8,40.0
02807,0.9,1.8,26.7,22.9,,47.7,16.7
02808,0.7,8.5,35.9,21.0,5.9,27.9,8.0
02809,3.2,8.4,21.7,19.0,6.8,41.0,17.7
02812,0.0,6.4,15.0,7.7,17.7,53.2,24.2
02813,1.4,4.8,23.0,22.6,9.5,38.6,17.0
02814,0.2,5.3,32.1,16.1,13.0,33.3,14.6
02815,0.0,8.8,,14.6,35.0,41.6,0.0
02816,1.8,5.3,30.9,20.1,13.0,28.8,9.7
02817,2.3,6.5,24.1,16.9,11.5,38.7,15.7
02818,0.7,3.1,15.5,15.6,4.8,60.4,27.5
02822,1.5,11.2,19.9,12.4,8.4,46.5,17.3
02823,0.0,0.0,100.0,,,,0.0
02824,0.0,20.0,20.7,30.0,,29.3,20.0
02825,2.2,4.5,37.5,16.0,8.5,31.2,14.9
02826,0.0,0.0,40.0,31.2,14.1,14.7,9.4
02827,3.5,7.2,34.1,16.3,13.2,25.6,7.8
02828,1.6,3.8,25.9,18.0,9.5,41.2,15.2
02829,0.0,0.0,100.0,,,,0.0
02830,5.8,5.2,26.0,20.0,11.6,31.5,10.4
02831,0.7,3.0,37.5,20.4,12.1,26.3,6.7
02832,0.5,7.7,23.0,23.4,10.0,35.4,10.1
02833,4.1,2.7,48.4,16.5,3.9,24.4,3.8
02835,0.6,2.0,13.0,17.3,6.2,61.0,26.0
02836,0.0,32.5,40.3,27.3,,,0.0
02837,1.0,1.2,15.2,16.6,6.5,59.4,24.5
02838,2.4,8.0,33.0,12.5,10.0,34.2,11.5
02839,0.0,3.9,30.0,29.0,13.0,24.2,7.1
02840,2.5,2.6,19.8,15.9,4.8,54.5,24.1
02841,0.9,0.8,5.2,26.3,5.3,61.5,19.0
02842,3.4,3.4,21.7,15.3,8.3,47.9,22.3
02852,1.5,1.7,20.7,20.9,9.3,45.8,19.7
02857,0.8,1.2,25.6,22.9,11.1,38.4,17.3
02858,2.3,0.0,14.0,56.8,3.4,23.4,7.0
02859,1.7,6.7,27.5,31.0,11.1,21.9,5.3
02860,10.1,10.3,31.5,16.8,7.2,24.1,8.4
02861,5.6,9.0,36.3,20.2,9.7,19.2,6.2
02863,24.4,14.9,33.7,11.9,5.9,9.2,1.3
02864,4.3,4.9,23.3,18.0,8.7,40.8,13.6
02865,3.2,4.9,22.9,13.5,8.6,47.0,18.0
02871,1.3,3.3,18.5,14.1,7.9,54.9,23.6
02872,0.0,38.7,19.8,,13.5,27.9,0.0
02873,0.0,0.0,38.9,,,61.1,61.1
02874,1.6,2.0,14.4,13.2,8.1,60.7,30.5
02875,0.0,0.0,,21.2,34.4,44.4,25.6
02876,0.0,7.4,62.4,6.1,5.2,18.9,0.0
02878,2.0,6.0,24.8,19.4,9.9,37.8,12.7
02879,0.7,4.7,15.3,14.9,8.6,55.8,24.5
02881,1.3,1.5,10.7,13.5,2.0,71.0,38.7
02882,1.7,2.3,14.7,16.2,8.3,56.9,25.3
02885,3.8,7.3,31.5,16.1,7.3,34.0,13.8
02886,2.4,4.5,26.0,18.8,12.6,35.7,13.9
02888,2.5,3.3,28.0,23.5,11.5,31.1,13.0
02889,3.6,5.9,31.3,21.6,10.4,27.1,9.1
02891,2.9,5.0,30.0,17.7,7.9,36.5,15.4
02892,0.1,2.9,25.6,12.3,11.1,48.0,28.0
02893,3.0,6.9,34.8,22.7,9.8,22.8,6.9
02894,0.0,4.5,60.2,17.3,3.4,14.6,0.0
02895,7.3,10.8,35.1,20.0,7.2,19.6,5.8
02896,3.8,3.9,26.0,22.4,13.6,30.3,10.3
02898,0.7,1.2,24.9,21.4,16.2,35.6,14.5
02903,8.2,4.4,22.2,10.1,2.1,53.0,27.5
02904,4.2,8.5,33.2,16.7,7.6,29.8,12.3
02905,12.4,10.4,27.2,16.8,7.5,25.7,12.6
02906,1.6,2.1,8.9,7.4,2.5,77.5,45.1
02907,14.5,11.9,33.3,15.3,6.2,18.9,5.9
02908,5.8,5.0,34.6,17.9,7.0,29.5,11.7
02909,11.6,6.2,42.5,15.7,4.3,19.7,7.7
02910,5.3,5.8,28.3,22.7,9.6,28.2,8.2
02911,3.1,4.9,32.9,18.5,9.0,31.6,9.4
02912,0.0,0.0,,26.7,,73.3,0.0
02914,9.1,11.6,31.1,16.3,8.1,23.9,8.8
02915,2.5,6.3,30.7,19.9,7.1,33.6,15.7
02916,3.9,5.8,26.2,16.3,6.1,41.6,17.4
02917,4.0,6.8,27.1,17.5,8.6,35.9,13.2
02918,0.0,0.0,,65.6,,34.4,34.4
02919,2.9,5.4,38.4,20.9,6.0,26.4,7.8
02920,5.1,7.3,28.8,18.8,9.4,30.6,11.8
02921,1.0,5.8,26.2,12.4,8.4,46.2,20.0
03031,0.0,0.8,14.9,13.6,8.3,62.3,25.6
03032,0.6,2.1,19.6,11.3,15.0,51.4,11.9
03033,0.0,2.3,13.0,16.1,9.8,58.8,19.4
03034,1.0,4.7,30.1,25.7,13.3,25.2,10.7
03036,0.2,2.5,27.5,15.1,13.0,41.7,19.5
03037,0.0,8.6,24.8,17.4,10.6,38.6,11.8
03038,1.0,5.9,31.9,19.4,10.3,31.4,10.2
03042,5.4,2.2,26.9,18.4,17.5,29.7,12.0
03043,0.4,3.5,22.6,18.1,8.8,46.6,16.9
03044,2.3,3.9,27.6,19.4,16.7,30.1,9.1
03045,2.6,2.7,32.9,15.6,11.0,35.2,13.4
03046,1.4,4.5,25.6,11.1,15.5,41.9,22.0
03047,1.9,3.1,35.5,22.0,9.3,28.2,9.6
03048,1.5,10.1,33.0,20.4,12.0,22.9,7.0
03049,1.0,0.5,19.2,12.7,10.2,56.4,26.9
03051,1.3,3.2,30.6,19.0,12.5,33.4,11.4
03052,2.2,4.5,22.8,17.2,9.0,44.2,12.7
03053,1.0,1.6,21.0,17.3,10.9,48.2,17.3
03054,1.1,2.4,18.7,17.3,12.3,48.2,18.4
03055,1.7,3.5,30.4,21.1,9.0,34.3,14.6
03057,1.3,3.6,18.2,19.2,6.3,51.4,18.8
03060,5.3,8.7,28.1,21.3,8.9,27.7,8.2
03062,1.5,2.8,21.4,15.6,9.8,48.9,19.0
03063,2.0,2.4,20.4,16.8,11.2,47.2,16.0
03064,2.7,6.2,28.0,16.9,7.2,39.0,16.6
03070,1.4,3.7,26.3,12.5,11.5,44.7,13.1
03071,1.1,4.6,31.6,21.2,13.0,28.4,13.8
03076,1.2,3.1,31.7,18.2,8.8,36.9,13.8
03077,1.2,5.8,41.0,19.4,11.8,20.9,5.5
03079,2.0,2.7,32.2,19.4,8.7,34.9,13.4
03082,1.0,3.6,27.5,17.5,12.4,38.0,15.1
03084,3.7,0.8,26.9,19.6,9.7,39.4,17.4
03086,4.3,0.9,34.7,18.8,9.3,32.0,12.4
03087,0.5,1.1,12.3,16.4,8.6,61.1,27.7
03101,4.1,12.3,14.4,14.8,4.8,49.6,21.5
03102,3.6,7.1,29.2,21.5,10.0,28.8,8.6
03103,8.9,9.1,33.5,16.6,9.5,22.4,7.7
03104,2.3,3.4,24.6,17.5,8.9,43.3,13.8
03106,3.0,2.9,26.4,18.8,10.6,38.3,16.4
03109,2.7,3.6,31.3,25.7,9.5,27.2,8.8
03110,0.6,1.9,10.5,11.5,10.0,65.5,27.2
03215,0.0,0.0,7.5,15.7,10.7,66.0,45.9
03216,4.7,3.7,26.4,15.0,12.3,37.9,19.4
03217,0.4,6.5,40.2,23.8,5.7,23.3,11.0
03218,0.0,7.1,39.7,21.1,19.1,13.0,6.3
03220,3.5,7.6,31.9,21.8,11.6,23.6,7.9
03221,0.0,4.5,25.9,19.4,9.8,40.4,16.1
03222,2.7,5.6,33.2,21.7,10.2,26.6,8.9
03223,3.8,8.2,22.7,11.9,12.6,40.8,22.1
03224,2.6,3.3,18.4,16.0,12.9,46.7,21.6
03225,1.5,4.3,38.5,18.2,8.5,29.0,9.6
03226,0.0,1.0,32.1,21.6,5.5,39.8,15.3
03227,1.1,0.9,17.4,10.5,9.1,61.1,38.8
03229,0.4,2.5,19.3,18.4,7.9,51.5,25.8
03230,0.5,6.9,42.2,20.7,13.0,16.7,6.8
03231,0.0,0.0,39.1,29.7,4.3,26.8,18.8
03233,0.0,5.2,9.3,21.6,,63.9,27.8
03234,2.9,6.1,28.0,14.6,8.9,39.4,14.9
03235,3.2,5.6,38.9,20.7,10.0,21.4,8.0
03237,0.0,5.1,29.4,18.8,11.9,34.7,18.1
03238,0.0,0.0,62.9,18.6,7.1,11.4,7.1
03240,2.9,5.9,28.5,19.0,12.7,30.9,13.2
03241,3.4,4.6,24.1,17.2,8.7,41.9,16.1
03242,0.6,1.5,25.0,16.8,17.8,38.4,15.9
03243,2.5,12.8,39.7,16.0,7.6,21.4,8.2
03244,1.4,4.7,35.7,20.7,11.6,25.9,10.6
03245,2.3,3.6,15.5,22.8,10.4,45.4,24.6
03246,2.4,6.5,30.3,19.0,14.3,27.5,10.1
03249,1.3,0.4,23.2,22.7,10.4,41.9,21.2
03251,2.2,13.1,22.3,30.9,2.3,29.3,6.4
03253,0.1,2.2,27.0,20.1,7.6,43.0,20.4
03254,0.3,2.8,21.1,18.7,12.3,44.7,20.6
03255,0.3,0.7,15.6,13.2,8.2,62.0,23.2
03256,0.4,3.9,27.8,23.0,10.0,34.8,13.4
03257,0.3,0.3,9.5,13.1,14.2,62.6,29.4
03258,0.7,3.0,26.7,19.8,16.0,33.8,11.6
03259,1.3,3.8,13.4,6.3,18.5,56.7,10.5
03260,0.0,2.1,25.1,20.2,10.5,42.1,19.7
03261,0.6,1.9,32.0,12.5,17.2,35.7,11.5
03262,1.7,5.8,18.2,20.7,8.3,45.2,15.4
03263,1.8,7.0,47.6,19.0,8.8,15.8,6.6
03264,2.3,0.4,23.8,24.4,6.6,42.4,17.5
03266,1.8,5.3,36.7,14.5,8.1,33.5,13.7
03268,2.2,5.5,34.5,14.3,12.1,31.4,18.1
03269,0.9,9.2,21.7,23.4,10.0,34.7,13.3
03273,0.0,0.0,9.7,7.5,34.8,48.0,23.3
03275,3.0,6.5,35.0,17.8,14.5,23.2,11.1
03276,1.4,6.4,39.3,20.2,10.3,22.4,9.7
03278,2.5,4.1,29.0,19.3,9.9,35.2,18.0
03279,0.1,3.7,50.7,17.2,8.2,20.0,5.6
03280,2.9,2.8,37.2,24.6,8.9,23.6,9.0
03281,0.0,3.4,21.3,19.1,12.9,43.3,17.6
03282,1.7,3.6,22.4,20.2,17.5,34.6,12.9
03284,1.4,4.2,52.0,4.1,7.0,31.4,11.2
03285,0.0,1.6,29.9,20.1,10.3,38.1,11.5
03287,1.3,1.9,16.6,13.8,6.8,59.7,32.0
03290,1.2,4.0,22.6,21.8,9.0,41.4,16.1
03291,0.0,0.0,,,,100.0,0.0
03293,0.0,0.0,44.2,7.5,28.3,20.0,0.8
03301,4.0,4.5,25.9,17.4,9.7,38.5,18.2
03303,2.1,4.4,34.9,19.4,10.1,29.1,9.2
03304,0.4,1.9,16.1,13.0,10.6,57.9,21.2
03307,0.5,8.1,42.2,16.9,10.4,21.9,6.1
03431,3.1,3.5,26.0,19.0,7.9,40.4,13.9
03440,1.1,2.1,36.7,17.0,9.1,34.1,10.9
03441,0.0,5.3,56.0,6.2,10.5,22.0,3.8
03442,0.7,9.1,29.4,21.8,7.0,32.0,10.4
03443,0.0,0.0,13.4,25.0,33.3,28.3,6.2
03444,0.3,1.9,18.7,17.3,8.1,53.7,26.4
03445,1.2,5.3,30.6,26.0,12.0,24.9,10.5
03446,1.2,4.4,37.2,14.5,15.2,27.5,13.4
03447,2.8,5.8,27.1,19.7,15.6,29.0,10.1
03448,1.4,3.0,41.0,16.2,19.7,18.6,9.1
03449,0.6,3.0,18.6,13.1,9.8,55.0,27.0
03450,0.0,3.8,22.1,12.7,12.2,49.2,19.3
03451,2.8,7.4,48.5,17.9,10.3,13.2,4.7
03452,0.6,2.0,31.1,26.0,10.2,30.1,11.9
03455,1.3,5.3,34.9,20.9,4.5,33.1,12.5
03456,1.4,2.1,36.5,22.5,12.9,24.6,11.9
03457,0.5,2.6,22.2,12.5,7.5,54.7,22.2
03458,2.9,3.7,16.7,16.7,8.3,51.8,25.4
03461,0.9,3.3,31.8,22.0,13.2,28.8,10.6
03462,0.0,4.6,26.4,5.6,3.2,60.1,37.7
03464,0.0,2.3,36.7,22.8,14.1,24.1,5.6
03465,1.0,3.8,42.7,22.2,6.0,24.3,6.9
03466,1.3,7.8,34.7,14.8,12.8,28.6,11.7
03467,2.3,0.9,18.9,18.0,9.8,50.2,19.0
03470,2.9,9.9,44.0,17.4,8.3,17.5,4.9
03561,3.3,9.3,31.4,18.1,8.6,29.3,11.8
03570,4.8,8.7,40.3,19.1,12.1,15.0,4.4
03574,0.8,1.7,25.7,18.3,16.0,37.4,19.3
03575,0.0,0.0,,,40.0,60.0,0.0
03576,4.0,9.6,38.5,22.5,8.1,17.3,4.9
03579,4.0,2.2,52.3,15.8,18.9,6.8,3.1
03580,1.5,0.8,13.8,18.9,9.5,55.5,26.6
03581,0.8,3.9,39.8,14.4,13.5,27.7,12.0
03582,3.3,8.5,50.0,16.0,10.1,12.1,2.8
03583,2.4,7.3,31.7,15.7,9.7,33.1,7.6
03584,5.5,2.0,40.1,16.8,12.9,22.8,10.9
03585,1.8,7.2,36.1,19.3,6.4,29.3,9.2
03586,3.1,0.9,11.6,15.8,11.6,57.0,39.2
03588,1.3,4.8,38.0,21.9,11.8,22.1,10.9
03590,5.4,17.2,37.3,18.7,12.2,9.2,2.8
03592,3.1,7.3,45.7,20.4,6.4,17.1,4.8
03593,0.0,0.0,12.5,15.1,5.8,66.6,30.2
03595,1.1,2.1,32.7,25.9,6.4,31.7,13.4
03597,7.4,12.5,53.2,17.9,3.1,5.9,0.0
03598,2.5,8.0,30.8,20.5,11.9,26.4,11.4
03601,0.0,4.0,38.7,27.7,2.3,27.3,10.3
03602,1.1,4.4,41.2,14.9,9.8,28.6,6.9
03603,0.9,8.7,43.0,16.5,12.4,18.4,4.4
03604,,,,,,,
03605,1.7,7.4,44.4,13.8,9.6,23.1,9.4
03607,3.6,14.1,36.2,19.6,7.6,18.8,13.0
03608,5.6,3.1,29.2,15.5,12.5,34.1,9.0
03609,5.2,0.0,16.7,24.5,17.3,36.3,12.4
03740,1.6,7.2,34.5,15.2,9.1,32.4,12.1
03741,0.9,8.9,38.6,16.1,9.6,25.9,12.5
03743,3.7,9.3,44.7,13.3,7.4,21.5,6.3
03745,0.4,3.3,31.3,10.1,14.0,40.9,18.0
03748,0.0,3.3,25.2,18.3,11.1,42.2,23.6
03750,1.2,1.8,5.9,4.5,2.6,84.1,52.8
03751,0.0,0.0,45.9,8.5,7.3,38.3,25.9
03752,0.4,5.1,50.6,16.5,4.0,23.3,6.5
03753,0.0,1.5,13.0,11.8,8.7,65.0,32.4
03755,3.7,0.5,4.8,4.6,2.9,83.6,53.9
03765,0.5,3.9,51.4,6.3,2.3,35.5,23.2
03766,1.2,5.7,22.9,9.2,7.8,53.1,28.2
03768,0.9,1.1,19.3,4.9,6.7,67.1,42.6
03770,0.0,1.3,10.6,20.6,11.3,56.3,24.1
03771,12.2,3.4,37.0,17.7,5.0,24.7,6.2
03773,2.6,6.6,40.2,16.0,9.5,25.1,6.9
03774,7.0,7.1,35.4,22.5,6.8,21.2,11.2
03777,3.7,5.9,31.7,18.7,8.1,32.0,17.6
03779,0.7,3.0,25.0,13.6,11.2,46.5,25.7
03780,0.7,0.4,28.0,17.8,1.7,51.3,33.0
03781,2.2,0.6,26.6,13.6,11.9,45.1,22.9
03782,12.2,2.7,21.4,14.0,7.7,42.0,25.4
03784,0.8,5.5,13.5,10.9,7.2,62.1,22.8
03785,2.2,9.7,35.2,27.7,8.3,16.9,7.5
03801,1.0,1.8,16.1,12.5,6.0,62.7,24.0
03809,0.0,6.0,29.8,18.5,24.4,21.3,11.4
03810,0.0,3.8,26.1,15.9,17.1,37.1,9.0
03811,1.3,2.5,23.6,23.0,9.1,40.6,15.2
03812,0.0,7.6,43.6,6.2,16.1,26.5,0.3
03813,3.0,7.4,33.1,15.5,11.9,29.1,8.7
03814,1.4,5.4,44.7,18.1,10.5,19.8,3.7
03816,3.0,2.7,21.6,17.1,10.9,44.7,22.2
03817,12.8,6.3,5.3,27.0,7.8,40.8,9.1
03818,1.6,3.6,25.6,17.7,10.2,41.3,13.6
03819,1.2,3.9,33.6,21.6,9.9,29.8,4.7
03820,1.2,3.9,20.3,15.7,11.0,47.9,17.2
03823,0.1,1.7,17.5,14.8,13.2,52.6,25.1
03824,0.8,0.8,6.2,8.5,5.9,77.8,42.3
03825,0.2,2.0,24.6,16.9,8.8,47.5,16.0
03826,0.0,3.0,23.4,19.8,15.1,38.7,12.0
03827,0.5,2.6,22.8,18.1,12.0,44.0,19.8
03830,1.0,3.4,41.6,20.4,20.5,13.0,6.3
03832,1.0,2.6,16.3,21.2,6.1,52.9,11.9
03833,1.2,2.6,19.4,15.1,8.1,53.7,22.0
03835,2.1,8.1,34.8,24.5,14.1,16.5,3.3
03836,1.1,2.3,29.1,15.0,14.6,37.9,13.6
03837,4.5,5.8,21.8,22.1,11.6,34.1,10.4
03838,0.0,1.3,24.3,22.3,9.0,43.1,24.8
03839,1.0,5.5,33.2,20.8,14.0,25.4,9.7
03840,0.2,1.3,21.0,18.4,8.8,50.2,14.7
03841,0.9,1.7,29.7,21.7,7.3,38.8,14.6
03842,0.5,3.7,23.8,16.0,10.9,45.1,16.8
03844,0.3,2.6,21.9,10.8,11.6,52.9,19.1
03845,3.3,0.0,40.0,10.4,10.9,35.4,24.1
03846,0.0,0.2,22.6,15.5,3.0,58.7,30.8
03847,0.0,0.0,,7.7,3.4,88.8,20.0
03848,2.0,6.1,26.1,28.8,6.7,30.3,8.7
03849,0.0,3.2,30.4,25.3,8.8,32.3,17.3
03850,0.0,0.0,49.4,17.6,18.8,14.1,0.0
03851,2.4,5.3,39.4,20.5,10.5,21.9,7.9
03852,0.0,8.1,49.7,12.8,3.8,25.6,0.0
03853,0.0,1.5,8.6,29.3,8.0,52.6,23.6
03854,1.8,0.6,5.5,8.6,11.0,72.4,30.5
03855,3.0,3.2,27.8,18.1,16.0,31.9,8.7
03856,1.6,2.6,14.7,11.7,6.3,63.2,27.4
03857,1.0,2.2,17.1,19.8,10.1,49.7,15.3
03858,1.5,2.7,33.1,18.1,8.1,36.5,12.1
03860,2.4,2.2,25.3,29.9,3.4,36.7,16.3
03861,1.1,2.9,18.1,17.5,5.1,55.2,30.6
03862,3.3,1.8,17.4,16.1,6.7,54.7,24.1
03864,1.2,6.7,33.4,18.1,20.8,19.8,5.6
03865,1.1,1.4,35.9,15.6,14.6,31.4,12.3
03867,4.2,4.7,34.8,20.2,12.3,23.7,6.1
03868,2.8,2.1,34.6,23.4,10.8,26.3,6.9
03869,2.8,1.1,32.8,19.2,10.2,33.9,11.2
03870,0.7,2.6,14.9,12.6,7.4,61.8,21.6
03871,0.0,0.0,5.2,13.5,5.2,76.0,30.2
03872,1.1,1.9,27.7,21.0,15.5,32.9,16.2
03873,0.8,6.0,22.6,25.0,14.5,31.1,13.8
03874,3.6,5.9,43.3,14.2,10.5,22.4,6.4
03875,3.5,3.3,31.2,24.5,7.4,30.1,7.9
03878,1.7,5.2,27.8,25.3,14.8,25.2,6.9
03882,1.3,3.5,52.2,16.0,7.9,19.2,9.5
03883,5.6,1.9,19.0,9.4,12.3,51.7,28.7
03884,7.5,2.7,20.7,14.5,16.3,38.3,10.4
03885,1.3,1.9,16.3,14.8,4.9,60.7,26.8
03886,0.0,3.8,39.3,23.6,7.9,25.3,1.4
03887,0.9,8.9,44.4,20.8,10.2,14.8,3.8
03890,0.0,0.0,33.9,38.7,,27.4,0.0
03894,0.0,4.8,21.8,16.4,13.2,43.8,22.4
03897,0.0,0.0,,6.1,6.1,87.9,51.5
03901,1.0,4.8,32.0,14.8,13.4,34.0,11.2
03902,0.0,0.0,17.7,17.4,13.4,51.5,22.3
03903,1.2,1.1,30.0,18.9,9.2,39.5,16.0
03904,0.8,2.0,24.8,22.8,9.6,40.0,14.4
03905,0.0,1.3,21.8,11.0,6.3,59.6,35.7
03906,1.8,5.8,34.4,20.1,10.4,27.6,6.8
03907,0.6,0.8,16.2,18.0,8.8,55.5,16.1
03908,1.4,2.0,18.1,24.8,15.1,38.5,14.7
03909,0.5,1.1,20.3,17.7,8.7,51.7,19.2
03910,0.0,0.0,100.0,,,,0.0
03911,0.0,0.0,62.9,6.1,,31.0,0.0
04001,0.9,5.0,27.0,20.6,15.8,30.7,9.0
04002,2.4,7.2,44.1,20.6,9.3,16.4,5.6
04003,0.0,0.0,43.1,14.9,9.6,32.4,5.9
04005,2.3,3.5,34.0,22.1,11.3,26.8,9.2
04006,0.0,0.0,,,,100.0,18.5
04008,0.3,5.2,43.9,13.5,0.6,36.5,15.4
04009,1.7,6.8,24.8,15.9,14.1,36.6,12.2
04010,0.8,6.7,43.9,14.2,10.4,23.9,6.3
04011,1.6,3.9,20.5,16.5,6.5,50.9,24.6
04015,1.9,4.2,36.2,16.4,7.8,33.4,14.8
04017,0.0,3.9,22.2,12.2,7.8,53.9,29.8
04019,0.0,8.5,12.8,,,78.7,53.2
04020,0.8,8.5,36.7,16.9,18.2,18.9,6.0
04021,1.0,2.1,12.1,11.3,9.1,64.4,34.9
04022,0.5,3.9,36.0,20.9,11.7,26.9,9.9
04024,2.6,9.6,37.5,23.0,16.4,11.0,4.2
04027,3.9,7.6,25.8,35.9,15.3,11.6,4.1
04029,2.6,9.8,32.0,22.7,9.6,23.2,11.0
04030,0.1,5.5,17.2,23.2,16.0,37.9,10.3
04032,2.7,1.2,21.2,11.6,8.6,54.7,27.3
04037,2.7,6.3,40.7,17.5,11.8,21.0,9.3
04038,1.4,3.6,22.6,18.2,10.2,44.0,13.5
04039,1.4,3.8,28.2,20.4,6.0,40.1,9.6
04040,1.6,6.9,45.0,13.1,9.1,24.3,8.6
04041,2.6,6.2,42.8,16.2,12.7,19.6,6.2
04042,6.0,3.4,28.2,21.7,13.9,26.9,5.3
04043,0.5,1.8,22.3,24.0,6.2,45.2,22.0
04046,1.1,1.7,29.0,18.2,9.7,40.4,15.6
04047,3.3,11.0,31.2,19.0,10.0,25.4,8.4
04048,2.1,5.0,36.9,19.9,15.1,21.0,7.7
04049,0.3,3.7,47.7,17.1,10.4,20.8,4.3
04050,0.0,3.5,17.9,18.9,8.0,51.7,16.9
04051,0.0,6.0,30.5,20.6,6.9,36.0,14.9
04055,0.0,2.5,34.3,15.8,18.5,28.9,14.1
04056,0.0,5.1,39.7,28.2,7.7,19.2,14.1
04057,0.0,0.0,3.9,70.2,26.0,,0.0
04061,2.8,6.0,31.4,30.1,11.2,18.5,3.9
04062,0.9,1.9,25.9,18.8,13.6,38.9,8.9
04063,0.0,1.6,12.0,20.1,1.5,64.8,31.3
04064,1.7,2.8,23.9,17.1,14.8,39.6,15.3
04066,0.0,0.0,13.0,45.3,,41.8,24.4
04068,0.3,6.1,53.3,21.2,6.0,13.1,3.5
04069,0.9,3.4,23.4,19.2,9.5,43.7,14.2
04071,0.3,0.9,24.2,15.1,11.1,48.4,17.7
04072,1.6,3.9,24.2,19.6,9.9,40.7,15.9
04073,2.2,7.5,39.9,18.7,13.0,18.7,5.2
04074,0.3,1.7,18.3,15.9,8.6,55.2,20.9
04076,1.5,6.1,36.5,28.1,10.8,16.9,6.1
