Zip Code,Vacant Housing Units,Occupied Housing Units,Owner Occupied,Renter Occupied,Owner Occupied Household Size,Renter Occupied Household Size,Vehicles Available,No Vehicles Available,With Mortgage,Without Mortgage
00601,1909,5397,3553,1844,3.09,3.29,5397,775,540,3013
00602,4453,12858,9782,3076,3.05,2.6,12858,1600,1876,7906
00603,5476,19295,11254,8041,2.56,2.4,19295,3397,3487,7767
00606,818,1968,1440,528,2.93,2.86,1968,265,193,1247
00610,3560,8934,6452,2482,3.05,2.57,8934,973,1902,4550
00611,180,514,310,204,2.33,2.75,514,50,107,203
00612,6961,23319,14466,8853,2.82,2.56,23319,3410,5687,8779
00616,1226,3342,2366,976,3.17,2.73,3342,340,709,1657
00617,2058,7820,5707,2113,2.83,3.13,7820,715,2069,3638
00622,5606,2789,2052,737,2.97,2.16,2789,221,414,1638
00623,6574,13933,10137,3796,2.89,2.72,13933,1804,4171,5966
00624,1904,7194,5033,2161,3.08,2.95,7194,899,1520,3513
00627,2704,11367,8659,2708,2.89,2.86,11367,1221,2357,6302
00631,189,396,248,148,2.89,2.58,396,129,28,220
00636,29,296,202,94,3.62,4.7,296,0,104,98
00637,3984,7005,5550,1455,3.22,3.42,7005,793,1549,4001
00638,1898,6032,4487,1545,3.03,2.65,6032,814,1106,3381
00641,2709,8724,5299,3425,2.98,2.63,8724,1610,1501,3798
00646,3970,11863,9393,2470,3.11,2.77,11863,1253,3498,5895
00647,1615,1927,1431,496,2.51,3.21,1927,174,111,1320
00650,880,5157,3611,1546,2.7,2.93,5157,680,1450,2161
00652,314,1250,952,298,2.52,2.38,1250,74,364,588
00653,2303,3591,2447,1144,2.47,2.6,3591,437,331,2116
00656,1896,6513,4712,1801,2.85,2.86,6513,978,886,3826
00659,3308,13214,9540,3674,2.91,2.63,13214,1207,3114,6426
00660,1344,6220,4440,1780,2.56,2.32,6220,992,1765,2675
00662,4976,13974,8353,5621,2.91,2.82,13974,1771,2736,5617
00664,1197,5120,3104,2016,3.03,2.83,5120,815,763,2341
00667,4273,7849,5367,2482,2.94,3.15,7849,1233,1391,3976
00669,2428,9745,6441,3304,2.82,2.83,9745,1277,1374,5067
00670,1340,2639,2016,623,3.37,2.95,2639,380,390,1626
00674,4051,14437,10708,3729,2.67,2.88,14437,2681,4051,6657
00676,2843,13032,8126,4906,2.91,2.66,13032,1345,2103,6023
00677,3654,5763,3854,1909,2.85,2.2,5763,712,798,3056
00678,2378,8985,6081,2904,3.04,2.49,8985,1300,1683,4398
00680,7497,17636,9967,7669,2.51,2.25,17636,3856,2324,7643
00682,4132,11916,6124,5792,2.57,2.72,11916,2443,1693,4431
00683,4086,10721,7343,3378,2.69,2.76,10721,1882,1632,5711
00685,4516,14152,9817,4335,2.83,2.81,14152,1618,2705,7112
00687,2281,9654,6780,2874,3.07,2.84,9654,1281,2396,4384
00688,1097,4066,2547,1519,2.93,2.4,4066,523,712,1835
00690,418,2187,1563,624,2.87,2.76,2187,198,758,805
00692,3637,11537,7873,3664,2.9,2.84,11537,1673,3144,4729
00693,5017,20194,15510,4684,2.78,2.7,20194,2606,5173,10337
00694,41,28,28,0,3.07,,28,0,,28
00698,5814,11647,8745,2902,2.91,2.88,11647,1408,2033,6712
00703,2025,9057,5853,3204,2.91,2.44,9057,1251,1551,4302
00704,1050,2543,1975,568,2.82,2.75,2543,380,814,1161
00705,1064,8683,6814,1869,2.8,2.84,8683,1135,2062,4752
00707,1153,3845,2798,1047,2.65,3.04,3845,651,716,2082
00714,2079,6147,4685,1462,2.51,3.0,6147,793,1382,3303
00715,212,801,670,131,2.54,2.24,801,110,47,623
00716,2266,11125,7395,3730,2.46,2.47,11125,1988,2538,4857
00717,2549,6398,3117,3281,2.26,2.2,6398,1742,1142,1975
00718,3087,8105,5862,2243,2.84,2.99,8105,881,1936,3926
00719,2163,8456,5508,2948,3.7,3.09,8456,1473,1823,3685
00720,1875,6495,4476,2019,3.22,3.03,6495,1113,802,3674
00723,2486,5882,4213,1669,2.88,2.48,5882,1036,1340,2873
00725,6028,29994,19457,10537,2.63,2.57,29994,4655,8805,10652
00727,3547,19267,13624,5643,2.78,2.59,19267,1962,7134,6490
00728,2605,13021,10394,2627,2.87,2.85,13021,1488,3257,7137
00729,3260,16529,12249,4280,2.92,2.89,16529,1622,5221,7028
00730,3754,12806,8279,4527,2.57,2.53,12806,2852,2240,6039
00731,1555,3933,3011,922,2.87,2.67,3933,754,238,2773
00735,3164,4129,3020,1109,2.8,2.83,4129,603,1290,1730
00736,3947,17400,10856,6544,2.69,2.56,17400,2976,4454,6402
00738,5902,11564,8039,3525,2.6,2.68,11564,1737,3550,4489
00739,2377,11792,7559,4233,3.0,2.9,11792,1552,2658,4901
00740,306,643,330,313,2.69,3.61,643,79,69,261
00741,614,1394,1146,248,2.73,3.01,1394,135,442,704
00745,7142,15803,11608,4195,3.02,3.0,15803,1978,5386,6222
00751,2310,7538,5794,1744,2.6,2.68,7538,1116,1343,4451
00754,2364,13248,9749,3499,2.9,2.47,13248,2256,2652,7097
00757,1842,7203,5660,1543,2.86,2.7,7203,877,2310,3350
00765,2593,2374,1670,704,3.33,3.91,2374,361,227,1443
00766,1650,7873,5798,2075,2.88,2.7,7873,962,1190,4608
00767,2609,12011,8356,3655,2.63,2.56,12011,1822,2006,6350
00769,3088,12975,9877,3098,2.75,2.55,12975,1799,3161,6716
00771,2948,11857,9203,2654,2.89,3.1,11857,1130,3675,5528
00772,2387,6580,4093,2487,2.66,2.91,6580,1647,824,3269
00773,3608,6803,4743,2060,2.58,2.73,6803,857,1959,2784
00775,975,489,312,177,2.79,2.38,489,84,40,272
00777,2850,13352,9654,3698,2.95,2.6,13352,1273,4741,4913
00778,2561,14448,10954,3494,2.8,2.87,14448,1472,5606,5348
00780,697,4443,3923,520,2.87,3.2,4443,496,2026,1897
00782,1878,5130,2464,2666,4.2,3.11,5130,988,761,1703
00783,2362,10531,7692,2839,3.23,3.27,10531,1579,2432,5260
00784,3752,13947,9654,4293,2.46,2.47,13947,2176,3101,6553
00786,24,81,81,0,1.86,,81,63,,81
00791,8105,16356,11814,4542,2.88,2.86,16356,2216,3897,7917
00794,1994,8731,5677,3054,3.31,3.08,8731,894,2026,3651
00795,3082,14486,10817,3669,3.09,2.72,14486,2028,3527,7290
00901,1099,3133,1351,1782,2.23,1.98,3133,1227,719,632
00906,60,91,91,0,1.88,,91,0,69,22
00907,4622,8334,5150,3184,2.15,1.72,8334,1468,2373,2777
00909,1105,2239,969,1270,2.07,2.3,2239,606,411,558
00911,1758,3656,1811,1845,2.12,1.82,3656,912,1020,791
00912,964,2691,1526,1165,2.22,2.08,2691,416,825,701
00913,765,3040,532,2508,2.12,2.53,3040,1696,243,289
00915,4637,10602,4458,6144,2.36,2.45,10602,3978,1271,3187
00917,3370,8100,3996,4104,2.36,2.14,8100,2791,1548,2448
00918,2484,7633,3601,4032,2.11,1.93,7633,1886,2070,1531
00920,1924,6911,3796,3115,2.57,2.4,6911,1180,2060,1736
00921,3585,13552,6643,6909,2.39,2.27,13552,2930,3802,2841
00923,3489,10278,4594,5684,2.57,2.4,10278,3266,1936,2658
00924,4810,19048,10031,9017,2.52,2.41,19048,4198,4952,5079
00925,2095,2964,727,2237,2.18,1.67,2964,1326,379,348
00926,8384,35788,26242,9546,2.7,2.38,35788,4595,13026,13216
00927,1382,5936,3241,2695,2.45,2.08,5936,722,1441,1800
00934,18,27,,27,,4.59,27,0,,
00949,5945,25663,19452,6211,2.75,2.57,25663,1798,8861,10591
00950,,,,0,,,,0,,
00951,46,149,64,85,2.55,1.94,149,46,36,28
00952,1013,2842,1861,981,2.86,2.42,2842,552,448,1413
00953,4185,21990,17748,4242,3.09,2.91,21990,1535,9562,8186
00956,6777,23846,16725,7121,2.69,2.63,23846,2776,7537,9188
00957,3149,14799,10691,4108,2.7,2.93,14799,2050,4940,5751
00959,4352,17329,11228,6101,2.78,2.62,17329,2294,6016,5212
00960,,,,0,,,,0,,
00961,1835,11292,7563,3729,2.81,2.52,11292,1458,3744,3819
00962,1882,7567,4235,3332,2.64,2.66,7567,2138,1392,2843
00965,786,1888,1139,749,2.64,3.06,1888,441,225,914
00966,1738,5976,4361,1615,2.67,2.45,5976,727,2365,1996
00968,343,1775,1304,471,2.26,1.56,1775,327,608,696
00969,2913,14577,11021,3556,2.9,2.82,14577,1228,6304,4717
00971,2950,9104,6132,2972,3.04,2.72,9104,1064,1850,4282
00976,4535,22179,15742,6437,2.88,2.44,22179,2176,7909,7833
00979,3434,8548,5584,2964,2.15,1.8,8548,858,2791,2793
00982,1655,5804,3767,2037,2.41,2.48,5804,729,1897,1870
00983,3402,12664,8462,4202,2.68,2.38,12664,1479,4916,3546
00985,2284,12105,8506,3599,2.62,2.71,12105,1939,4078,4428
00987,3759,20202,15017,5185,2.74,2.62,20202,1905,8264,6753
01001,278,6791,4936,1855,2.48,1.84,6791,695,3023,1913
01002,1316,9985,4763,5222,2.48,2.3,9985,1314,2615,2148
01003,69,15,,15,,2.13,15,0,,
01005,222,1761,1711,50,2.66,3.54,1761,18,1280,431
01007,320,5917,4964,953,2.74,1.77,5917,254,3450,1514
01008,111,506,474,32,2.33,2.03,506,3,344,130
01009,66,333,295,38,2.39,2.47,333,49,250,45
01010,195,1503,1336,167,2.54,1.87,1503,25,902,434
01011,153,498,393,105,2.5,3.18,498,18,268,125
01012,52,227,180,47,2.23,2.17,227,16,108,72
01013,973,9375,4753,4622,2.51,2.2,9375,1375,3100,1653
01020,564,13400,8221,5179,2.39,2.12,13400,1239,4858,3363
01022,16,1082,762,320,1.45,2.29,1082,33,503,259
01026,105,454,369,85,2.51,1.72,454,20,192,177
01027,526,8451,5456,2995,2.33,1.64,8451,523,3499,1957
01028,277,6017,5094,923,2.85,1.6,6017,470,3330,1764
01029,767,228,199,29,2.21,2.45,228,0,114,85
01030,179,4994,3987,1007,2.74,1.68,4994,263,2906,1081
01031,51,608,361,247,2.76,2.34,608,46,256,105
01032,119,198,180,18,2.24,1.5,198,7,111,69
01033,88,2530,2206,324,2.57,1.33,2530,99,1624,582
01034,369,830,779,51,2.41,2.22,830,4,530,249
01035,52,2254,1724,530,2.39,1.98,2254,100,983,741
01036,102,2016,1906,110,2.45,2.1,2016,55,1101,805
01037,17,257,225,32,2.16,4.16,257,0,45,180
01038,39,1111,821,290,2.51,1.83,1111,67,460,361
01039,12,709,580,129,2.49,1.76,709,15,356,224
01040,1669,15062,5962,9100,2.57,2.42,15062,3111,3878,2084
01050,163,1072,878,194,2.48,2.13,1072,28,549,329
01053,36,712,561,151,2.46,1.19,712,57,388,173
01054,68,708,623,85,2.46,2.86,708,7,332,291
01056,433,8567,6339,2228,2.46,2.06,8567,448,3911,2428
01057,241,3485,2884,601,2.46,1.88,3485,156,1863,1021
01060,433,7060,3311,3749,2.33,1.79,7060,912,2004,1307
01062,312,4162,3121,1041,2.47,1.69,4162,273,1987,1134
01063,18,5,,5,,,5,0,,
01066,30,34,34,0,1.5,,34,0,8,26
01068,42,625,575,50,2.53,3.14,625,12,365,210
01069,184,3732,2755,977,2.45,2.06,3732,259,1714,1041
01070,84,258,225,33,2.48,1.79,258,0,136,89
01071,80,518,465,53,2.5,2.15,518,0,279,186
01072,122,609,541,68,2.24,2.4,609,24,372,169
01073,38,2318,2085,233,2.79,1.47,2318,17,1271,814
01074,93,157,41,116,2.24,4.24,157,41,23,18
01075,313,7328,5680,1648,2.23,1.77,7328,323,3528,2152
01077,290,3648,3052,596,2.58,2.32,3648,126,1854,1198
01079,,237,161,76,2.55,1.45,237,39,99,62
01080,43,895,571,324,2.51,2.6,895,73,353,218
01081,156,708,634,74,2.5,2.24,708,3,451,183
01082,537,4689,3203,1486,2.36,1.94,4689,490,2074,1129
01083,76,934,594,340,3.42,1.97,934,150,503,91
01084,42,44,35,9,2.23,2.56,44,0,16,19
01085,836,15608,10339,5269,2.62,2.16,15608,1107,6383,3956
01088,9,345,188,157,1.43,2.52,345,7,69,119
01089,350,12734,7187,5547,2.59,1.82,12734,1318,4673,2514
01092,89,532,274,258,2.66,1.99,532,23,251,23
01093,,70,62,8,2.13,3.13,70,0,46,16
01094,,31,31,0,2.26,,31,0,7,24
01095,255,5417,4865,552,2.78,1.55,5417,128,3240,1625
01096,132,1058,897,161,2.4,1.61,1058,46,552,345
01097,,26,15,11,3.53,,26,0,15,
01098,139,510,474,36,2.1,1.25,510,16,270,204
01103,206,1434,134,1300,1.51,1.46,1434,587,63,71
01104,626,9208,4333,4875,2.66,2.37,9208,2163,3228,1105
01105,522,5206,458,4748,1.81,2.36,5206,2332,216,242
01106,232,6015,5411,604,2.65,2.06,6015,194,3623,1788
01107,474,4234,1289,2945,2.9,2.88,4234,1375,877,412
01108,1061,10213,4237,5976,2.71,2.45,10213,1813,3172,1065
01109,1199,9506,3970,5536,3.21,2.7,9506,2126,2745,1225
01118,137,5785,4610,1175,2.49,2.99,5785,393,3550,1060
01119,258,5230,3705,1525,2.45,2.35,5230,582,2428,1277
01128,,1136,1055,81,2.84,2.96,1136,16,766,289
01129,81,2523,1961,562,2.39,2.07,2523,158,1270,691
01144,,,,0,,,,0,,
01151,271,3664,1771,1893,2.37,2.87,3664,438,1114,657
01201,2624,19952,12672,7280,2.38,1.94,19952,2963,8109,4563
01220,491,3948,2273,1675,2.26,1.79,3948,563,1229,1044
01222,8,289,267,22,2.63,2.32,289,10,172,95
01223,960,1223,1132,91,2.14,2.57,1223,16,671,461
01224,29,80,67,13,2.19,3.0,80,0,51,16
01225,150,1509,1329,180,2.24,1.51,1509,56,785,544
01226,150,2907,2153,754,2.31,1.71,2907,54,1347,806
01229,30,88,60,28,1.9,,88,0,23,37
01230,1420,3793,2842,951,2.3,1.76,3793,219,1778,1064
01235,360,1104,893,211,2.47,1.91,1104,33,531,362
01236,175,704,543,161,2.29,2.11,704,66,288,255
01237,441,1019,948,71,2.35,1.3,1019,7,564,384
01238,428,2292,1765,527,2.4,2.24,2292,93,1126,639
01240,897,2158,1337,821,2.47,1.52,2158,236,788,549
01242,47,93,93,0,2.95,,93,0,93,
01243,40,80,80,0,2.04,,80,0,47,33
01244,64,68,55,13,2.18,3.38,68,3,33,22
01245,448,355,339,16,2.12,1.19,355,0,128,211
01247,1124,6527,4061,2466,2.3,2.06,6527,718,2467,1594
01253,253,434,366,68,2.12,1.51,434,2,213,153
01254,150,440,430,10,2.27,1.8,440,2,196,234
01255,305,309,304,5,2.64,2.8,309,14,175,129
01256,74,330,315,15,2.1,3.07,330,7,186,129
01257,255,1013,778,235,2.24,1.19,1013,58,540,238
01258,76,77,73,4,2.12,1.5,77,5,40,33
01259,172,292,257,35,2.38,3.09,292,0,143,114
01260,,81,81,0,4.09,,81,0,81,
01262,790,688,439,249,2.36,1.61,688,31,153,286
01264,64,100,74,26,2.26,2.04,100,0,20,54
01266,395,421,357,64,2.13,2.44,421,1,224,133
01267,780,2541,1952,589,2.33,1.58,2541,180,1040,912
01270,34,372,372,0,2.55,,372,0,278,94
01301,487,8190,4607,3583,2.27,1.9,8190,1145,2988,1619
01330,119,704,586,118,2.31,1.56,704,35,359,227
01331,685,5450,3984,1466,2.78,1.81,5450,675,2782,1202
01337,149,1007,835,172,2.59,1.91,1007,30,577,258
01338,,63,60,3,1.48,2.67,63,0,14,46
01339,197,627,552,75,2.34,2.29,627,18,289,263
01340,248,797,669,128,2.28,2.3,797,13,394,275
01341,48,730,614,116,2.29,2.15,730,3,335,279
01342,85,343,258,85,2.45,3.26,343,19,161,97
01343,3,60,48,12,2.21,3.83,60,7,36,12
01344,100,681,535,146,2.66,1.87,681,45,411,124
01346,135,180,171,9,2.33,,180,2,133,38
01347,21,96,42,54,2.17,2.15,96,0,12,30
01349,47,327,244,83,2.34,1.73,327,10,151,93
01350,15,52,40,12,1.95,3.0,52,0,19,21
01351,31,1046,805,241,2.84,1.81,1046,27,511,294
01354,28,602,472,130,2.51,2.23,602,11,320,152
01355,47,413,360,53,2.41,2.68,413,0,249,111
01360,169,1213,1019,194,2.45,1.93,1213,69,659,360
01364,456,3021,2096,925,2.75,2.02,3021,318,1288,808
01366,80,458,414,44,2.34,2.18,458,29,236,178
01367,87,178,161,17,2.63,2.94,178,2,82,79
01368,59,551,485,66,2.72,2.12,551,17,320,165
01370,220,1694,1189,505,2.34,1.71,1694,72,651,538
01373,141,2355,1827,528,2.26,1.78,2355,220,1123,704
01375,147,1666,727,939,2.38,2.01,1666,93,435,292
01376,244,2312,1276,1036,2.26,1.89,2312,420,826,450
01378,69,319,297,22,2.4,2.18,319,2,168,129
01379,35,381,311,70,2.18,1.9,381,4,190,121
01380,9,14,14,0,3.36,,14,0,,14
01420,1299,16383,9189,7194,2.52,2.35,16383,2091,6532,2657
01430,543,2141,2014,127,2.73,4.75,2141,35,1495,519
01431,53,1297,1208,89,2.47,2.34,1297,0,836,372
01432,198,3560,2416,1144,2.42,1.82,3560,116,1817,599
01434,,315,315,0,3.41,,315,0,315,
01436,82,1262,977,285,2.89,2.44,1262,17,829,148
01438,,124,102,22,3.2,1.59,124,0,102,
01440,790,8904,5088,3816,2.39,2.07,8904,799,3211,1877
01450,163,3820,3353,467,3.09,1.51,3820,179,2515,838
01451,108,1668,1582,86,3.07,1.74,1668,7,1066,516
01452,45,1586,1444,142,2.79,2.13,1586,42,970,474
01453,765,17896,11363,6533,2.61,2.06,17896,1827,7696,3667
01460,204,3504,3043,461,2.94,2.12,3504,29,2089,954
01462,253,4447,3598,849,2.69,2.3,4447,149,2442,1156
01463,162,4370,3583,787,2.83,1.9,4370,142,2855,728
01464,96,2345,1831,514,2.67,2.04,2345,68,1331,500
01468,85,1622,1452,170,2.58,1.88,1622,51,913,539
01469,49,2831,2317,514,2.76,2.09,2831,62,1641,676
01473,285,3122,2774,348,2.69,1.96,3122,26,1949,825
01474,9,680,626,54,2.35,3.59,680,30,493,133
01475,405,3726,2734,992,2.89,2.24,3726,341,2076,658
01501,250,6534,5642,892,2.67,1.64,6534,364,3785,1857
01503,47,1311,1095,216,2.75,1.44,1311,26,597,498
01504,148,3874,2953,921,2.56,1.73,3874,202,2043,910
01505,49,1834,1487,347,2.74,2.09,1834,41,1052,435
01506,26,1395,1215,180,2.53,1.93,1395,28,784,431
01507,327,4776,3885,891,2.96,1.89,4776,225,2844,1041
01510,394,6455,3523,2932,2.5,2.17,6455,289,2423,1100
01515,157,835,649,186,2.54,2.1,835,43,432,217
01516,196,3179,2646,533,3.07,2.0,3179,103,2140,506
01518,,1280,927,353,2.71,2.22,1280,49,722,205
01519,25,2652,1924,728,2.99,2.48,2652,114,1570,354
01520,27,6021,5185,836,2.89,1.89,6021,163,3799,1386
01521,370,1106,999,107,2.41,1.69,1106,24,746,253
01522,65,1159,998,161,2.61,1.9,1159,35,649,349
01523,86,2801,2271,530,2.58,2.16,2801,108,1711,560
01524,157,2180,1856,324,2.84,1.98,2180,118,1259,597
01525,,31,,31,,,31,0,,
01527,307,5165,3786,1379,2.79,2.26,5165,325,2772,1014
01529,60,1275,1088,187,2.49,2.4,1275,48,755,333
01531,16,430,359,71,2.56,1.89,430,14,222,137
01532,161,5662,4696,966,2.82,2.24,5662,183,3593,1103
01534,143,2367,1917,450,2.65,2.08,2367,141,1438,479
01535,175,1883,1307,576,2.72,2.07,1883,34,839,468
01536,141,2914,2208,706,2.54,1.81,2914,300,1649,559
01537,56,781,532,249,2.58,1.59,781,17,405,127
01540,348,3988,3338,650,3.11,1.69,3988,168,2748,590
01541,71,1298,1229,69,2.71,1.93,1298,16,776,453
01542,46,992,878,114,2.67,2.36,992,13,692,186
01543,292,3052,2605,447,3.11,1.93,3052,127,2023,582
01545,915,13808,10358,3450,2.95,2.19,13808,596,7289,3069
01550,558,7094,3270,3824,2.64,2.31,7094,1160,2121,1149
01560,88,1902,1209,693,2.8,1.98,1902,59,1003,206
01561,49,17,17,0,4.06,,17,0,17,
01562,596,5186,3331,1855,2.53,1.87,5186,480,2045,1286
01564,53,3248,2866,382,2.46,2.1,3248,93,2082,784
01566,357,2610,2303,307,2.55,2.03,2610,48,1520,783
01568,137,2651,2365,286,3.0,2.43,2651,15,1671,694
01569,371,5327,4396,931,2.76,1.9,5327,204,3157,1239
01570,975,7414,4431,2983,2.45,2.17,7414,749,3153,1278
01571,121,4199,2800,1399,2.67,2.3,4199,467,2060,740
01581,425,7980,4852,3128,2.86,2.2,7980,522,3208,1644
01583,87,2784,2280,504,2.43,2.06,2784,116,1513,767
01585,222,1968,1582,386,2.51,1.87,1968,96,1062,520
01588,167,4005,2450,1555,2.81,2.07,4005,237,1908,542
01590,64,3332,2915,417,2.83,2.28,3332,99,1863,1052
01602,523,10527,6481,4046,2.55,2.12,10527,1116,4403,2078
01603,609,7496,3635,3861,2.87,2.33,7496,1441,2584,1051
01604,1433,16869,7403,9466,2.52,2.31,16869,2101,5411,1992
01605,926,11626,3335,8291,2.64,2.47,11626,2108,2201,1134
01606,595,9198,5995,3203,2.54,2.24,9198,669,4067,1928
01607,286,3916,1426,2490,2.17,2.3,3916,761,1039,387
01608,369,1945,147,1798,2.96,2.34,1945,442,87,60
01609,755,8439,3547,4892,2.6,1.85,8439,1948,2204,1343
01610,975,8866,1524,7342,2.37,2.32,8866,2785,886,638
01611,66,783,609,174,3.01,2.16,783,44,412,197
01612,65,1588,1445,143,2.85,1.27,1588,28,1035,410
01701,374,13189,10311,2878,2.56,2.21,13189,748,7136,3175
01702,650,14810,5150,9660,2.71,2.32,14810,2099,3759,1391
01718,,228,156,72,2.95,4.26,228,0,142,14
01719,74,2180,1637,543,2.7,1.93,2180,39,1121,516
01720,212,8678,6213,2465,2.84,2.16,8678,354,4494,1719
01721,403,7587,5792,1795,2.47,2.37,7587,357,3951,1841
01730,243,5540,3914,1626,2.73,1.98,5540,289,2446,1468
01731,,478,,478,,3.87,478,0,,
01740,152,1853,1743,110,3.07,2.12,1853,9,1261,482
01741,101,1800,1675,125,3.02,1.31,1800,0,1049,626
01742,429,6357,4745,1612,2.9,1.96,6357,315,2888,1857
01745,,215,147,68,2.53,2.44,215,0,119,28
01746,132,5354,4828,526,2.78,1.76,5354,210,3275,1553
01747,53,2116,1673,443,3.03,1.94,2116,166,1053,620
01748,368,6556,5722,834,2.94,1.94,6556,59,4516,1206
01749,444,8035,5795,2240,2.64,2.1,8035,427,3532,2263
01752,1129,17147,9877,7270,2.58,2.13,17147,1449,6897,2980
01754,246,4269,3369,900,2.68,1.81,4269,153,2433,936
01756,113,2076,1895,181,2.97,3.08,2076,43,1388,507
01757,541,11487,8127,3360,2.66,2.52,11487,804,5939,2188
01760,524,15153,10195,4958,2.61,1.9,15153,868,6798,3397
01770,115,1515,1418,97,3.03,1.08,1515,11,1045,373
01772,53,3364,3099,265,2.98,1.82,3364,62,2049,1050
01773,100,2123,1599,524,2.52,2.15,2123,168,838,761
01775,,2646,2262,384,2.83,1.89,2646,29,1808,454
01776,120,6208,5750,458,3.12,1.78,6208,171,4096,1654
01778,260,4838,4408,430,2.98,2.0,4838,174,2985,1423
01801,856,16292,9528,6764,2.62,2.32,16292,1245,6508,3020
01803,510,10093,7547,2546,2.71,2.21,10093,344,4608,2939
01810,531,13235,10774,2461,2.76,2.02,13235,418,7717,3057
01821,238,11664,9240,2424,2.87,2.05,11664,417,6618,2622
01824,352,9915,8276,1639,2.87,1.65,9915,355,5914,2362
01826,315,12350,9943,2407,2.7,2.26,12350,566,6888,3055
01827,12,1136,1068,68,2.99,2.65,1136,4,800,268
01830,468,10759,5659,5100,2.66,2.28,10759,1433,4167,1492
01832,422,9915,5585,4330,2.6,2.51,9915,879,4128,1457
01833,52,3185,2470,715,2.88,1.72,3185,163,1960,510
01834,15,2532,2320,212,2.72,2.07,2532,47,1811,509
01835,179,5434,3971,1463,2.7,2.26,5434,130,2941,1030
01840,124,3068,47,3021,3.3,2.18,3068,1398,36,11
01841,632,17019,5286,11733,3.36,2.94,17019,4119,3956,1330
01843,490,10204,3474,6730,2.99,2.57,10204,1923,2705,769
01844,721,18792,13760,5032,2.89,2.43,18792,942,9969,3791
01845,612,10971,7795,3176,2.88,2.25,10971,670,5541,2254
01850,148,5864,2792,3072,2.72,2.82,5864,651,2081,711
01851,450,11376,4821,6555,3.26,2.52,11376,1541,3564,1257
01852,497,14628,6889,7739,2.57,2.36,14628,2250,4970,1919
01854,749,10417,3786,6631,2.69,2.29,10417,2011,2955,831
01860,84,2589,2066,523,2.59,2.54,2589,66,1273,793
01862,162,3956,3138,818,2.51,2.08,3956,244,2255,883
01863,63,3713,3043,670,2.72,2.05,3713,115,2079,964
01864,43,5848,4763,1085,2.81,1.85,5848,195,3651,1112
01867,263,9297,7968,1329,2.85,2.0,9297,556,5693,2275
01876,196,11903,10068,1835,2.68,1.78,11903,443,7089,2979
01879,157,4053,3450,603,3.23,2.14,4053,84,2602,848
01880,494,10905,7892,3013,2.67,1.89,10905,376,5698,2194
01886,259,8515,7538,977,2.97,2.15,8515,149,5279,2259
01887,233,7756,6627,1129,3.16,1.85,7756,284,4925,1702
01890,150,8149,6703,1446,2.91,2.13,8149,473,4361,2342
01901,143,1194,137,1057,1.31,1.93,1194,522,137,
01902,601,18673,7352,11321,3.17,2.4,18673,3964,5599,1753
01904,221,7044,5601,1443,2.84,2.78,7044,359,4165,1436
01905,382,9339,4341,4998,2.93,2.84,9339,1585,3302,1039
01906,673,10581,8211,2370,2.82,2.13,10581,658,5607,2604
01907,239,6169,4473,1696,2.63,1.95,6169,493,3536,937
01908,154,1678,1395,283,2.03,1.65,1678,28,853,542
01913,296,7326,4918,2408,2.51,1.92,7326,477,3562,1356
01915,507,16363,9750,6613,2.55,1.97,16363,1908,7359,2391
01921,79,2905,2799,106,2.86,2.35,2905,0,2013,786
01922,12,1196,1121,75,3.28,1.43,1196,0,974,147
01923,371,10964,7807,3157,2.69,1.97,10964,607,5392,2415
01929,271,1335,1075,260,2.97,1.74,1335,35,699,376
01930,1614,13168,8261,4907,2.4,1.96,13168,1121,5358,2903
01937,,,,0,,,,0,,
01938,498,5573,4176,1397,2.7,1.67,5573,321,3030,1146
01940,257,4663,4001,662,2.98,1.62,4663,232,2997,1004
01944,197,2080,1575,505,2.92,1.52,2080,13,1205,370
01945,669,8075,6552,1523,2.61,2.11,8075,249,4562,1990
01949,136,3122,2862,260,2.82,1.75,3122,27,1816,1046
01950,590,7537,5806,1731,2.53,1.9,7537,376,3913,1893
01951,547,1337,1153,184,2.16,1.72,1337,0,904,249
01952,1127,3885,3150,735,2.45,1.87,3885,214,2181,969
01960,651,22681,14831,7850,2.54,2.02,22681,2549,9340,5491
01965,,354,336,18,2.53,3.0,354,0,287,49
01966,938,3319,2269,1050,2.26,1.74,3319,212,1324,945
01969,73,2326,1862,464,2.69,2.31,2326,57,1341,521
01970,1211,19699,10183,9516,2.32,2.01,19699,3207,7459,2724
01982,197,2575,2110,465,2.97,2.55,2575,56,1395,715
01983,81,2202,1939,263,3.05,1.75,2202,80,1297,642
01984,30,1291,1128,163,2.81,1.5,1291,59,666,462
01985,174,1591,1476,115,2.86,2.3,1591,29,1053,423
02019,408,6250,4915,1335,2.84,2.22,6250,185,3760,1155
02021,311,9305,7152,2153,2.76,1.89,9305,555,4695,2457
02025,247,3146,2519,627,2.9,1.46,3146,158,1727,792
02026,505,10458,7422,3036,2.46,2.06,10458,758,5087,2335
02030,82,1916,1786,130,3.09,2.91,1916,18,1236,550
02032,87,1522,1268,254,3.47,1.9,1522,93,804,464
02035,166,7289,5148,2141,2.83,1.8,7289,322,3712,1436
02038,388,12118,9693,2425,2.82,1.87,12118,440,7260,2433
02043,347,9252,7621,1631,2.79,1.52,9252,538,5098,2523
02045,1322,4380,3505,875,2.43,1.83,4380,163,2481,1024
02047,272,89,72,17,2.36,,89,0,33,39
02048,286,8707,6515,2192,2.92,2.15,8707,407,4777,1738
02050,1536,10142,8229,1913,2.71,1.79,10142,376,6107,2122
02052,117,4373,3767,606,3.08,1.87,4373,105,2647,1120
02053,57,4812,4192,620,2.94,1.86,4812,254,3154,1038
02054,218,3078,2606,472,2.86,2.07,3078,54,1726,880
02056,144,2967,2836,131,3.17,2.24,2967,27,2283,553
02061,153,3567,3235,332,3.18,2.27,3567,35,2477,758
02062,581,13002,6923,6079,2.62,2.1,13002,1042,4530,2393
02066,507,7412,6496,916,2.56,2.18,7412,240,4326,2170
02067,204,6395,5712,683,2.99,1.98,6395,145,4090,1622
02071,,383,359,24,3.41,,383,0,190,169
02072,531,11277,8458,2819,2.68,2.14,11277,720,5975,2483
02081,330,7251,5846,1405,2.87,2.27,7251,282,4086,1760
02090,312,5424,4658,766,3.16,1.66,5424,221,2901,1757
02093,246,4480,3850,630,2.74,2.01,4480,125,2783,1067
02108,406,1905,893,1012,1.88,1.45,1905,920,416,477
02109,769,1958,781,1177,1.76,1.8,1958,886,568,213
02110,359,1282,809,473,2.02,1.37,1282,460,589,220
02111,1000,3515,973,2542,1.82,1.97,3515,2131,605,368
02113,575,4025,629,3396,1.95,1.61,4025,2336,432,197
02114,1710,7358,1697,5661,2.05,1.59,7358,4291,1061,636
02115,1414,9455,1160,8295,1.6,1.72,9455,6033,555,605
02116,2581,11707,4211,7496,2.03,1.52,11707,5364,2737,1474
02118,1411,13847,3826,10021,1.86,1.83,13847,5288,3116,710
02119,1081,11953,3011,8942,2.5,2.26,11953,4951,2153,858
02120,485,4701,449,4252,2.13,2.69,4701,2364,254,195
02121,1065,10718,2492,8226,2.86,2.75,10718,3947,2024,468
02122,910,9004,3787,5217,2.6,2.6,9004,1794,2812,975
02124,1381,19395,8006,11389,2.97,2.8,19395,5352,6156,1850
02125,1707,12986,4616,8370,2.56,2.41,12986,4087,3456,1160
02126,727,8785,3360,5425,3.06,2.78,8785,2462,2600,760
02127,2092,16799,7467,9332,2.08,2.07,16799,4674,5961,1506
02128,1451,16925,4276,12649,2.46,2.75,16925,5843,2900,1376
02129,453,9278,4508,4770,2.27,2.12,9278,1737,3310,1198
02130,737,17609,7977,9632,2.21,2.29,17609,4933,5978,1999
02131,645,12450,6688,5762,2.74,2.4,12450,1758,4964,1724
02132,595,10941,7737,3204,2.59,1.88,10941,1015,5369,2368
02133,5,,,0,,,,0,,
02134,671,8082,1228,6854,2.42,2.24,8082,3782,728,500
02135,1238,20040,4468,15572,2.15,2.2,20040,6181,2676,1792
02136,450,13929,7425,6504,3.14,2.66,13929,2433,5696,1729
02138,1604,14377,5299,9078,2.09,2.0,14377,4836,2832,2467
02139,882,15263,5235,10028,2.43,2.07,15263,5636,3564,1671
02140,773,9437,3144,6293,2.27,2.04,9437,2023,1968,1176
02141,761,6826,2009,4817,2.1,2.01,6826,2487,1294,715
02142,169,2077,293,1784,1.69,1.84,2077,696,165,128
02143,869,11623,3703,7920,2.25,2.1,11623,2962,2790,913
02144,659,11363,3994,7369,2.25,2.16,11363,2871,2632,1362
02145,634,11349,3976,7373,2.49,2.36,11349,1971,2750,1226
02148,1409,25582,10602,14980,2.8,2.36,25582,4875,7209,3393
02149,873,17091,6356,10735,2.96,2.76,17091,3459,4707,1649
02150,597,13337,3765,9572,3.23,2.83,13337,3625,2730,1035
02151,1828,21663,10998,10665,3.12,2.45,21663,3863,7217,3781
02152,453,8242,4670,3572,2.56,1.97,8242,1032,3087,1583
02155,1488,24771,13502,11269,2.44,2.26,24771,2462,8556,4946
02163,156,403,,403,,1.98,403,308,,
02169,1555,27629,10890,16739,2.56,1.92,27629,4413,7189,3701
02170,371,8001,4173,3828,2.98,1.88,8001,1143,2515,1658
02171,347,8869,4440,4429,2.66,1.79,8869,1088,2767,1673
02176,280,11926,7913,4013,2.78,1.78,11926,808,5542,2371
02180,246,9758,6620,3138,2.57,1.9,9758,617,4512,2108
02184,701,14384,10818,3566,2.88,1.96,14384,1029,7625,3193
02186,454,8797,7199,1598,3.19,2.28,8797,561,5378,1821
02188,285,7085,4302,2783,2.57,1.76,7085,418,2867,1435
02189,229,6194,4114,2080,2.52,2.3,6194,445,3267,847
02190,268,7677,5428,2249,2.42,2.11,7677,463,3827,1601
02191,137,3444,2846,598,2.41,1.55,3444,101,1902,944
02199,323,833,59,774,1.49,1.48,833,323,27,32
02203,,,,0,,,,0,,
02205,,,,0,,,,0,,
02210,978,3016,784,2232,1.96,1.38,3016,1240,608,176
02215,977,7931,703,7228,1.44,1.62,7931,4738,385,318
02301,1307,22928,11337,11591,3.22,2.65,22928,4399,8870,2467
02302,483,12164,8602,3562,3.14,2.34,12164,1411,6758,1844
02322,122,1653,1360,293,3.04,2.03,1653,47,936,424
02324,373,8657,6559,2098,2.8,2.33,8657,227,4338,2221
02325,12,30,4,26,3.75,2.85,30,0,4,
02330,255,4648,4122,526,2.5,2.5,4648,164,2633,1489
02332,380,6092,5449,643,2.69,1.84,6092,201,3503,1946
02333,167,4952,4011,941,3.03,2.3,4952,301,3117,894
02338,86,2930,2738,192,2.66,2.31,2930,203,1930,808
02339,116,4744,4295,449,3.26,1.38,4744,353,3382,913
02341,109,3850,3502,348,2.83,1.37,3850,136,2597,905
02343,167,4695,3775,920,2.53,1.85,4695,220,2829,946
02346,381,9727,7591,2136,2.51,2.19,9727,409,5420,2171
02347,372,4162,3499,663,2.88,2.05,4162,89,2508,991
02350,,70,70,0,2.6,,70,0,45,25
02351,252,6083,4796,1287,3.01,1.87,6083,215,3649,1147
02356,65,4511,3316,1195,2.7,2.15,4511,173,2127,1189
02357,,,,0,,,,0,,
02359,80,6861,5942,919,2.83,1.54,6861,197,4562,1380
02360,3368,24985,20203,4782,2.46,1.95,24985,1140,14134,6069
02364,166,5321,4524,797,2.69,1.5,5321,259,3603,921
02366,,,,0,,,,0,,
02367,178,989,919,70,3.01,2.37,989,19,713,206
02368,398,12167,8129,4038,2.9,2.67,12167,1047,5942,2187
02370,514,6654,5161,1493,2.73,2.34,6654,389,3745,1416
02375,189,4482,3595,887,2.63,2.21,4482,126,2431,1164
02379,119,2726,2317,409,2.86,2.11,2726,66,1713,604
02382,222,5684,4008,1676,2.98,1.86,5684,213,3124,884
02420,169,5374,4851,523,2.87,2.53,5374,109,3269,1582
02421,189,6927,5335,1592,2.83,2.21,6927,393,3409,1926
02445,511,9225,5089,4136,2.4,2.16,9225,2355,2959,2130
02446,937,14278,5623,8655,2.38,2.05,14278,4989,3251,2372
02451,389,7586,4550,3036,2.52,2.1,7586,660,2948,1602
02452,249,5215,2778,2437,2.25,2.25,5215,243,1573,1205
02453,653,12115,5073,7042,2.29,2.19,12115,1003,3321,1752
02457,18,18,18,0,,,18,18,,18
02458,183,4871,3088,1783,2.69,2.24,4871,345,1948,1140
02459,164,6268,5328,940,2.91,2.16,6268,247,3410,1918
02460,259,3776,2362,1414,2.8,2.12,3776,293,1632,730
02461,237,2532,2030,502,2.78,2.51,2532,110,1363,667
02462,21,532,341,191,2.88,1.3,532,54,280,61
02464,100,1370,891,479,2.66,2.4,1370,41,570,321
02465,72,4436,3146,1290,2.83,1.93,4436,85,2170,976
02466,248,2990,1614,1376,2.94,2.06,2990,418,1132,482
02467,570,6746,4455,2291,2.5,2.29,6746,401,2579,1876
02468,,1873,1789,84,2.77,2.98,1873,18,1027,762
02472,775,16067,7940,8127,2.33,2.02,16067,1645,5379,2561
02474,680,11649,6717,4932,2.66,2.04,11649,1081,4449,2268
02476,194,7659,4796,2863,2.64,1.77,7659,888,2918,1878
02478,506,10372,6592,3780,2.74,2.3,10372,741,4156,2436
02481,212,4743,4154,589,3.13,2.24,4743,213,2767,1387
02482,135,3907,3023,884,2.67,2.3,3907,199,1929,1094
02492,115,7160,6470,690,2.97,1.67,7160,320,4227,2243
02493,175,3731,3252,479,3.02,2.49,3731,85,2070,1182
02494,183,4100,3037,1063,2.97,1.58,4100,355,2010,1027
02532,1461,5688,4548,1140,2.25,1.88,5688,157,2884,1664
02534,214,379,347,32,2.97,,379,0,151,196
02535,1430,742,644,98,2.8,3.43,742,8,281,363
02536,3592,8373,7228,1145,2.46,2.15,8373,309,4458,2770
02537,737,2488,2346,142,2.92,1.75,2488,107,1556,790
02538,218,1748,1157,591,2.63,2.72,1748,96,813,344
02539,3667,1401,1030,371,3.4,4.09,1401,44,557,473
02540,2271,4171,2868,1303,2.3,1.53,4171,545,1367,1501
02542,85,244,,244,,3.2,244,13,,
02543,680,485,400,85,1.93,1.8,485,12,171,229
02553,91,30,30,0,,,30,0,,30
02554,6823,3973,2814,1159,3.19,3.79,3973,283,1811,1003
02556,1351,1018,875,143,2.53,1.11,1018,4,548,327
02557,1838,685,406,279,2.64,2.14,685,60,88,318
02558,842,993,710,283,1.84,1.64,993,182,353,357
02559,1013,1593,1222,371,2.3,1.33,1593,156,619,603
02561,83,280,194,86,2.08,7.22,280,16,64,130
02562,317,1236,1037,199,2.61,2.52,1236,0,802,235
02563,682,3983,3456,527,2.43,1.85,3983,81,2564,892
02564,1234,33,33,0,3.7,,33,0,22,11
02568,2273,3044,2107,937,3.2,2.12,3044,167,1302,805
02571,1144,4824,3468,1356,2.24,2.06,4824,284,2308,1160
02575,1346,907,787,120,2.56,3.48,907,0,342,445
02576,168,1767,1493,274,2.39,1.53,1767,31,900,593
02584,50,25,25,0,1.2,,25,0,20,5
02601,2193,6794,3522,3272,2.31,2.67,6794,727,2488,1034
02630,377,744,659,85,2.42,3.99,744,0,362,297
02631,3685,4519,3790,729,2.22,1.96,4519,277,2331,1459
02632,1442,4744,3799,945,2.55,2.41,4744,87,2674,1125
02633,3219,2269,1961,308,2.01,2.19,2269,125,969,992
02635,844,1376,1313,63,2.12,1.76,1376,73,797,516
02637,48,129,129,0,2.26,,129,0,94,35
02638,1663,1447,1163,284,2.16,2.37,1447,28,662,501
02639,3477,1712,1044,668,2.0,2.0,1712,103,621,423
02641,359,91,91,0,1.96,,91,0,10,81
02642,3835,2525,2357,168,2.25,2.26,2525,41,1272,1085
02643,61,,,0,,,,0,,
02644,119,1447,1289,158,2.58,2.44,1447,36,991,298
02645,2305,4474,3801,673,2.49,1.84,4474,221,2497,1304
02646,1568,896,780,116,1.86,2.71,896,40,510,270
02647,241,67,48,19,3.06,,67,0,14,34
02648,329,3064,2875,189,2.41,1.91,3064,15,2133,742
02649,3626,6603,5524,1079,2.32,1.93,6603,302,3267,2257
02650,418,340,300,40,1.8,2.63,340,19,208,92
02652,1391,618,470,148,1.66,1.42,618,0,140,330
02653,2873,2989,2405,584,2.09,1.99,2989,183,1182,1223
02655,1436,1527,1356,171,2.17,1.85,1527,42,871,485
02657,3001,1968,1488,480,1.87,1.64,1968,228,993,495
02659,744,555,490,65,2.06,2.06,555,23,242,248
02660,1618,2896,2237,659,2.26,2.04,2896,110,1455,782
02663,428,178,168,10,2.26,1.9,178,34,74,94
02664,2871,3989,2886,1103,2.32,1.98,3989,198,1600,1286
02666,1041,295,295,0,1.97,,295,62,131,164
02667,2481,1558,1294,264,2.32,3.36,1558,77,539,755
02668,232,1004,955,49,2.62,2.14,1004,34,768,187
02670,1508,829,634,195,1.58,1.9,829,74,336,298
02671,985,463,426,37,1.93,,463,0,143,283
02672,68,88,88,0,1.74,,88,0,46,42
02673,2729,3839,3098,741,2.47,2.22,3839,224,2039,1059
02675,1000,3087,2849,238,2.34,2.07,3087,121,1631,1218
02702,,1673,1565,108,2.63,1.86,1673,34,1170,395
02703,1619,17898,12062,5836,2.78,2.06,17898,1468,8485,3577
02713,134,18,13,5,2.23,,18,4,9,4
02715,28,1383,1266,117,2.61,1.6,1383,53,887,379
02717,220,1696,1499,197,2.81,2.77,1696,21,1049,450
02718,128,2444,2185,259,2.9,2.02,2444,47,1509,676
02719,599,6872,5077,1795,2.44,1.77,6872,513,3546,1531
02720,988,13787,5530,8257,2.45,2.01,13787,1578,3536,1994
02721,1430,11010,4047,6963,2.63,2.32,11010,2003,2805,1242
02723,424,7511,2292,5219,2.31,2.15,7511,1366,1354,938
02724,421,8389,2809,5580,2.2,2.14,8389,1705,1576,1233
02725,136,934,811,123,2.67,1.71,934,52,561,250
02726,148,6314,5267,1047,2.57,2.03,6314,219,3189,2078
02738,456,1993,1628,365,2.63,2.27,1993,95,934,694
02739,603,2926,2237,689,2.2,2.26,2926,31,923,1314
02740,1288,19301,7360,11941,2.61,2.14,19301,3985,4948,2412
02743,97,4060,3524,536,2.68,1.83,4060,126,2241,1283
02744,477,5157,1708,3449,2.19,2.57,5157,1194,907,801
02745,475,10154,5959,4195,2.57,2.19,10154,801,3975,1984
02746,617,6697,1126,5571,2.91,2.38,6697,1964,775,351
02747,246,7237,5623,1614,2.75,1.71,7237,561,3852,1771
02748,571,4779,3621,1158,2.55,1.86,4779,275,2123,1498
02760,270,11550,7981,3569,2.77,1.84,11550,544,5555,2426
02762,165,4144,3032,1112,2.41,2.18,4144,152,2066,966
02763,19,723,538,185,2.85,,723,117,371,167
02764,48,1560,1357,203,2.88,2.56,1560,0,878,479
02766,202,6489,5476,1013,2.7,2.16,6489,268,3806,1670
02767,97,5550,4336,1214,2.88,2.15,5550,204,3162,1174
02769,283,4377,3896,481,2.95,1.88,4377,102,3014,882
02770,44,2032,1806,226,2.9,2.06,2032,29,1152,654
02771,527,5969,5109,860,2.63,2.22,5969,227,3573,1536
02777,127,6752,5915,837,2.56,2.02,6752,189,3741,2174
02779,122,2294,2244,50,2.94,2.1,2294,0,1680,564
02780,1418,20625,12414,8211,2.68,2.19,20625,2000,7547,4867
02790,908,6667,5504,1163,2.55,1.9,6667,224,3375,2129
02791,23,244,211,33,1.45,1.7,244,0,56,155
02802,93,238,58,180,,2.46,238,0,58,
02804,126,898,738,160,2.63,3.23,898,21,541,197
02806,321,6176,5500,676,2.83,2.36,6176,73,3971,1529
02807,1500,459,338,121,1.92,2.64,459,0,180,158
02808,81,901,512,389,2.87,2.48,901,12,369,143
02809,1329,8065,5537,2528,2.53,1.81,8065,492,3344,2193
02812,,438,417,21,2.45,,438,0,214,203
02813,1760,3459,2885,574,2.29,2.36,3459,33,1823,1062
02814,353,2902,2507,395,2.76,1.79,2902,25,1686,821
02815,,72,56,16,1.54,4.31,72,0,35,21
02816,758,13371,10437,2934,2.54,1.87,13371,536,7295,3142
02817,157,2316,1939,377,2.77,2.9,2316,0,1358,581
02818,499,8307,6066,2241,2.64,1.65,8307,480,4193,1873
02822,138,2018,1722,296,3.06,2.12,2018,34,1093,629
02823,,13,13,0,1.92,,13,0,,13
02824,,85,85,0,1.65,,85,0,85,
02825,153,1843,1629,214,3.1,3.34,1843,57,1113,516
02826,83,282,282,0,2.09,,282,0,140,142
02827,41,844,809,35,2.75,2.91,844,0,576,233
02828,178,3183,2678,505,2.38,1.25,3183,308,1729,949
02829,,35,,35,,4.34,35,0,,
02830,35,2409,1855,554,2.77,2.18,2409,183,1350,505
02831,71,1473,1286,187,2.89,2.44,1473,12,624,662
02832,171,1816,1464,352,2.66,2.81,1816,13,1070,394
02833,,352,254,98,2.69,,352,54,200,54
02835,708,2361,2002,359,2.39,2.07,2361,55,1312,690
02836,58,53,53,0,1.57,,53,0,21,32
02837,852,1592,1262,330,2.23,2.37,1592,52,564,698
02838,191,1310,515,795,2.7,2.67,1310,155,311,204
02839,96,589,385,204,2.39,1.93,589,15,192,193
02840,3073,10171,4712,5459,2.18,2.12,10171,1492,2935,1777
02841,,6,,6,,3.17,6,0,,
02842,1074,7270,4103,3167,2.47,2.09,7270,373,2737,1366
02852,888,9563,7366,2197,2.53,1.87,9563,541,5193,2173
02857,282,3155,2849,306,2.59,1.99,3155,41,1951,898
02858,,214,182,32,3.07,2.0,214,0,163,19
02859,212,2436,1892,544,3.12,2.15,2436,122,1436,456
02860,2081,18949,7296,11653,2.78,2.36,18949,3237,5422,1874
02861,745,10737,6870,3867,2.67,2.23,10737,721,4968,1902
02863,985,7074,1809,5265,3.06,3.04,7074,1776,1041,768
02864,620,13620,10650,2970,2.8,2.02,13620,677,7532,3118
02865,305,6756,5096,1660,2.95,1.91,6756,282,3459,1637
02871,1016,7196,5820,1376,2.43,2.32,7196,271,3729,2091
02872,252,82,69,13,1.16,3.69,82,43,26,43
02873,56,58,58,0,1.24,,58,0,58,
02874,260,2395,2096,299,2.86,2.04,2395,18,1433,663
02875,57,138,127,11,2.01,4.55,138,0,86,41
02876,,520,91,429,,1.61,520,0,,91
02878,940,6651,5179,1472,2.56,2.02,6651,302,3111,2068
02879,2497,9148,6959,2189,2.5,2.16,9148,431,4622,2337
02881,114,793,478,315,2.41,2.43,793,18,312,166
02882,3426,5492,3723,1769,2.52,2.34,5492,153,2222,1501
02885,481,5032,2921,2111,2.58,1.63,5032,663,1751,1170
02886,657,12976,8352,4624,2.46,1.96,12976,1023,5856,2496
02888,487,8365,6547,1818,2.27,1.91,8365,315,4721,1826
02889,635,11354,8783,2571,2.65,1.98,11354,482,6145,2638
02891,3054,9936,7147,2789,2.32,1.85,9936,798,4864,2283
02892,154,2091,1836,255,2.84,3.15,2091,4,1309,527
02893,865,14030,7677,6353,2.34,2.0,14030,1524,4866,2811
02894,42,255,237,18,2.18,2.11,255,0,219,18
02895,2075,16921,6372,10549,2.54,2.5,16921,2724,3987,2385
02896,309,4455,3546,909,2.68,1.91,4455,193,2500,1046
02898,112,575,550,25,2.41,3.2,575,16,420,130
02903,1115,5047,950,4097,2.18,1.57,5047,1823,698,252
02904,1255,12951,6581,6370,2.77,1.99,12951,1902,4871,1710
02905,798,9862,4721,5141,2.66,2.49,9862,1689,3550,1171
02906,1125,12185,6040,6145,2.33,1.86,12185,1398,3868,2172
02907,1067,10591,3208,7383,3.46,2.74,10591,1808,2372,836
02908,2943,14380,7091,7289,2.74,2.55,14380,1755,5170,1921
02909,3799,14857,5663,9194,3.02,2.68,14857,1905,4400,1263
02910,630,8624,5938,2686,2.8,2.16,8624,496,3906,2032
02911,470,6637,3895,2742,2.46,2.24,6637,336,2734,1161
02912,13,13,,13,,1.62,13,13,,
02914,918,9311,4863,4448,2.6,2.0,9311,1434,2863,2000
02915,368,7168,4633,2535,2.37,1.86,7168,414,3197,1436
02916,100,3791,2691,1100,2.73,1.77,3791,132,1743,948
02917,399,4672,3680,992,2.72,1.41,4672,328,2665,1015
02918,,36,,36,,,36,0,,
02919,1227,11405,8366,3039,2.71,2.07,11405,445,5831,2535
02920,595,14326,9039,5287,2.53,2.21,14326,1015,5898,3141
02921,71,4659,3835,824,2.83,1.67,4659,97,2740,1095
03031,105,4476,4070,406,2.69,1.97,4476,93,2821,1249
03032,,1989,1829,160,2.98,2.54,1989,0,1345,484
03033,75,1728,1664,64,3.28,2.13,1728,15,1142,522
03034,22,1603,1512,91,2.64,1.87,1603,17,1074,438
03036,118,1719,1672,47,3.03,2.26,1719,39,1219,453
03037,226,1646,1482,164,2.8,3.15,1646,58,1090,392
03038,626,13056,8696,4360,2.88,2.09,13056,512,6160,2536
03042,239,2681,2333,348,2.67,2.44,2681,71,1781,552
03043,150,571,535,36,2.68,3.06,571,10,271,264
03044,66,1638,1542,96,2.86,2.39,1638,16,1151,391
03045,142,5172,4365,807,2.61,2.13,5172,92,3085,1280
03046,48,1024,965,59,2.99,2.08,1024,39,714,251
03047,63,677,561,116,2.69,1.91,677,30,361,200
03048,95,1418,1155,263,2.45,2.41,1418,60,663,492
03049,37,3223,3003,220,2.66,1.47,3223,21,1917,1086
03051,339,9542,7957,1585,2.74,2.11,9542,239,5648,2309
03052,45,2967,2578,389,2.94,2.27,2967,53,1668,910
03053,246,9269,7947,1322,2.84,2.23,9269,80,5753,2194
03054,35,9971,8758,1213,2.75,2.06,9971,300,5988,2770
03055,265,6419,3907,2512,2.67,2.17,6419,234,2897,1010
03057,71,893,805,88,2.89,2.89,893,35,554,251
03060,717,12194,4258,7936,2.94,2.23,12194,1777,3055,1203
03062,411,11733,8068,3665,2.6,1.98,11733,604,5142,2926
03063,97,6823,4165,2658,2.43,2.22,6823,158,2881,1284
03064,320,6369,3835,2534,2.5,2.02,6369,505,2418,1417
03070,13,2045,1753,292,3.09,2.12,2045,8,1262,491
03071,240,1844,1581,263,3.01,1.75,1844,21,1047,534
03076,281,4884,4341,543,3.03,1.76,4884,105,3082,1259
03077,269,4093,3146,947,2.67,2.39,4093,141,2253,893
03079,750,12138,9286,2852,2.54,2.26,12138,448,6555,2731
03082,85,620,564,56,2.55,3.39,620,8,372,192
03084,32,490,429,61,2.41,2.59,490,10,301,128
03086,153,1739,1367,372,2.55,1.61,1739,144,1017,350
03087,518,5283,4956,327,2.97,2.25,5283,15,3220,1736
03101,130,1895,99,1796,1.57,1.56,1895,491,71,28
03102,902,14100,5114,8986,2.36,2.25,14100,1198,3587,1527
03103,787,15018,6804,8214,2.4,2.54,15018,888,4601,2203
03104,842,14725,8329,6396,2.4,2.03,14725,718,6033,2296
03106,98,5185,3974,1211,2.85,2.11,5185,60,2622,1352
03109,132,3833,2907,926,2.65,2.33,3833,151,2098,809
03110,209,8076,6906,1170,2.96,1.87,8076,264,4497,2409
03215,1053,99,83,16,2.06,1.69,99,0,41,42
03216,126,818,701,117,2.67,4.1,818,15,478,223
03217,347,992,529,463,2.4,2.36,992,56,335,194
03218,,569,408,161,2.46,2.52,569,0,261,147
03220,527,3039,2585,454,2.5,2.12,3039,172,1388,1197
03221,355,878,782,96,2.48,2.11,878,18,517,265
03222,1673,2286,1861,425,2.71,2.15,2286,95,1014,847
03223,668,1174,960,214,3.05,1.98,1174,40,498,462
03224,74,900,834,66,2.5,2.0,900,36,532,302
03225,684,1299,1199,100,2.56,4.23,1299,21,789,410
03226,324,384,340,44,2.16,2.05,384,9,152,188
03227,264,692,637,55,1.96,2.09,692,10,229,408
03229,285,2227,1998,229,2.68,2.57,2227,0,1019,979
03230,110,616,578,38,2.17,2.87,616,28,279,299
03231,39,77,71,6,1.86,,77,0,33,38
03233,31,100,90,10,2.39,2.0,100,0,90,
03234,107,1746,1516,230,2.82,2.01,1746,22,1067,449
03235,496,3813,2528,1285,2.39,2.03,3813,358,1389,1139
03237,451,773,706,67,2.61,3.88,773,0,468,238
03238,2,43,42,1,1.98,,43,25,8,34
03240,255,461,425,36,2.38,3.14,461,3,251,174
03241,447,377,343,34,2.35,5.06,377,20,181,162
03242,189,2098,1440,658,2.68,1.93,2098,60,964,476
03243,87,355,327,28,2.57,1.5,355,11,205,122
03244,908,2967,2758,209,2.58,1.86,2967,81,1830,928
03245,645,815,644,171,2.59,2.01,815,38,259,385
03246,3041,6826,4126,2700,2.58,2.13,6826,500,2698,1428
03249,2161,3086,2777,309,2.59,1.5,3086,102,1843,934
03251,2223,563,413,150,2.57,2.26,563,20,190,223
03253,2091,3109,2458,651,2.24,1.73,3109,92,1307,1151
03254,2850,2007,1808,199,2.34,3.19,2007,22,935,873
03255,770,746,668,78,2.71,1.18,746,37,352,316
03256,149,941,818,123,2.74,2.05,941,7,502,316
03257,848,1537,1354,183,2.18,1.81,1537,111,826,528
03258,43,984,905,79,2.65,3.44,984,5,601,304
03259,134,151,151,0,1.66,,151,3,39,112
03260,99,377,356,21,2.71,3.0,377,8,256,100
03261,531,1746,1578,168,2.67,2.35,1746,40,1142,436
03262,739,475,373,102,2.75,1.47,475,20,175,198
03263,195,1823,1179,644,2.51,1.8,1823,129,743,436
03264,707,2179,1232,947,2.8,2.39,2179,273,792,440
03266,484,799,683,116,2.49,2.04,799,33,373,310
03268,24,599,571,28,2.39,3.71,599,54,336,235
03269,541,1080,824,256,2.85,2.25,1080,29,630,194
03273,82,115,115,0,2.5,,115,0,45,70
03275,216,4458,3384,1074,2.9,2.0,4458,163,2232,1152
03276,510,3501,2423,1078,2.53,2.19,3501,56,1406,1017
03278,337,1203,800,403,2.6,1.93,1203,70,482,318
03279,186,307,259,48,2.68,1.83,307,3,119,140
03280,615,479,431,48,2.33,3.15,479,7,196,235
03281,416,3371,3192,179,2.7,2.47,3371,13,2022,1170
03282,151,412,356,56,2.71,2.25,412,6,162,194
03284,220,252,220,32,3.46,3.19,252,0,124,96
03285,858,1060,853,207,2.55,2.39,1060,15,458,395
03287,91,655,519,136,2.36,2.05,655,11,377,142
03290,115,1959,1878,81,2.6,2.38,1959,24,1316,562
03291,,29,29,0,3.83,,29,0,29,
03293,27,54,54,0,3.98,,54,0,32,22
03301,824,13351,7261,6090,2.57,1.93,13351,1318,4780,2481
03303,350,6466,4449,2017,2.61,2.04,6466,392,3205,1244
03304,21,2802,2494,308,3.01,2.3,2802,110,1852,642
03307,151,2336,2063,273,2.51,1.68,2336,72,1007,1056
03431,1176,9964,5465,4499,2.45,1.95,9964,922,3003,2462
03440,325,1103,868,235,2.8,2.09,1103,28,501,367
03441,31,86,49,37,3.37,2.59,86,0,27,22
03442,66,647,407,240,2.7,1.71,647,26,281,126
03443,,180,180,0,1.53,,180,0,51,129
03444,173,621,509,112,2.29,2.6,621,14,236,273
03445,19,273,231,42,2.39,2.45,273,18,143,88
03446,87,2823,1936,887,2.4,2.0,2823,108,1165,771
03447,288,1010,929,81,2.36,1.79,1010,26,601,328
03448,47,302,275,27,2.74,2.44,302,2,172,103
03449,118,802,656,146,2.3,1.58,802,14,386,270
03450,266,427,398,29,2.36,2.69,427,6,204,194
03451,268,1550,1309,241,2.61,2.27,1550,49,670,639
03452,522,2048,1527,521,2.72,2.17,2048,81,1082,445
03455,54,988,648,340,2.85,1.99,988,46,390,258
03456,91,315,270,45,2.4,3.2,315,5,118,152
03457,253,299,267,32,2.66,2.34,299,3,161,106
03458,541,3011,1860,1151,2.44,1.87,3011,209,1087,773
03461,509,1859,1564,295,2.92,2.45,1859,48,1010,554
03462,389,625,504,121,2.47,1.84,625,0,404,100
03464,505,346,330,16,2.44,3.63,346,0,237,93
03465,42,737,540,197,2.52,2.07,737,15,332,208
03466,99,599,528,71,2.85,4.44,599,15,353,175
03467,33,822,742,80,2.35,2.04,822,22,435,307
03470,279,1888,1343,545,2.64,2.64,1888,24,792,551
03561,561,2873,1564,1309,2.15,2.0,2873,450,906,658
03570,662,3759,2374,1385,2.37,1.77,3759,480,1104,1270
03574,366,1013,757,256,2.5,2.35,1013,58,389,368
03575,376,3,3,0,1.67,,3,0,3,
03576,984,1397,1072,325,2.01,1.71,1397,89,470,602
03579,877,182,166,16,2.01,1.19,182,4,37,129
03580,502,527,447,80,2.47,1.7,527,19,230,217
03581,373,1583,1159,424,2.16,1.44,1583,98,530,629
03582,339,913,712,201,2.38,2.23,913,77,297,415
03583,212,473,410,63,1.88,2.05,473,73,116,294
03584,272,1395,1094,301,2.49,1.92,1395,62,526,568
03585,336,1014,790,224,2.69,2.1,1014,46,377,413
03586,178,252,230,22,2.63,2.18,252,11,126,104
03588,375,655,551,104,2.41,2.01,655,6,307,244
03590,262,418,342,76,2.8,2.09,418,35,126,216
03592,1471,544,444,100,2.1,1.31,544,9,197,247
03593,141,173,128,45,2.01,2.07,173,6,58,70
03595,205,386,314,72,1.68,2.47,386,3,187,127
03597,150,233,156,77,2.18,2.35,233,19,12,144
03598,609,1494,1039,455,2.43,2.04,1494,107,484,555
03601,96,125,117,8,4.18,1.63,125,0,71,46
03602,301,983,730,253,2.47,2.16,983,104,414,316
03603,371,2036,1520,516,2.63,2.28,2036,16,635,885
03604,,,,0,,,,0,,
03605,353,283,265,18,2.89,1.44,283,17,142,123
03607,68,99,86,13,3.12,4.23,99,6,57,29
03608,129,1201,769,432,2.74,2.3,1201,6,461,308
03609,62,248,157,91,2.58,1.65,248,12,78,79
03740,100,433,370,63,2.31,3.29,433,7,152,218
03741,554,1567,1290,277,2.68,2.29,1567,44,799,491
03743,760,5346,3022,2324,2.65,2.25,5346,528,1682,1340
03745,90,735,713,22,2.28,3.32,735,14,387,326
03748,637,2056,1622,434,2.18,2.31,2056,79,1040,582
03750,113,259,240,19,3.32,4.89,259,0,149,91
03751,162,203,175,28,2.31,,203,28,53,122
03752,142,301,262,39,3.41,2.46,301,16,176,86
03753,821,1235,1135,100,2.58,4.48,1235,0,670,465
03755,698,2668,1783,885,2.72,2.06,2668,251,943,840
03765,,158,143,15,3.24,,158,0,116,27
03766,720,4184,2360,1824,2.8,1.8,4184,279,1517,843
03768,167,609,540,69,2.66,3.03,609,9,319,221
03770,38,147,142,5,3.41,2.2,147,5,119,23
03771,35,323,295,28,2.68,1.61,323,0,122,173
03773,628,3031,2001,1030,2.5,2.43,3031,205,1148,853
03774,131,691,509,182,2.28,1.93,691,116,202,307
03777,109,538,434,104,2.84,2.08,538,3,246,188
03779,136,269,214,55,2.79,2.15,269,11,137,77
03780,8,198,198,0,2.35,,198,0,133,65
03781,115,778,697,81,2.76,1.99,778,4,406,291
03782,1056,983,719,264,3.34,2.53,983,5,468,251
03784,294,1802,815,987,3.2,1.68,1802,132,560,255
03785,551,831,485,346,2.79,2.17,831,122,395,90
03801,644,10851,5743,5108,2.35,1.75,10851,621,3892,1851
03809,436,1325,1169,156,3.0,1.97,1325,28,829,340
03810,1670,809,794,15,2.51,,809,0,443,351
03811,145,2821,2591,230,2.58,1.77,2821,19,1697,894
03812,1079,448,295,153,1.63,,448,0,156,139
03813,690,1573,1273,300,1.91,2.73,1573,1,626,647
03814,918,933,688,245,2.61,2.22,933,83,381,307
03816,196,567,492,75,2.65,2.72,567,30,264,228
03817,79,295,180,115,3.03,3.0,295,39,105,75
03818,600,1664,1177,487,2.73,1.8,1664,200,639,538
03819,26,1649,1456,193,2.57,2.47,1649,0,899,557
03820,646,14724,7622,7102,2.41,1.89,14724,690,5182,2440
03823,30,711,589,122,3.07,2.93,711,0,371,218
03824,679,2904,1728,1176,2.61,2.44,2904,236,1137,591
03825,235,3333,3080,253,2.84,2.11,3333,145,1901,1179
03826,,1122,756,366,2.99,1.76,1122,56,574,182
03827,100,1169,1084,85,2.8,2.09,1169,15,665,419
03830,799,634,634,0,2.1,,634,0,506,128
03832,117,155,122,33,2.46,1.39,155,6,40,82
03833,781,8953,6573,2380,2.64,1.78,8953,431,3975,2598
03835,139,2785,2049,736,2.58,2.01,2785,179,1408,641
03836,1169,579,563,16,2.24,2.06,579,21,275,288
03837,247,720,650,70,2.63,1.73,720,0,462,188
03838,1119,579,431,148,2.23,2.31,579,0,148,283
03839,180,1577,1077,500,2.49,2.25,1577,86,658,419
03840,31,1566,1299,267,2.57,2.48,1566,0,945,354
03841,132,2623,2232,391,2.42,2.17,2623,81,1206,1026
03842,2304,7139,5293,1846,2.3,1.77,7139,252,3341,1952
03844,57,861,766,95,2.74,2.19,861,12,559,207
03845,492,705,577,128,1.74,1.54,705,0,333,244
03846,602,488,391,97,1.81,2.89,488,0,189,202
03847,87,249,205,44,1.69,2.09,249,0,127,78
03848,212,2687,2161,526,2.46,1.64,2687,59,1491,670
03849,571,459,399,60,2.94,3.08,459,11,259,140
03850,268,69,69,0,1.23,,69,0,22,47
03851,206,1512,1321,191,2.84,1.89,1512,60,973,348
03852,,140,140,0,2.73,,140,0,109,31
03853,977,363,320,43,2.23,2.42,363,5,149,171
03854,138,395,364,31,2.03,2.48,395,9,136,228
03855,565,1005,901,104,2.8,1.65,1005,19,681,220
03856,7,637,608,29,3.2,2.59,637,8,457,151
03857,179,4322,2352,1970,2.43,1.85,4322,106,1742,610
03858,71,1769,1572,197,2.81,1.94,1769,57,1273,299
03860,1377,1818,1152,666,2.1,1.95,1818,46,495,657
03861,176,1865,1615,250,2.59,1.32,1865,0,937,678
03862,184,1924,1726,198,2.44,1.37,1924,38,965,761
03864,315,730,702,28,2.54,1.93,730,0,414,288
03865,82,3242,2646,596,2.46,2.19,3242,64,1865,781
03867,494,9366,5827,3539,2.45,2.2,9366,711,3395,2432
03868,47,2528,1891,637,2.29,3.02,2528,102,1118,773
03869,81,1025,814,211,2.46,2.0,1025,86,477,337
03870,609,2206,1877,329,2.43,1.69,2206,52,1106,771
03871,43,201,192,9,1.68,,201,0,71,121
03872,832,1674,1580,94,2.53,1.27,1674,1,1222,358
03873,76,2211,1892,319,2.97,2.71,2211,16,1499,393
03874,784,3837,2677,1160,2.36,1.98,3837,90,1616,1061
03875,190,406,343,63,2.85,2.43,406,30,201,142
03878,404,5185,3094,2091,2.55,1.99,5185,482,2153,941
03882,367,513,427,86,3.44,2.79,513,6,238,189
03883,10,164,105,59,2.55,4.75,164,0,85,20
03884,449,1379,1292,87,3.12,2.29,1379,0,912,380
03885,42,3046,2795,251,2.57,1.93,3046,38,2041,754
03886,551,457,340,117,2.84,2.49,457,11,234,106
03887,186,699,645,54,2.8,2.67,699,38,469,176
03890,14,19,10,9,3.2,4.0,19,0,10,
03894,1515,3005,2172,833,2.22,1.79,3005,235,1149,1023
03897,46,17,17,0,1.94,,17,2,2,15
03901,367,3398,2841,557,2.47,1.55,3398,218,2231,610
03902,455,941,764,177,2.47,1.97,941,17,459,305
03903,283,2680,2288,392,2.68,1.5,2680,50,1459,829
03904,300,4084,2508,1576,1.98,1.9,4084,672,1599,909
03905,105,878,792,86,2.12,2.17,878,18,456,336
03906,116,1954,1639,315,2.62,1.85,1954,36,1192,447
03907,1473,595,511,84,2.07,1.76,595,30,173,338
03908,291,2772,2148,624,2.88,2.0,2772,81,1531,617
03909,2618,4539,3630,909,2.52,2.0,4539,268,2265,1365
03910,220,14,14,0,3.07,,14,0,14,
03911,218,77,77,0,3.82,,77,0,57,20
04001,1245,1129,1096,33,2.33,1.48,1129,22,689,407
04002,573,2979,2617,362,2.56,1.48,2979,141,1552,1065
04003,269,107,85,22,1.78,2.18,107,0,15,70
04005,1086,9987,5151,4836,2.52,2.1,9987,554,3588,1563
04006,95,27,27,0,2.0,,27,0,5,22
04008,132,1196,1082,114,2.59,2.15,1196,0,719,363
04009,2232,2245,1882,363,2.11,2.99,2245,106,1098,784
04010,325,613,512,101,2.26,4.95,613,13,278,234
04011,572,8716,6234,2482,2.4,2.01,8716,552,3483,2751
04015,1327,1700,1514,186,2.18,1.72,1700,110,825,689
04017,280,302,207,95,2.04,1.51,302,8,97,110
04019,41,39,39,0,1.21,,39,23,12,27
04020,111,704,587,117,2.48,2.51,704,27,407,180
04021,91,2339,1942,397,2.92,2.22,2339,131,1327,615
04022,596,431,389,42,2.69,2.1,431,10,233,156
04024,62,193,159,34,2.86,2.62,193,0,92,67
04027,281,2277,1974,303,2.71,3.56,2277,91,1112,862
04029,681,836,696,140,2.21,2.74,836,9,446,250
04030,259,735,633,102,3.18,2.16,735,0,630,3
04032,679,3427,2754,673,2.55,2.17,3427,74,1708,1046
04037,715,1458,1169,289,2.6,2.16,1458,104,764,405
04038,162,6092,5005,1087,2.83,2.26,6092,229,3794,1211
04039,673,3434,2677,757,2.29,2.13,3434,99,1705,972
04040,894,1390,1255,135,2.09,2.44,1390,28,615,640
04041,258,617,503,114,2.62,3.11,617,29,251,252
04042,221,1882,1744,138,2.54,1.86,1882,76,1003,741
04043,882,4858,3696,1162,2.45,1.86,4858,218,2479,1217
04046,1342,3201,2625,576,2.55,1.96,3201,116,1797,828
04047,402,711,607,104,2.44,1.94,711,22,336,271
04048,451,1171,1021,150,2.78,2.1,1171,74,628,393
04049,227,1496,1379,117,2.57,2.87,1496,25,936,443
04050,278,117,95,22,2.2,2.82,117,8,37,58
04051,768,530,473,57,2.58,1.81,530,8,229,244
04055,1505,2006,1740,266,2.05,1.24,2006,29,1113,627
04056,21,39,39,0,2.46,,39,0,21,18
04057,,116,116,0,1.5,,116,0,116,
04061,295,976,958,18,3.21,2.0,976,17,802,156
04062,982,7064,6167,897,2.53,2.35,7064,162,4451,1716
04063,439,389,232,157,1.87,1.11,389,17,90,142
04064,1610,4751,3365,1386,1.79,1.61,4751,153,2022,1343
04066,284,357,182,175,1.52,2.08,357,0,80,102
04068,172,556,476,80,2.7,2.28,556,18,229,247
04069,38,570,468,102,2.66,3.13,570,11,319,149
04071,1756,2173,1970,203,2.28,2.45,2173,65,1211,759
04072,779,8631,5880,2751,2.43,2.01,8631,387,4013,1867
04073,682,6997,4448,2549,2.46,2.3,6997,444,3131,1317
04074,1263,8811,7039,1772,2.63,1.6,8811,194,4751,2288
04076,865,1144,1057,87,2.52,3.06,1144,26,740,317
04079,1228,1967,1625,342,2.1,2.1,1967,21,870,755
04083,90,2037,1513,524,2.41,1.99,2037,140,1066,447
04084,972,2656,2424,232,2.55,2.19,2656,70,1688,736
04085,103,992,897,95,2.69,3.87,992,61,777,120
04086,359,4135,3194,941,2.33,2.08,4135,183,2027,1167
04087,243,924,841,83,2.64,4.0,924,13,633,208
04088,454,532,459,73,2.36,2.38,532,20,235,224
04090,4188,4904,4136,768,2.29,2.19,4904,115,2411,1725
04091,70,320,288,32,2.52,1.31,320,13,141,147
04092,626,8838,5849,2989,2.4,1.99,8838,493,4108,1741
04093,364,3325,2402,923,2.83,1.64,3325,258,1440,962
04095,441,708,676,32,2.28,2.41,708,67,457,219
04096,149,3463,2594,869,2.71,1.98,3463,89,1838,756
04097,97,1497,1227,270,2.72,2.55,1497,27,870,357
04101,1119,9684,2032,7652,2.15,1.66,9684,2586,1235,797
04102,585,7820,4050,3770,2.38,1.82,7820,1118,2789,1261
04103,925,13183,8025,5158,2.47,2.26,13183,1162,5592,2433
04105,259,4825,4167,658,2.63,1.75,4825,205,2571,1596
04106,750,11774,7566,4208,2.28,2.07,11774,778,5365,2201
04107,304,3893,3403,490,2.5,1.89,3893,193,2246,1157
04108,591,434,379,55,2.13,1.18,434,84,205,174
04109,314,77,77,0,1.69,,77,40,28,49
04110,17,611,522,89,3.07,1.94,611,0,303,219
04210,836,10249,5948,4301,2.53,1.9,10249,1094,4063,1885
04216,269,280,256,24,2.39,1.88,280,0,112,144
04217,1222,1540,1278,262,2.08,2.36,1540,94,591,687
04219,530,559,482,77,2.35,2.17,559,6,212,270
04220,366,1238,1150,88,2.8,3.08,1238,9,658,492
04221,86,335,272,63,3.29,2.02,335,42,151,121
04222,7,1699,1586,113,2.45,2.48,1699,30,988,598
04224,359,1072,855,217,2.53,2.33,1072,38,395,460
04226,17,33,30,3,2.47,2.0,33,3,10,20
04227,,17,17,0,1.88,,17,0,,17
04231,203,94,80,14,3.0,1.21,94,3,32,48
04234,,,,0,,,,0,,
04236,155,1661,1485,176,2.49,3.97,1661,29,1087,398
04237,180,105,98,7,2.05,2.57,105,0,70,28
04238,63,443,391,52,2.7,3.63,443,0,269,122
04239,207,1928,1702,226,2.33,3.04,1928,60,893,809
04240,895,15588,7770,7818,2.31,2.1,15588,2780,5029,2741
04250,213,1782,1382,400,2.64,1.92,1782,62,998,384
04252,119,1928,1465,463,2.71,2.33,1928,55,972,493
04253,300,761,723,38,2.47,2.21,761,16,448,275
04254,192,1412,797,615,2.21,2.1,1412,192,474,323
04255,568,302,220,82,2.33,1.28,302,3,98,122
04256,109,1152,857,295,2.65,2.7,1152,30,540,317
04257,383,1136,847,289,2.59,1.86,1136,86,322,525
04258,34,1063,979,84,2.62,2.21,1063,46,661,318
04259,380,1412,1100,312,2.39,2.05,1412,15,913,187
04260,170,2093,1713,380,2.95,1.52,2093,16,1236,477
04261,1547,158,144,14,1.73,2.36,158,1,52,92
04263,151,777,706,71,3.21,2.2,777,34,509,197
04265,123,332,261,71,2.24,2.9,332,0,121,140
04267,12,15,15,0,1.8,,15,0,10,5
04268,704,1915,1287,628,2.77,2.24,1915,93,715,572
04270,791,2320,1966,354,2.62,3.08,2320,183,960,1006
04271,,,,0,,,,0,,
04274,507,2348,2060,288,2.57,2.03,2348,15,1533,527
04275,466,268,253,15,2.2,1.87,268,7,128,125
04276,1025,2416,1712,704,2.59,1.93,2416,233,877,835
04280,160,2989,2697,292,2.3,2.01,2989,151,1642,1055
04281,240,2063,1296,767,2.42,2.52,2063,89,764,532
04282,321,2361,1850,511,2.6,1.99,2361,23,1333,517
04284,365,465,368,97,2.23,1.91,465,7,207,161
04285,419,189,171,18,2.13,1.61,189,5,70,101
04286,,,,0,,,,0,,
04287,14,1356,1266,90,2.31,2.37,1356,13,915,351
04289,216,689,550,139,2.81,2.71,689,71,311,239
04290,262,669,601,68,2.42,2.0,669,23,259,342
04292,195,373,333,40,2.59,4.08,373,3,128,205
04294,367,1422,1050,372,2.94,2.34,1422,91,632,418
04330,1225,12227,7515,4712,2.26,1.75,12227,1398,5004,2511
04341,,,,0,,,,0,,
04342,112,717,624,93,2.71,2.09,717,48,386,238
04344,74,1381,923,458,2.25,1.9,1381,75,503,420
04345,642,4760,3615,1145,2.69,2.03,4760,364,2210,1405
04346,66,792,561,231,2.04,1.96,792,45,275,286
04347,115,1289,644,645,2.19,1.65,1289,196,316,328
04348,720,1169,1001,168,2.8,3.56,1169,44,504,497
04349,256,581,496,85,2.23,1.96,581,9,239,257
04350,422,1482,1372,110,2.43,2.14,1482,56,788,584
04351,176,974,790,184,2.61,1.86,974,24,555,235
04352,453,665,588,77,2.55,1.47,665,28,291,297
04353,139,895,836,59,2.52,2.44,895,34,493,343
04354,381,618,589,29,2.26,2.69,618,3,359,230
04355,338,959,821,138,2.67,2.48,959,17,502,319
04357,172,1484,1045,439,2.43,2.14,1484,74,723,322
04358,513,1845,1655,190,2.34,2.49,1845,48,1177,478
04359,26,127,58,69,2.0,2.28,127,0,58,
04360,200,229,215,14,2.6,3.07,229,4,110,105
04363,127,1051,870,181,2.51,2.39,1051,9,575,295
04364,580,2533,1933,600,2.58,1.7,2533,85,1457,476
04401,1872,18773,10384,8389,2.5,1.89,18773,2030,6238,4146
04406,405,328,276,52,2.29,1.42,328,18,90,186
04408,520,100,86,14,1.83,1.71,100,0,35,51
04410,71,430,391,39,2.6,1.49,430,8,230,161
04411,108,620,512,108,2.68,2.65,620,17,261,251
04412,305,4074,2342,1732,2.69,1.81,4074,371,1640,702
04413,122,75,75,0,1.83,,75,15,32,43
04414,722,667,602,65,2.23,1.75,667,13,272,330
04415,17,116,81,35,1.84,4.37,116,0,27,54
04416,435,2327,1871,456,2.61,1.52,2327,199,1161,710
04417,270,203,196,7,1.92,2.0,203,14,32,164
04418,200,633,533,100,2.94,1.77,633,22,260,273
04419,56,1204,987,217,2.45,1.94,1204,43,691,296
04421,391,256,186,70,2.39,2.21,256,24,112,74
04422,145,400,377,23,2.51,1.83,400,3,185,192
04424,552,378,309,69,2.33,1.77,378,10,135,174
04426,1164,1969,1297,672,2.46,1.82,1969,236,609,688
04427,96,1088,913,175,2.63,2.67,1088,42,559,354
04428,299,1267,1056,211,2.86,2.15,1267,40,581,475
04429,751,2102,1806,296,2.31,2.35,2102,68,1174,632
04430,120,721,527,194,2.25,1.94,721,83,251,276
04431,,21,13,8,1.92,,21,0,,13
04434,90,418,393,25,2.67,3.0,418,2,182,211
04435,92,438,416,22,2.55,2.36,438,3,207,209
04438,57,525,444,81,2.38,2.33,525,23,252,192
04441,1635,757,593,164,2.29,1.89,757,66,276,317
04442,274,37,37,0,2.78,,37,0,12,25
04443,735,916,689,227,2.43,1.8,916,35,329,360
04444,155,3541,2934,607,2.67,2.17,3541,34,1785,1149
04448,147,561,455,106,2.51,2.25,561,25,212,243
04449,182,490,442,48,2.26,2.92,490,10,243,199
04450,68,553,451,102,2.68,2.27,553,18,225,226
04451,67,119,109,10,1.84,,119,0,44,65
04453,106,287,205,82,2.3,3.2,287,14,85,120
04454,,13,13,0,2.0,,13,0,,13
04455,248,260,224,36,2.9,1.42,260,5,102,122
04456,149,1164,970,194,2.49,2.57,1164,13,703,267
04457,843,2700,1970,730,2.23,1.69,2700,229,825,1145
04459,166,323,272,51,2.3,2.16,323,8,90,182
04460,100,598,510,88,2.31,1.85,598,1,143,367
04461,189,1197,1022,175,2.6,2.25,1197,114,638,384
04462,1408,2349,1882,467,1.99,1.56,2349,297,868,1014
04463,771,1153,863,290,2.37,2.71,1153,51,335,528
04464,351,213,176,37,2.26,2.78,213,4,78,98
04468,732,3881,2565,1316,2.36,2.42,3881,310,1544,1021
04469,,,,0,,,,0,,
04471,317,240,231,9,2.26,,240,23,96,135
04472,445,862,746,116,2.16,2.46,862,6,482,264
04473,532,3465,1749,1716,2.31,2.31,3465,250,1034,715
04474,109,1551,1369,182,2.43,2.44,1551,0,842,527
04475,29,221,184,37,2.25,2.73,221,10,85,99
04476,327,524,479,45,2.09,3.16,524,21,200,279
04478,849,186,146,40,2.04,1.73,186,0,47,99
04479,356,585,462,123,2.25,2.29,585,53,176,286
04481,137,230,220,10,2.26,2.3,230,0,129,91
04485,148,66,57,9,2.54,1.56,66,4,20,37
04487,719,376,346,30,2.17,2.23,376,24,97,249
04488,138,463,378,85,2.85,2.28,463,48,247,131
04489,29,111,77,34,2.68,2.65,111,0,23,54
04490,130,105,104,1,2.21,14.0,105,0,29,75
04491,81,86,79,7,1.96,,86,5,38,41
04492,43,34,33,1,2.64,,34,1,9,24
04493,494,764,686,78,2.48,1.91,764,22,348,338
04495,36,187,162,25,2.15,1.76,187,7,32,130
04496,56,1587,1342,245,2.45,2.18,1587,35,822,520
04497,166,173,151,22,2.1,1.68,173,21,50,101
04530,821,5008,3284,1724,2.47,1.82,5008,320,2113,1171
04535,78,278,254,24,2.62,3.25,278,8,136,118
04537,412,660,593,67,2.17,2.46,660,26,446,147
04538,973,836,611,225,2.2,1.57,836,48,272,339
04539,35,654,615,39,2.14,3.49,654,8,347,268
04541,57,29,29,0,1.72,,29,0,8,21
04543,418,917,542,375,2.23,2.29,917,88,316,226
04544,658,467,294,173,2.5,1.16,467,0,208,86
04547,323,499,440,59,2.28,3.25,499,31,229,211
04548,543,458,375,83,2.18,1.43,458,0,208,167
04551,314,279,266,13,2.48,3.31,279,2,124,142
04553,144,778,602,176,2.49,1.65,778,63,434,168
04554,659,326,289,37,1.81,2.97,326,0,144,145
04555,387,697,633,64,2.29,1.44,697,9,347,286
04556,142,557,484,73,2.27,1.88,557,12,293,191
04558,241,102,102,0,1.65,,102,0,61,41
04562,780,1040,867,173,2.0,1.76,1040,46,513,354
04563,322,645,552,93,2.16,2.11,645,16,300,252
04564,292,207,200,7,2.38,2.0,207,0,105,95
04568,585,257,144,113,2.2,1.5,257,0,42,102
04570,121,,,0,,,,0,,
04571,105,309,275,34,2.04,1.79,309,0,229,46
04572,313,2639,2019,620,2.01,1.7,2639,388,1184,835
04573,35,178,160,18,2.43,2.33,178,4,94,66
04574,138,691,629,62,2.32,2.52,691,15,310,319
04575,200,106,106,0,2.75,,106,5,38,68
04576,539,278,269,9,1.86,1.44,278,35,111,158
04578,416,1994,1517,477,2.17,2.41,1994,71,913,604
04579,180,1202,1071,131,2.63,2.09,1202,45,579,492
04605,2682,6244,4602,1642,2.37,1.82,6244,381,3007,1595
04606,247,518,464,54,2.23,2.93,518,25,189,275
04607,258,566,493,73,2.26,1.48,566,0,291,202
04609,1131,2208,1516,692,2.31,1.73,2208,169,922,594
04611,132,190,149,41,2.46,2.44,190,4,76,73
04612,162,222,209,13,2.54,1.15,222,3,122,87
04613,45,42,42,0,2.5,,42,0,,42
04614,571,1228,801,427,2.4,1.94,1228,136,537,264
04616,460,349,318,31,1.85,3.35,349,8,144,174
04617,301,348,312,36,2.18,1.69,348,10,94,218
04619,288,1664,1185,479,1.85,1.48,1664,178,664,521
04622,879,397,288,109,2.36,1.61,397,50,126,162
04623,254,366,299,67,2.92,2.24,366,10,142,157
04624,122,103,94,9,2.36,,103,4,34,60
04625,167,32,26,6,1.85,,32,6,5,21
04626,172,240,209,31,2.42,2.48,240,16,91,118
04627,694,807,702,105,2.21,1.91,807,59,352,350
04628,151,241,199,42,2.49,1.48,241,3,102,97
04630,282,529,449,80,2.46,2.13,529,16,279,170
04631,425,599,464,135,1.99,1.9,599,49,180,284
04634,719,846,704,142,2.48,2.47,846,17,245,459
04635,49,6,4,2,2.0,4.0,6,0,2,2
04640,389,1059,893,166,2.31,2.3,1059,5,605,288
04642,219,78,69,9,1.8,1.56,78,0,32,37
04643,311,320,257,63,2.54,2.95,320,13,140,117
04645,111,22,16,6,1.31,1.5,22,0,13,3
04646,128,41,36,5,1.69,,41,12,18,18
04648,101,263,205,58,2.53,2.83,263,19,102,103
04649,356,541,356,185,2.34,1.74,541,62,159,197
04650,233,133,120,13,2.2,,133,4,40,80
04652,595,727,599,128,2.06,1.48,727,86,222,377
04653,211,318,196,122,2.11,2.03,318,21,90,106
04654,606,1282,882,400,2.68,1.69,1282,204,477,405
04655,221,396,272,124,2.2,2.33,396,17,144,128
04657,292,144,129,15,2.25,1.33,144,4,53,76
04658,363,536,432,104,2.16,3.14,536,21,158,274
04660,626,502,455,47,2.26,1.81,502,0,218,237
04662,488,238,159,79,2.36,1.84,238,10,75,84
04664,284,482,387,95,3.03,2.72,482,11,223,164
04666,239,517,439,78,2.49,2.83,517,22,204,235
04667,230,536,400,136,2.62,2.57,536,56,143,257
04668,511,760,561,199,2.3,2.87,760,99,179,382
04669,163,56,39,17,2.28,2.06,56,0,23,16
04671,120,217,188,29,2.6,2.03,217,3,98,90
04673,99,68,68,0,2.41,,68,0,25,43
04674,236,111,99,12,2.39,1.5,111,3,54,45
04675,208,80,65,15,1.55,2.13,80,15,24,41
04676,177,575,455,120,2.31,1.14,575,16,291,164
04677,186,131,98,33,1.98,2.21,131,0,53,45
04679,732,708,444,264,2.35,1.77,708,65,181,263
04680,329,514,448,66,2.56,2.26,514,30,190,258
04681,432,477,350,127,1.87,1.83,477,29,114,236
04683,21,,,0,,,,0,,
04684,449,858,675,183,2.27,1.62,858,39,391,284
04685,301,195,175,20,2.22,2.35,195,4,99,76
04686,194,66,45,21,2.73,1.67,66,3,17,28
04691,182,188,156,32,2.4,2.56,188,3,70,86
04693,266,230,187,43,1.96,2.05,230,8,87,100
04694,461,944,756,188,2.46,2.12,944,87,344,412
04730,833,4032,2893,1139,2.57,2.03,4032,308,1684,1209
04732,276,731,490,241,2.34,1.6,731,28,210,280
04733,62,156,118,38,1.99,1.47,156,5,58,60
04734,41,339,315,24,2.75,1.92,339,10,137,178
04735,103,203,179,24,2.42,1.63,203,14,65,114
04736,520,4139,2980,1159,2.24,1.91,4139,460,1541,1439
04737,10,,,0,,,,0,,
04739,563,331,276,55,2.29,1.53,331,26,106,170
04740,88,594,483,111,2.67,1.48,594,33,139,344
04742,331,1303,1014,289,2.73,1.85,1303,128,578,436
04743,392,1939,1494,445,2.41,1.86,1939,94,859,635
04745,67,376,330,46,2.2,1.35,376,15,206,124
04746,61,201,169,32,2.24,1.25,201,14,82,87
04747,434,562,475,87,2.47,1.97,562,35,200,275
04750,329,777,463,314,2.38,1.93,777,84,218,245
04756,308,1510,968,542,2.45,1.37,1510,224,500,468
04757,206,1089,895,194,2.39,2.39,1089,40,551,344
04758,110,532,364,168,2.47,2.38,532,23,138,226
04760,99,317,268,49,2.29,1.35,317,34,107,161
04761,177,172,131,41,2.77,2.54,172,5,65,66
04762,107,200,161,39,2.45,1.85,200,11,70,91
04763,169,304,243,61,2.4,1.59,304,26,111,132
04764,77,13,11,2,1.73,,13,0,5,6
04765,490,461,355,106,2.19,2.16,461,46,161,194
04766,40,157,131,26,2.35,2.23,157,13,57,74
04768,343,178,158,20,2.06,1.9,178,3,78,80
04769,473,4157,2352,1805,2.09,1.95,4157,415,1233,1119
04772,138,396,339,57,2.37,1.63,396,22,199,140
04773,243,295,262,33,2.26,1.39,295,0,181,81
04774,362,312,257,55,2.07,1.4,312,35,127,130
04776,139,325,303,22,2.99,2.77,325,23,99,204
04777,90,152,127,25,2.69,3.36,152,15,45,82
04779,435,171,164,7,1.97,2.57,171,0,65,99
04780,124,335,299,36,2.7,3.56,335,18,149,150
04781,90,213,192,21,2.6,1.1,213,21,99,93
04783,343,199,175,24,2.21,2.88,199,14,71,104
04785,396,857,533,324,2.47,1.53,857,134,215,318
04786,108,743,560,183,2.55,1.57,743,36,284,276
04787,39,179,166,13,2.42,2.77,179,8,81,85
04841,660,3367,2084,1283,2.12,1.83,3367,420,1264,820
04843,988,2373,1745,628,2.4,1.47,2373,210,926,819
04847,181,665,600,65,2.62,2.28,665,15,415,185
04848,459,329,312,17,1.8,1.41,329,2,134,178
04849,848,1672,1471,201,2.34,1.93,1672,4,898,573
04851,157,34,34,0,2.03,,34,4,23,11
04852,96,43,34,9,3.15,1.89,43,18,25,9
04853,356,198,148,50,2.49,2.16,198,9,82,66
04854,511,696,535,161,2.22,1.55,696,14,247,288
04855,128,159,159,0,1.65,,159,12,147,12
04856,393,1364,1103,261,2.6,2.62,1364,64,668,435
04858,241,558,493,65,2.52,1.58,558,23,304,189
04859,119,371,315,56,2.09,2.21,371,0,130,185
04860,669,825,736,89,1.9,2.12,825,11,280,456
04861,85,1308,951,357,2.16,1.86,1308,28,521,430
04862,267,1718,1452,266,2.53,1.92,1718,128,867,585
04863,729,479,399,80,2.1,1.9,479,13,163,236
04864,340,1557,1496,61,2.3,3.31,1557,12,1118,378
04901,928,10942,6550,4392,2.4,1.94,10942,1265,3908,2642
04910,74,862,672,190,2.82,2.29,862,29,319,353
04911,186,806,629,177,2.13,2.46,806,50,278,351
04912,215,282,245,37,2.64,2.78,282,25,122,123
04915,869,4174,2896,1278,2.19,1.95,4174,488,1647,1249
04917,954,1308,1225,83,2.51,1.51,1308,9,770,455
04918,40,,,0,,,,0,,
04920,487,840,611,229,2.16,1.36,840,36,217,394
04921,218,664,544,120,2.38,2.42,664,21,321,223
04922,157,412,356,56,2.31,1.54,412,28,194,162
04923,64,232,221,11,2.4,2.55,232,9,145,76
04924,192,920,739,181,2.35,3.51,920,80,439,300
04925,211,11,11,0,2.82,,11,0,,11
04926,,10,10,0,4.3,,10,0,10,
04927,215,1462,1251,211,2.34,2.08,1462,101,626,625
04928,151,868,752,116,2.27,2.46,868,18,381,371
04929,49,322,218,104,2.32,2.41,322,8,102,116
04930,696,1954,1498,456,2.16,2.02,1954,145,670,828
04932,78,514,434,80,2.31,2.61,514,15,245,189
04936,625,112,85,27,1.65,1.44,112,15,39,46
04937,149,2891,2215,676,2.33,1.74,2891,182,1358,857
04938,913,3771,2286,1485,2.59,1.92,3771,574,1330,956
04939,77,394,338,56,2.13,1.61,394,28,152,186
04940,27,,,0,,,,0,,
04941,148,732,607,125,2.48,1.88,732,24,295,312
04942,559,528,422,106,2.09,1.6,528,20,166,256
04943,365,756,599,157,2.19,1.94,756,46,229,370
04944,,32,32,0,1.88,,32,0,32,
04945,688,580,479,101,2.04,1.52,580,11,155,324
04947,2053,790,705,85,1.94,1.53,790,100,308,397
04949,371,335,312,23,2.09,3.48,335,15,185,127
04950,580,1995,1518,477,2.29,2.2,1995,115,805,713
04951,38,475,402,73,2.23,2.63,475,11,176,226
04952,47,796,670,126,2.32,2.27,796,18,398,272
04953,399,1425,1092,333,2.38,1.58,1425,181,657,435
04955,146,571,536,35,2.41,2.86,571,8,238,298
04956,179,275,239,36,2.72,2.61,275,8,90,149
04957,352,1642,1304,338,2.47,2.64,1642,52,691,613
04958,684,832,768,64,2.4,1.86,832,39,332,436
04961,679,397,363,34,1.91,2.79,397,11,117,246
04963,1236,3086,2730,356,2.4,1.95,3086,125,1767,963
04964,889,84,80,4,1.66,1.75,84,0,51,29
04965,53,817,660,157,2.8,2.38,817,43,333,327
04966,489,703,600,103,2.3,2.43,703,79,298,302
04967,209,1503,995,508,2.76,2.08,1503,248,594,401
04969,107,462,395,67,2.39,3.19,462,3,238,157
04970,1716,733,558,175,2.09,1.97,733,36,346,212
04971,407,767,677,90,2.51,1.44,767,51,343,334
04973,163,546,471,75,2.56,1.93,546,10,248,223
04974,230,1386,889,497,2.0,1.76,1386,104,421,468
04975,,33,33,0,1.48,,33,0,17,16
04976,521,4301,3013,1288,2.52,1.82,4301,430,1689,1324
04978,282,427,384,43,2.18,2.28,427,10,256,128
04979,221,354,319,35,2.2,2.0,354,15,137,182
04981,199,1223,1055,168,2.18,1.76,1223,23,546,509
04982,399,227,130,97,2.45,1.73,227,39,70,60
04983,376,602,547,55,2.38,2.73,602,21,351,196
04984,99,269,231,38,2.77,3.76,269,15,136,95
04985,443,52,46,6,2.04,1.67,52,2,29,17
04986,147,642,524,118,3.71,2.23,642,56,245,279
04987,90,404,366,38,2.32,3.34,404,4,183,183
04988,237,708,532,176,2.5,1.85,708,104,322,210
04989,258,1963,1589,374,2.38,1.86,1963,42,883,706
04992,,112,112,0,1.71,,112,53,112,
05001,782,4128,3010,1118,2.31,2.01,4128,327,1810,1200
05009,,,,0,,,,0,,
05030,,111,111,0,2.31,,111,0,73,38
05031,108,10,10,0,1.9,,10,0,,10
05032,296,1062,858,204,2.46,2.66,1062,25,511,347
05033,152,1272,894,378,2.18,2.44,1272,50,541,353
05034,83,98,42,56,2.55,1.41,98,29,29,13
05035,159,321,292,29,2.26,1.31,321,11,155,137
05036,149,485,422,63,2.17,2.29,485,21,246,176
05037,310,375,340,35,2.7,1.97,375,0,159,181
05038,167,593,473,120,2.33,2.63,593,30,217,256
05039,105,472,439,33,2.13,2.61,472,38,255,184
05040,38,281,250,31,2.55,1.61,281,0,120,130
05041,21,67,9,58,3.11,3.24,67,0,6,3
05042,95,277,234,43,2.1,2.19,277,3,139,95
05043,43,537,454,83,2.12,2.52,537,0,362,92
05045,233,776,647,129,2.0,2.57,776,11,377,270
05046,258,512,447,65,2.62,2.29,512,39,254,193
05048,247,1176,978,198,2.52,2.14,1176,14,565,413
05050,28,55,23,32,2.91,1.44,55,0,14,9
05051,208,521,394,127,2.37,2.24,521,23,230,164
05052,27,75,41,34,3.05,1.74,75,0,11,30
05053,26,110,92,18,2.66,4.28,110,0,56,36
05055,122,1220,909,311,2.93,2.3,1220,29,471,438
05056,435,145,112,33,2.3,2.18,145,0,53,59
05058,13,72,52,20,2.42,2.3,72,0,40,12
05059,513,278,219,59,1.39,4.05,278,0,67,152
05060,388,2035,1541,494,2.24,2.01,2035,135,967,574
05061,56,580,475,105,2.37,2.47,580,0,225,250
05062,158,190,175,15,2.43,1.53,190,0,82,93
05065,79,441,310,131,2.49,3.24,441,21,175,135
05067,52,71,65,6,2.29,,71,0,30,35
05068,480,1309,989,320,2.42,2.4,1309,11,529,460
05069,58,271,255,16,2.1,7.25,271,0,120,135
05070,55,181,141,40,2.54,2.1,181,2,65,76
05071,159,71,71,0,1.73,,71,0,54,17
05072,55,260,241,19,2.26,1.58,260,0,95,146
05073,,,,0,,,,0,,
05075,78,480,436,44,2.36,2.23,480,0,240,196
05076,99,200,172,28,2.49,2.57,200,19,63,109
05077,127,486,399,87,2.51,2.37,486,0,230,169
05079,119,384,348,36,2.0,3.53,384,3,196,152
05081,192,254,176,78,2.6,1.96,254,28,104,72
05083,,83,59,24,2.07,4.08,83,3,18,41
05084,9,28,28,0,3.14,,28,0,4,24
05086,122,223,193,30,2.61,2.13,223,13,136,57
05088,26,465,408,57,2.28,1.86,465,0,237,171
05089,345,2014,1404,610,2.11,1.91,2014,153,743,661
05091,686,1594,1257,337,2.45,1.75,1594,51,735,522
05101,396,1799,1118,681,2.38,2.18,1799,187,677,441
05141,,80,48,32,2.0,2.13,80,25,34,14
05142,210,260,213,47,3.12,2.64,260,4,117,96
05143,826,1891,1510,381,2.51,2.37,1891,105,673,837
05146,192,224,204,20,2.54,1.2,224,0,138,66
05148,536,577,486,91,2.22,3.43,577,1,235,251
05149,2496,964,648,316,2.24,2.26,964,57,339,309
05150,63,257,242,15,1.57,,257,0,58,184
05151,238,609,589,20,2.8,3.5,609,4,295,294
05152,536,172,155,17,2.69,2.35,172,6,93,62
05153,316,271,213,58,2.62,3.52,271,5,74,139
05154,14,243,86,157,1.7,2.16,243,8,35,51
05155,1418,330,224,106,2.54,1.28,330,3,117,107
05156,602,3924,2807,1117,2.34,2.02,3924,368,1606,1201
05158,8,429,390,39,2.6,2.54,429,14,247,143
05161,293,288,253,35,2.36,5.2,288,5,137,116
05201,922,5984,3794,2190,2.51,2.08,5984,788,2257,1537
05250,513,1327,1126,201,2.55,2.83,1327,25,720,406
05251,494,626,559,67,2.65,1.28,626,3,340,219
05252,68,171,157,14,3.46,2.5,171,4,117,40
05253,125,257,194,63,2.23,1.22,257,7,96,98
05254,303,149,144,5,2.36,9.0,149,0,96,48
05255,807,1815,1234,581,2.39,1.96,1815,192,671,563
05257,199,946,698,248,2.86,2.5,946,56,361,337
05260,70,167,167,0,2.4,,167,6,64,103
05261,132,820,725,95,2.9,2.02,820,34,312,413
05262,247,755,674,81,2.78,3.98,755,21,496,178
05301,1155,7388,4521,2867,2.38,1.86,7388,604,2893,1628
05340,1346,272,249,23,2.49,1.22,272,8,165,84
05341,97,247,152,95,2.45,2.41,247,5,98,54
05342,181,232,205,27,2.76,1.59,232,5,73,132
05343,798,430,376,54,2.16,2.11,430,7,205,171
05344,,,,0,,,,0,,
05345,284,790,658,132,2.28,2.36,790,16,441,217
05346,287,1998,1616,382,2.31,2.21,1998,68,909,707
05350,202,314,261,53,2.52,1.81,314,18,138,123
05351,24,149,140,9,1.84,,149,0,84,56
05352,78,351,331,20,2.54,2.0,351,13,200,131
05353,248,569,452,117,2.57,2.38,569,47,186,266
05354,52,876,621,255,3.02,2.59,876,55,391,230
05355,448,307,294,13,2.61,1.54,307,3,145,149
05356,2299,323,258,65,1.74,1.23,323,9,131,127
05358,74,141,122,19,3.06,1.21,141,5,53,69
05359,220,232,180,52,2.52,3.25,232,2,104,76
05360,247,119,97,22,3.62,1.27,119,0,77,20
05361,251,371,321,50,3.17,1.94,371,5,173,148
05362,64,130,110,20,1.97,2.3,130,0,39,71
05363,1577,930,646,284,2.12,2.2,930,46,279,367
05401,566,13031,3610,9421,2.23,2.06,13031,2260,2420,1190
05403,366,8651,5217,3434,2.41,2.06,8651,648,3795,1422
05404,169,3628,1271,2357,2.33,2.18,3628,436,911,360
05405,,,,0,,,,0,,
05408,104,4219,2998,1221,2.42,2.06,4219,348,1899,1099
05439,,,,0,,,,0,,
05440,699,764,610,154,2.42,2.0,764,6,268,342
05441,54,238,231,7,2.42,2.29,238,0,142,89
05442,54,179,172,7,2.21,2.86,179,6,103,69
05443,262,2691,2154,537,2.41,2.18,2691,94,1364,790
05444,18,590,480,110,2.71,1.94,590,9,314,166
05445,337,1717,1551,166,2.29,2.1,1717,23,951,600
05446,877,6733,4757,1976,2.39,2.11,6733,227,3313,1444
05447,9,39,30,9,2.67,2.56,39,0,11,19
05448,43,344,330,14,2.3,2.5,344,0,206,124
05450,406,1864,1528,336,2.86,2.42,1864,55,1002,526
05452,182,9365,6266,3099,2.59,1.9,9365,619,4368,1898
05454,51,2100,1662,438,2.67,2.06,2100,132,1423,239
05455,15,458,380,78,3.22,1.86,458,27,281,99
05456,84,402,352,50,2.35,2.4,402,8,298,54
05457,293,567,464,103,2.66,2.67,567,17,311,153
05458,314,873,736,137,2.75,1.79,873,30,568,168
05459,43,609,508,101,2.29,3.76,609,27,337,171
05461,90,2079,1653,426,2.35,2.16,2079,66,900,753
05462,46,718,637,81,2.39,1.41,718,20,376,261
05463,272,213,197,16,2.49,3.13,213,2,114,83
05464,327,1131,818,313,2.92,2.46,1131,84,589,229
05465,51,2236,2055,181,2.49,2.29,2236,14,1514,541
05468,233,4814,4160,654,2.76,2.41,4814,90,2855,1305
05471,274,407,320,87,2.03,1.05,407,0,159,161
05472,9,811,675,136,2.63,1.78,811,4,428,247
05473,206,580,449,131,2.45,2.29,580,8,275,174
05474,606,528,510,18,2.24,3.78,528,19,331,179
05476,267,1219,804,415,2.66,2.63,1219,132,468,336
05477,167,1943,1490,453,2.45,1.6,1943,10,1011,479
05478,846,6395,4328,2067,2.62,2.14,6395,514,2900,1428
05481,,,,0,,,,0,,
05482,318,3180,2360,820,2.67,1.47,3180,175,1655,705
05483,180,545,497,48,2.43,2.73,545,29,352,145
05485,,,,0,,,,0,,
05486,467,581,483,98,2.77,2.58,581,15,292,191
05487,94,596,543,53,2.78,3.4,596,7,287,256
05488,987,2960,2433,527,2.72,2.98,2960,125,1545,888
05489,18,1408,1189,219,2.31,3.7,1408,47,826,363
05491,499,2456,1812,644,2.51,2.21,2456,110,1082,730
05492,25,384,304,80,2.23,2.23,384,3,210,94
05494,33,568,526,42,2.72,2.24,568,4,377,149
05495,400,4368,3505,863,2.56,1.89,4368,50,2560,945
05602,434,5734,3715,2019,2.36,1.74,5734,486,2413,1302
05640,10,75,63,12,3.05,4.17,75,0,62,1
05641,474,7371,4875,2496,2.28,2.06,7371,1038,2996,1879
05647,154,462,398,64,2.69,2.08,462,6,256,142
05648,71,211,171,40,2.59,3.65,211,3,103,68
05649,32,192,136,56,2.45,3.55,192,0,59,77
05650,196,421,361,60,2.12,3.13,421,11,155,206
05651,111,551,507,44,2.58,1.61,551,22,281,226
05652,26,326,252,74,2.1,2.77,326,5,167,85
05653,124,245,196,49,2.58,2.29,245,0,172,24
05654,36,607,330,277,2.81,1.39,607,11,220,110
05655,109,1241,1095,146,2.44,2.13,1241,39,662,433
05656,67,1284,774,510,2.45,2.23,1284,112,537,237
05658,73,609,564,45,2.88,2.16,609,16,347,217
05660,132,733,657,76,2.38,2.03,733,21,416,241
05661,361,2699,1910,789,2.37,1.81,2699,145,1042,868
05663,283,2211,1569,642,2.54,1.97,2211,106,995,574
05664,,,,0,,,,0,,
05666,,18,14,4,2.57,3.25,18,0,3,11
05667,139,962,748,214,2.38,1.66,962,37,443,305
05669,141,319,271,48,2.81,2.21,319,0,112,159
05670,,39,9,30,8.89,,39,0,9,
05672,1842,2497,1808,689,2.25,1.82,2497,224,1124,684
05673,848,1129,857,272,2.19,1.71,1129,19,463,394
05674,1924,702,635,67,2.42,1.43,702,16,404,231
05675,98,418,401,17,2.28,,418,10,228,173
05676,182,2026,1374,652,2.45,1.99,2026,178,974,400
05677,143,865,725,140,2.9,1.44,865,46,476,249
05678,,34,34,0,2.38,,34,0,26,8
05679,104,1195,1042,153,2.54,2.65,1195,68,650,392
05680,120,888,714,174,2.52,2.25,888,53,507,207
05681,193,59,53,6,2.47,1.33,59,0,26,27
05682,98,517,431,86,2.49,2.58,517,10,246,185
05701,1202,9378,5637,3741,2.45,1.62,9378,1081,3459,2178
05730,198,153,135,18,2.41,1.83,153,0,64,71
05731,7,,,0,,,,0,,
05732,368,496,357,139,2.59,1.14,496,57,285,72
05733,810,2505,2043,462,2.56,1.73,2505,112,1192,851
05734,141,526,392,134,2.38,2.33,526,18,204,188
05735,466,1349,1088,261,2.31,2.05,1349,42,559,529
05736,63,239,152,87,2.28,2.78,239,0,66,86
05737,58,242,209,33,2.69,1.7,242,1,124,85
05738,165,468,427,41,2.53,3.66,468,11,223,204
05739,182,521,428,93,2.22,2.76,521,10,275,153
05742,140,230,186,44,2.77,1.68,230,5,117,69
05743,396,1549,1220,329,2.89,2.12,1549,80,794,426
05744,39,183,131,52,2.15,2.15,183,0,58,73
05746,,,,0,,,,0,,
05747,87,139,112,27,2.22,1.89,139,1,60,52
05748,53,234,135,99,2.23,1.76,234,5,86,49
05751,2407,311,261,50,2.18,1.82,311,3,82,179
05753,577,3610,2435,1175,2.38,1.7,3610,271,1445,990
05757,87,318,284,34,2.6,1.97,318,5,143,141
05758,250,243,221,22,2.68,1.73,243,7,128,93
05759,69,719,550,169,2.69,2.09,719,75,297,253
05760,181,355,325,30,2.16,3.47,355,15,200,125
05761,242,420,356,64,2.28,1.78,420,13,207,149
05762,184,193,158,35,1.91,2.03,193,8,78,80
05763,164,1225,1044,181,2.4,2.74,1225,21,528,516
05764,349,1060,832,228,2.73,1.99,1060,106,497,335
05765,64,668,564,104,2.85,2.19,668,34,305,259
05766,81,243,207,36,2.14,2.97,243,0,158,49
05767,323,684,601,83,1.87,1.34,684,47,315,286
05768,,14,11,3,3.0,2.0,14,0,8,3
05769,198,479,388,91,2.39,2.86,479,16,222,166
05770,79,442,355,87,2.58,2.02,442,19,248,107
05772,273,368,327,41,2.11,2.39,368,2,188,139
05773,272,887,702,185,2.47,3.84,887,28,444,258
05774,463,388,308,80,2.4,2.81,388,0,143,165
05775,104,237,181,56,2.24,4.23,237,5,105,76
05776,98,146,117,29,2.25,4.28,146,2,86,31
05777,92,1400,1137,263,2.42,2.14,1400,58,668,469
05778,29,327,219,108,2.58,2.42,327,39,145,74
05819,486,3868,2508,1360,2.42,2.13,3868,456,1526,982
05820,70,156,143,13,2.69,,156,0,95,48
05821,267,363,328,35,2.55,2.29,363,5,169,159
05822,446,810,653,157,1.97,2.07,810,52,375,278
05824,134,512,445,67,2.19,2.24,512,23,245,200
05825,7,31,24,7,2.29,,31,0,15,9
05826,137,311,272,39,2.05,2.85,311,13,107,165
05827,61,159,136,23,2.54,3.13,159,5,35,101
05828,127,847,667,180,2.39,1.7,847,103,307,360
05829,358,745,543,202,1.9,2.21,745,24,204,339
05830,202,635,486,149,2.06,2.19,635,62,230,256
05832,267,403,387,16,2.84,,403,0,216,171
05833,,18,14,4,2.43,2.0,18,4,9,5
05836,88,543,503,40,2.56,2.13,543,6,255,248
05837,140,160,142,18,2.11,3.56,160,11,77,65
05839,187,242,215,27,2.65,3.59,242,10,159,56
05840,56,19,15,4,1.8,4.25,19,0,1,14
05841,440,180,157,23,1.98,1.3,180,7,82,75
05842,56,223,182,41,2.51,2.66,223,4,124,58
05843,246,1005,830,175,2.44,1.82,1005,68,354,476
05845,142,528,477,51,2.47,2.76,528,9,285,192
05846,432,625,397,228,2.15,1.72,625,73,239,158
05847,203,326,270,56,3.04,2.11,326,9,153,117
05850,,56,37,19,4.49,2.21,56,0,37,
05851,342,2495,1857,638,2.22,2.18,2495,253,1053,804
05853,444,323,301,22,2.23,2.27,323,4,182,119
05855,648,3279,2360,919,2.42,1.83,3279,396,1331,1029
05857,127,572,482,90,2.46,1.78,572,57,277,205
05858,180,138,126,12,2.17,2.42,138,2,43,83
05859,637,877,749,128,2.48,2.98,877,28,463,286
05860,511,1140,890,250,2.77,2.06,1140,56,548,342
05862,159,160,131,29,2.27,1.31,160,23,63,68
05866,131,301,249,52,2.36,3.17,301,33,116,133
05867,122,271,227,44,2.66,3.02,271,0,122,105
05868,,35,35,0,2.74,,35,0,7,28
05871,355,556,446,110,2.53,2.11,556,14,283,163
05872,163,411,364,47,2.07,3.64,411,8,169,195
05873,297,344,259,85,1.97,1.58,344,0,147,112
05874,86,215,181,34,2.98,2.12,215,5,131,50
05875,154,199,196,3,2.17,1.67,199,4,145,51
05901,234,9,9,0,1.78,,9,0,,9
05902,13,57,54,3,1.85,4.0,57,8,20,34
05903,210,351,318,33,2.14,1.79,351,7,147,171
05904,28,95,55,40,1.62,2.63,95,0,20,35
05905,476,414,376,38,2.05,2.34,414,6,173,203
05906,193,527,464,63,2.59,2.65,527,12,240,224
05907,179,56,50,6,1.94,,56,4,24,26
06001,389,7570,6338,1232,2.59,2.03,7570,173,4217,2121
06002,575,8802,6051,2751,2.64,1.79,8802,800,4254,1797
06010,2171,24557,15706,8851,2.59,2.18,24557,1974,11175,4531
06013,242,3318,3072,246,2.91,2.29,3318,61,2205,867
06016,140,2730,2014,716,2.65,2.22,2730,57,1495,519
06018,186,1055,607,448,2.9,1.64,1055,191,453,154
06019,241,4173,3363,810,2.6,1.39,4173,359,2391,972
06020,,19,19,0,1.95,,19,0,,19
06021,125,598,554,44,2.29,2.61,598,27,297,257
06022,,23,23,0,2.91,,23,0,23,
06023,,693,620,73,2.34,1.97,693,0,424,196
06024,114,189,180,9,3.19,2.0,189,0,134,46
06026,127,1879,1483,396,2.83,2.27,1879,70,1031,452
06027,44,601,556,45,2.42,1.62,601,4,290,266
06029,488,6714,4703,2011,2.7,1.8,6714,110,3431,1272
06031,198,630,525,105,2.33,1.89,630,12,324,201
06032,491,7790,5571,2219,2.47,1.94,7790,420,3460,2111
06033,484,11930,9514,2416,2.57,1.89,11930,525,6043,3471
06035,95,3158,2842,316,2.56,2.05,3158,46,1879,963
06037,336,7412,6161,1251,2.6,1.94,7412,290,3899,2262
06039,549,729,516,213,2.9,1.58,729,24,286,230
06040,739,14830,7976,6854,2.55,2.25,14830,1404,5608,2368
06042,662,10122,5672,4450,2.3,2.22,10122,366,4082,1590
06043,22,1868,1660,208,2.66,2.02,1868,77,1127,533
06051,1303,12204,3698,8506,2.93,2.41,12204,2826,2666,1032
06052,477,3329,1875,1454,2.56,2.39,3329,541,1276,599
06053,1425,12782,6135,6647,2.53,2.45,12782,1113,3861,2274
06057,316,2510,2152,358,2.68,1.7,2510,75,1546,606
06058,223,700,552,148,2.48,2.53,700,16,302,250
06059,,17,17,0,2.24,,17,0,17,
06060,49,772,772,0,2.99,,772,13,469,303
06061,,110,64,46,1.8,4.13,110,0,49,15
06062,556,8004,5409,2595,2.35,1.8,8004,244,3529,1880
06063,69,1220,1092,128,2.77,2.49,1220,10,732,360
06065,41,237,237,0,2.65,,237,8,173,64
06066,1007,13695,6814,6881,2.36,1.97,13695,1011,4461,2353
06067,573,8894,6087,2807,2.23,2.26,8894,669,3667,2420
06068,407,674,497,177,3.02,2.24,674,63,185,312
06069,307,1171,787,384,2.01,2.05,1171,23,437,350
06070,207,5813,4556,1257,2.62,2.23,5813,337,3098,1458
06071,166,3400,2980,420,2.73,2.23,3400,50,2005,975
06072,,,,0,,,,0,,
06073,82,2148,1892,256,2.74,1.9,2148,34,1332,560
06074,358,9926,8452,1474,2.79,2.05,9926,415,5970,2482
06076,347,5053,3934,1119,2.49,1.93,5053,191,2626,1308
06078,340,3853,3326,527,2.69,1.8,3853,84,2227,1099
06079,149,21,21,0,2.05,,21,0,,21
06080,,,,0,,,,0,,
06081,49,600,363,237,3.32,2.03,600,0,216,147
06082,770,16588,12771,3817,2.5,2.09,16588,922,8429,4342
06084,84,5411,4785,626,2.77,1.82,5411,118,3331,1454
06085,112,2898,2339,559,2.77,1.79,2898,160,1691,648
06088,156,2186,1624,562,1.9,1.7,2186,182,940,684
06089,62,1285,802,483,2.39,1.86,1285,69,519,283
06090,90,334,298,36,1.97,2.72,334,0,184,114
06091,61,93,68,25,1.96,2.8,93,0,37,31
06092,64,1412,1366,46,3.27,3.24,1412,13,987,379
06093,37,1356,1323,33,2.72,2.45,1356,82,961,362
06095,594,11278,9466,1812,2.62,2.28,11278,631,6748,2718
06096,201,5357,4359,998,2.46,1.78,5357,356,2796,1563
06098,749,4708,2826,1882,2.41,1.83,4708,518,1799,1027
06103,604,1424,82,1342,1.7,1.42,1424,183,13,69
06105,1704,9685,1664,8021,2.45,1.87,9685,3383,1005,659
06106,2178,14176,3773,10403,2.99,2.34,14176,4205,2953,820
06107,280,7912,6556,1356,2.66,2.02,7912,191,4333,2223
06108,769,9137,4128,5009,2.72,2.42,9137,1266,3038,1090
06109,461,11411,9135,2276,2.55,1.68,11411,660,6029,3106
06110,199,5375,3447,1928,2.49,2.27,5375,685,2052,1395
06111,651,12575,9799,2776,2.46,2.11,12575,878,6301,3498
06112,1676,7533,2927,4606,2.53,2.5,7533,2202,2061,866
06114,1429,9649,3076,6573,2.74,2.73,9649,1843,2483,593
06117,288,5759,4579,1180,2.75,1.74,5759,470,2911,1668
06118,745,10510,7374,3136,2.69,2.29,10510,931,5175,2199
06119,550,6482,3178,3304,2.48,1.99,6482,657,2070,1108
06120,802,4761,720,4041,2.99,2.52,4761,2030,617,103
06226,728,6752,2355,4397,2.52,2.31,6752,1249,1452,903
06231,117,1384,1302,82,2.52,2.05,1384,9,920,382
06232,73,1178,1025,153,2.71,1.42,1178,12,739,286
06234,260,2833,2186,647,2.83,2.6,2833,157,1474,712
06235,50,878,764,114,2.5,2.39,878,17,470,294
06237,135,2216,1878,338,2.51,1.51,2216,23,1258,620
06238,343,4780,4263,517,2.56,2.38,4780,83,2646,1617
06239,550,4483,2860,1623,2.38,2.32,4483,322,1951,909
06241,292,2684,2003,681,2.36,3.0,2684,153,1310,693
06242,130,517,408,109,2.66,1.61,517,22,258,150
06243,77,57,57,0,4.58,,57,0,57,
06247,78,966,855,111,2.46,2.49,966,27,541,314
06248,107,2219,1900,319,2.63,2.03,2219,80,1393,507
06249,355,2847,2569,278,2.58,1.76,2847,0,1880,689
06250,70,2168,1529,639,2.51,2.47,2168,76,964,565
06254,32,705,583,122,2.76,1.7,705,20,402,181
06255,135,1887,1328,559,2.42,2.16,1887,44,896,432
06256,91,919,826,93,2.26,2.4,919,23,537,289
06258,,,,0,,,,0,,
06259,38,1762,1390,372,2.61,1.95,1762,107,913,477
06260,341,3756,2291,1465,2.64,2.01,3756,356,1547,744
06262,,414,350,64,1.79,1.61,414,0,128,222
06263,30,83,15,68,2.4,2.44,83,6,,15
06264,,70,29,41,2.66,1.78,70,0,18,11
06266,,115,69,46,2.9,1.46,115,0,61,8
06268,460,3977,1632,2345,2.39,1.82,3977,698,869,763
06269,67,147,66,81,2.21,1.8,147,9,,66
06277,325,1480,1363,117,2.68,2.5,1480,16,1011,352
06278,237,1824,1438,386,2.41,2.27,1824,19,976,462
06279,163,2542,1558,984,2.42,1.81,2542,105,933,625
06280,108,1374,752,622,2.22,2.09,1374,34,422,330
06281,185,2939,2464,475,2.57,1.83,2939,168,1577,887
06282,105,487,440,47,2.14,1.83,487,0,298,142
06320,1136,11138,4272,6866,2.35,1.97,11138,2050,3059,1213
06330,175,1251,853,398,2.74,2.64,1251,15,551,302
06331,146,2144,1782,362,2.56,1.44,2144,52,1184,598
06332,53,448,271,177,1.97,1.96,448,35,131,140
06333,164,2723,2062,661,2.83,1.69,2723,23,1395,667
06334,59,902,741,161,2.51,2.68,902,14,446,295
06335,211,2197,1894,303,2.65,3.21,2197,16,1376,518
06336,,19,19,0,4.26,,19,0,15,4
06338,5,31,30,1,2.43,3.0,31,1,8,22
06339,275,3497,2967,530,2.65,2.62,3497,139,1971,996
06340,1515,12660,5297,7363,2.16,2.21,12660,1082,3272,2025
06350,,58,58,0,2.09,,58,0,17,41
06351,518,6557,5099,1458,2.49,2.01,6557,148,3347,1752
06353,,140,115,25,1.52,,140,55,,115
06354,89,2211,1560,651,2.64,2.12,2211,106,1204,356
06355,677,5192,4284,908,2.41,1.56,5192,213,2454,1830
06357,957,4847,3459,1388,2.2,1.94,4847,103,2031,1428
06359,282,2106,1927,179,2.51,1.73,2106,105,1161,766
06360,2146,15611,8491,7120,2.42,2.3,15611,1592,5272,3219
06365,219,1806,1613,193,2.68,2.02,1806,14,975,638
06370,254,2757,2486,271,2.85,1.69,2757,143,1817,669
06371,1696,4016,3373,643,2.55,2.04,4016,29,2051,1322
06373,,60,51,9,1.86,7.11,60,0,31,20
06374,43,3172,2552,620,2.63,2.06,3172,162,1887,665
06375,121,1457,1306,151,2.62,1.78,1457,6,999,307
06376,114,20,20,0,2.55,,20,0,,20
06377,19,1001,788,213,2.82,3.35,1001,26,669,119
06378,516,2665,1977,688,2.21,1.9,2665,33,1238,739
06379,401,3850,2644,1206,2.35,2.05,3850,146,1773,871
06380,186,1264,428,836,2.26,1.89,1264,317,274,154
06382,297,3702,2897,805,2.57,2.41,3702,128,1960,937
06384,108,1086,824,262,2.55,2.05,1086,121,584,240
06385,420,6748,5234,1514,2.33,2.15,6748,372,3246,1988
06387,,163,54,109,2.15,2.23,163,0,54,
06389,,48,48,0,1.98,,48,0,31,17
06390,361,22,12,10,2.5,2.0,22,0,3,9
06401,1130,8032,4617,3415,2.41,2.27,8032,605,2747,1870
06403,145,2631,2267,364,2.34,2.01,2631,52,1622,645
06405,1202,12686,8541,4145,2.34,1.9,12686,596,5110,3431
06409,37,363,286,77,2.05,1.25,363,19,217,69
06410,548,9900,8725,1175,2.73,1.99,9900,466,5445,3280
06412,91,1548,1116,432,2.64,1.6,1548,103,778,338
06413,848,5400,4619,781,2.52,2.0,5400,184,3121,1498
06414,,30,30,0,2.2,,30,0,18,12
06415,560,6333,5062,1271,2.65,1.97,6333,132,3744,1318
06416,311,5742,4475,1267,2.53,1.98,5742,194,2914,1561
06417,200,2061,1360,701,2.32,1.84,2061,144,895,465
06418,681,5613,3828,1785,2.2,2.14,5613,472,2424,1404
06419,225,2276,2191,85,2.8,1.79,2276,25,1327,864
06420,118,1695,1448,247,2.57,2.07,1695,0,1167,281
06422,47,3019,2808,211,2.38,2.41,3019,48,2024,784
06423,331,2223,2030,193,2.4,2.22,2223,0,1264,766
06424,488,4731,4142,589,2.7,2.51,4731,42,3078,1064
06426,204,1621,1220,401,2.38,1.47,1621,82,744,476
06437,968,8665,7309,1356,2.59,2.17,8665,192,4482,2827
06438,135,986,813,173,2.95,2.36,986,19,516,297
06439,,15,15,0,,,15,0,15,
06441,108,1995,1868,127,2.69,2.77,1995,29,1541,327
06442,142,980,761,219,2.62,2.21,980,7,499,262
06443,1329,6719,6040,679,2.7,1.8,6719,175,4178,1862
06444,16,72,72,0,2.47,,72,0,49,23
06447,98,2142,1936,206,2.88,2.26,2142,12,1462,474
06450,1085,15112,9489,5623,2.44,2.2,15112,1535,5929,3560
06451,1100,10079,5203,4876,2.61,2.19,10079,1459,3568,1635
06455,148,1187,1100,87,2.39,3.4,1187,17,802,298
06456,8,122,122,0,1.63,,122,18,43,79
06457,1539,20084,10761,9323,2.44,1.79,20084,1926,7197,3564
06459,,5,,5,,10.2,5,0,,
06460,1731,15863,11261,4602,2.5,1.93,15863,671,7472,3789
06461,322,5447,4929,518,2.75,2.55,5447,156,3325,1604
06467,,208,88,120,3.16,,208,0,73,15
06468,333,6274,5771,503,3.1,1.88,6274,228,4223,1548
06469,88,1298,833,465,2.43,1.92,1298,55,585,248
06470,181,5587,4912,675,2.85,2.27,5587,125,3543,1369
06471,180,2977,2482,495,2.61,1.63,2977,112,1691,791
06472,248,2203,2000,203,2.96,2.54,2203,76,1345,655
06473,370,9642,7951,1691,2.65,1.97,9642,418,5298,2653
06475,1416,4584,3804,780,2.24,2.39,4584,255,2346,1458
06477,181,5169,4625,544,2.81,2.09,5169,178,3064,1561
06478,214,4781,4420,361,2.7,2.17,4781,206,3149,1271
06479,300,4136,3613,523,2.37,1.88,4136,101,2209,1404
06480,422,3564,2875,689,2.72,2.18,3564,106,2001,874
06481,43,608,396,212,2.65,1.36,608,7,330,66
06482,339,4068,3806,262,2.86,1.82,4068,134,2780,1026
06483,269,6432,4707,1725,2.85,1.83,6432,556,3438,1269
06484,587,16204,12862,3342,2.64,1.95,16204,887,8544,4318
06488,768,8029,6928,1101,2.53,1.69,8029,507,4141,2787
06489,689,12722,10658,2064,2.66,2.25,12722,447,7143,3515
06492,891,18289,13352,4937,2.57,1.86,18289,1218,8696,4656
06498,938,3494,2655,839,2.02,1.59,3494,154,1467,1188
06510,341,2233,125,2108,1.72,1.52,2233,679,43,82
06511,3122,20507,3928,16579,2.81,2.31,20507,6375,2583,1345
06512,805,11316,7695,3621,2.76,2.0,11316,885,5021,2674
06513,1447,15064,5977,9087,2.8,2.39,15064,3609,4498,1479
06514,1145,10170,6447,3723,2.76,2.2,10170,762,4730,1717
06515,654,6524,2762,3762,2.73,2.42,6524,712,2018,744
06516,1735,20341,10251,10090,2.79,2.33,20341,2404,6805,3446
06517,694,5922,3600,2322,2.68,1.96,5922,605,2554,1046
06518,759,6304,3910,2394,2.49,2.32,6304,320,2459,1451
06519,884,5252,1462,3790,2.97,2.94,5252,1629,1062,400
06524,56,1768,1637,131,3.04,2.69,1768,26,1224,413
06525,131,3057,2687,370,3.06,2.02,3057,103,1582,1105
06604,1633,10183,3337,6846,2.66,2.41,10183,2556,2482,855
06605,1003,9233,2795,6438,2.69,2.64,9233,1819,1908,887
06606,1495,17125,9963,7162,2.98,2.65,17125,1974,7037,2926
06607,367,2685,924,1761,2.85,3.63,2685,553,566,358
06608,466,4750,1186,3564,2.91,2.94,4750,1508,741,445
06610,747,8938,4386,4552,2.75,2.34,8938,1515,2963,1423
06611,433,12282,10809,1473,3.05,2.42,12282,412,7521,3288
06612,22,2719,2276,443,2.85,2.53,2719,21,1418,858
06614,918,12842,11238,1604,2.67,2.12,12842,717,7700,3538
06615,570,7345,4776,2569,2.65,2.31,7345,685,3408,1368
06702,290,1791,91,1700,,1.32,1791,1398,87,4
06704,1641,10726,4769,5957,2.79,2.48,10726,1836,3143,1626
06705,1015,11200,4990,6210,2.49,2.12,11200,1464,2985,2005
06706,600,5423,2478,2945,2.64,2.85,5423,1028,1671,807
06708,925,12642,7050,5592,2.37,2.53,12642,1304,4630,2420
06710,1059,3362,1252,2110,3.55,2.68,3362,821,867,385
06712,347,3238,2974,264,2.92,1.98,3238,45,2059,915
06716,337,6173,5330,843,2.71,1.79,6173,172,3685,1645
06750,151,532,329,203,2.55,1.34,532,37,194,135
06751,221,1340,1031,309,2.43,2.64,1340,8,701,330
06752,155,728,637,91,2.52,2.41,728,6,351,286
06753,20,28,25,3,1.92,2.0,28,0,8,17
06754,203,675,579,96,2.46,2.31,675,4,347,232
06755,116,337,307,30,3.06,2.3,337,0,285,22
06756,389,1117,995,122,2.67,3.16,1117,8,536,459
06757,292,929,660,269,2.3,1.64,929,122,325,335
06758,,21,21,0,1.52,,21,0,5,16
06759,629,2380,1959,421,2.36,2.03,2380,134,1294,665
06762,260,2906,2609,297,2.75,1.12,2906,111,1668,941
06763,470,825,731,94,2.66,1.83,825,20,513,218
06770,711,12212,8279,3933,2.7,2.3,12212,748,5598,2681
06776,991,10297,8125,2172,2.71,2.18,10297,182,5672,2453
06777,241,664,588,76,2.29,2.62,664,5,418,170
06778,64,493,467,26,2.99,1.73,493,0,336,131
06779,190,3405,2432,973,2.65,1.43,3405,346,1516,916
06782,,807,704,103,2.56,2.34,807,20,452,252
06783,338,939,730,209,2.3,2.0,939,18,511,219
06784,394,1566,1394,172,2.2,2.77,1566,166,697,697
06785,103,314,299,15,2.22,1.93,314,7,155,144
06786,496,3927,2894,1033,2.59,2.0,3927,189,2113,781
06787,294,3076,2404,672,2.7,1.51,3076,281,1676,728
06790,2298,14344,9725,4619,2.53,2.16,14344,1363,6405,3320
06791,230,2070,1936,134,2.69,2.29,2070,41,1140,796
06793,163,532,367,165,2.33,2.33,532,8,205,162
06794,326,387,250,137,2.22,2.34,387,7,187,63
06795,260,5330,4514,816,2.74,2.01,5330,148,2844,1670
06796,291,431,390,41,2.14,2.54,431,11,181,209
06798,439,4501,3511,990,2.19,2.08,4501,85,2297,1214
06801,411,7207,5646,1561,2.88,2.46,7207,365,4111,1535
06804,474,6392,5515,877,2.81,2.36,6392,159,3805,1710
06807,118,2713,1879,834,2.85,2.54,2713,99,1360,519
06810,1289,20216,9278,10938,2.66,2.57,20216,2074,6123,3155
06811,1151,11910,9361,2549,2.54,2.37,11910,398,6407,2954
06812,858,4503,4213,290,3.0,3.33,4503,34,2954,1259
06820,404,6978,6004,974,3.22,2.16,6978,136,4132,1872
06824,396,11950,9999,1951,2.78,2.68,11950,225,6721,3278
06825,457,7416,5968,1448,2.74,2.18,7416,221,3953,2015
06830,1386,9447,5165,4282,2.67,2.5,9447,569,3139,2026
06831,651,5247,3916,1331,2.81,2.87,5247,138,2414,1502
06840,517,6937,5639,1298,3.05,2.59,6937,141,3801,1838
06850,648,8013,4660,3353,2.55,2.12,8013,476,3525,1135
06851,892,11440,7257,4183,2.64,2.21,11440,546,5170,2087
06853,100,1468,1170,298,2.82,2.38,1468,76,816,354
06854,732,11076,5348,5728,2.69,2.77,11076,796,3559,1789
06855,274,3548,1846,1702,2.43,2.3,3548,328,1288,558
06870,160,2673,2071,602,3.02,2.73,2673,87,1439,632
06877,668,9159,7845,1314,2.87,1.9,9159,311,5400,2445
06878,154,2634,2235,399,3.24,2.87,2634,43,1679,556
06880,751,9522,8381,1141,2.89,2.54,9522,145,5516,2865
06883,416,3525,3418,107,2.94,2.56,3525,16,2572,846
06890,136,1680,1479,201,2.79,2.08,1680,61,911,568
06896,381,3307,2818,489,2.68,2.14,3307,126,2029,789
06897,561,6198,5562,636,3.04,2.12,6198,84,4071,1491
06901,855,5053,679,4374,1.58,1.77,5053,1039,341,338
06902,2074,26869,10760,16109,2.64,2.51,26869,2701,7241,3519
06903,208,5218,4767,451,2.83,2.59,5218,58,3050,1717
06905,593,8365,5438,2927,2.68,2.33,8365,789,3745,1693
06906,247,3619,1849,1770,2.81,3.18,3619,218,1320,529
06907,356,3359,2231,1128,2.86,2.17,3359,124,1562,669
07001,207,5055,2779,2276,2.72,2.57,5055,271,1932,847
07002,2107,27036,10642,16394,2.74,2.51,27036,5836,6624,4018
07003,826,19959,10223,9736,3.03,2.13,19959,1898,6997,3226
07004,74,2946,2507,439,2.84,1.41,2946,63,1663,844
07005,273,5606,3899,1707,2.64,2.56,5606,269,2495,1404
07006,318,9816,7585,2231,2.83,1.81,9816,329,5339,2246
07008,509,8231,4678,3553,3.21,2.83,8231,599,2803,1875
07009,81,4791,3908,883,2.8,1.57,4791,408,2577,1331
07010,902,10296,4890,5406,2.54,2.42,10296,1417,2534,2356
07011,583,13357,5918,7439,3.44,2.69,13357,1782,3962,1956
07012,107,5215,2818,2397,3.3,2.25,5215,402,1844,974
07013,322,11341,8046,3295,2.71,2.26,11341,1152,4844,3202
07014,280,1716,1236,480,2.2,2.72,1716,24,767,469
07016,236,9029,7160,1869,2.81,1.83,9029,491,4809,2351
07017,1580,14597,4125,10472,3.26,2.34,14597,4656,3063,1062
07018,1687,11407,2456,8951,3.27,2.44,11407,4207,1724,732
07020,650,6788,2854,3934,2.15,2.06,6788,729,1655,1199
07021,94,714,688,26,3.19,2.88,714,7,472,216
07022,242,6127,2048,4079,2.75,2.27,6127,1512,1386,662
07023,54,2670,2390,280,2.97,1.88,2670,98,1870,520
07024,1402,18189,10550,7639,2.11,2.28,18189,2323,4141,6409
07026,678,11762,5291,6471,2.71,2.8,11762,1144,3165,2126
07027,10,1814,985,829,2.8,2.01,1814,136,572,413
07028,,2539,2387,152,3.19,2.09,2539,58,1824,563
07029,600,8771,2139,6632,2.57,2.46,8771,2963,1260,879
07030,2659,27932,9802,18130,2.19,2.0,27932,9556,8035,1767
07031,315,6660,3238,3422,2.72,2.19,6660,429,2096,1142
07032,730,14294,6670,7624,2.86,2.72,14294,1881,3959,2711
07033,176,2755,1978,777,2.96,3.23,2755,105,1375,603
07034,178,4064,2396,1668,2.75,2.03,4064,150,1503,893
07035,204,4079,3116,963,2.57,2.3,4079,100,2004,1112
07036,885,16300,9552,6748,2.94,2.45,16300,1798,6548,3004
07039,383,10452,9080,1372,3.0,2.59,10452,328,6123,2957
07040,352,8264,6654,1610,3.18,2.58,8264,570,5151,1503
07041,224,2668,1862,806,3.02,2.1,2668,80,1128,734
07042,779,10454,5557,4897,3.12,2.13,10454,1026,3711,1846
07043,246,4148,3536,612,3.16,2.34,4148,134,2544,992
07044,288,5714,4709,1005,2.72,1.64,5714,294,3037,1672
07045,114,3629,3507,122,2.78,2.62,3629,76,2068,1439
07046,58,1413,1318,95,3.23,2.17,1413,0,916,402
07047,1605,23315,9579,13736,2.87,2.52,23315,5522,6068,3511
07050,944,12420,2720,9700,3.18,2.52,12420,3576,1793,927
07052,891,16977,12201,4776,2.88,2.62,16977,1307,8465,3736
07054,394,11845,5930,5915,3.06,2.07,11845,1054,4049,1881
07055,761,20217,4308,15909,3.68,3.4,20217,5822,2885,1423
07057,289,4917,1846,3071,3.02,2.04,4917,557,906,940
07058,,2123,1475,648,2.85,2.74,2123,0,899,576
07059,254,5500,4886,614,2.9,3.03,5500,125,2671,2215
07060,833,15777,6203,9574,2.97,2.98,15777,2399,4465,1738
07062,280,4540,2677,1863,3.02,3.34,4540,537,2054,623
07063,168,4366,2607,1759,3.03,3.55,4366,460,2141,466
07064,50,1286,1126,160,3.05,3.02,1286,101,806,320
07065,661,12158,6788,5370,2.64,2.15,12158,1207,4791,1997
07066,198,5902,4657,1245,2.8,1.82,5902,212,2669,1988
07067,153,6249,5548,701,3.07,2.49,6249,235,3518,2030
07068,118,2429,1922,507,2.67,2.19,2429,55,1333,589
07069,148,2327,2018,309,2.91,2.19,2327,87,1217,801
07070,226,6720,4120,2600,3.01,2.31,6720,358,2537,1583
07071,381,9083,5223,3860,2.75,2.05,9083,673,3503,1720
07072,157,2411,1477,934,3.01,2.05,2411,144,776,701
07073,302,4356,1503,2853,2.51,2.15,4356,440,977,526
07074,32,970,676,294,2.75,4.15,970,32,358,318
07075,85,3735,2367,1368,3.1,1.84,3735,338,1645,722
07076,174,8903,7384,1519,2.94,1.86,8903,404,5184,2200
07077,23,1187,759,428,3.04,2.37,1187,27,560,199
07078,63,4464,4006,458,3.26,2.71,4464,40,2727,1279
07079,280,5680,3814,1866,3.19,2.08,5680,680,2933,881
07080,246,8144,6977,1167,3.0,2.61,8144,261,4897,2080
07081,229,6534,4279,2255,2.83,2.16,6534,210,2698,1581
07082,136,1980,1944,36,2.93,2.36,1980,0,1114,830
07083,921,19667,14863,4804,2.97,2.32,19667,976,10033,4830
07086,1172,7565,2449,5116,2.37,2.03,7565,1625,1728,721
07087,1992,25292,4807,20485,2.51,2.7,25292,9954,2993,1814
07088,20,1108,612,496,2.46,2.86,1108,102,408,204
07090,533,10531,8437,2094,3.15,1.95,10531,425,5886,2551
07092,45,2546,2142,404,2.75,2.33,2546,184,1383,759
07093,1907,24973,6561,18412,2.42,2.63,24973,9155,3911,2650
07094,540,8000,4473,3527,2.8,2.28,8000,536,2736,1737
07095,461,7748,4111,3637,2.83,2.64,7748,471,2785,1326
07102,341,5835,487,5348,3.23,1.84,5835,3191,371,116
07103,1517,12484,2804,9680,3.05,2.48,12484,4467,2111,693
07104,1435,19433,4996,14437,3.17,2.63,19433,6498,3574,1422
07105,926,18883,3631,15252,2.64,2.83,18883,7010,1791,1840
07106,1669,12625,4127,8498,3.07,2.71,12625,4099,3109,1018
07107,1198,14693,3893,10800,3.24,2.71,14693,5008,2855,1038
07108,1601,11094,1815,9279,3.01,2.45,11094,4557,1154,661
07109,1022,13536,7576,5960,3.08,2.46,13536,979,5044,2532
07110,484,11711,7927,3784,2.77,2.06,11711,854,5485,2442
07111,2922,22208,6226,15982,3.34,2.44,22208,6153,4725,1501
07112,1543,10549,2950,7599,2.64,2.48,10549,3248,2219,731
07114,812,4268,767,3501,2.87,2.11,4268,2089,564,203
07201,1078,9394,2193,7201,3.5,2.78,9394,2295,1325,868
07202,812,14261,3420,10841,3.13,2.97,14261,2712,1832,1588
07203,458,7915,4509,3406,3.22,2.33,7915,931,3427,1082
07204,82,5204,3062,2142,3.01,2.21,5204,174,2165,897
07205,491,7191,5026,2165,3.14,3.02,7191,523,3567,1459
07206,754,8504,2321,6183,3.83,3.27,8504,2331,1525,796
07208,828,12195,3271,8924,3.4,2.59,12195,2276,2087,1184
07302,2526,25272,6825,18447,2.19,1.96,25272,10954,5452,1373
07304,1906,18673,5436,13237,3.01,2.56,18673,7289,3783,1653
07305,2405,25335,10634,14701,2.89,2.76,25335,6541,7824,2810
07306,2115,21825,5107,16718,2.64,2.42,21825,9434,3164,1943
07307,1634,17009,5479,11530,2.76,2.41,17009,5908,3526,1953
07310,684,6624,712,5912,1.99,2.04,6624,3839,329,383
07311,79,916,,916,,1.63,916,576,,
07401,148,2213,1695,518,3.37,1.98,2213,208,1235,460
07403,78,2896,1927,969,2.89,2.15,2896,128,1449,478
07405,138,6729,5229,1500,2.84,2.07,6729,304,3513,1716
07407,350,7121,3881,3240,2.89,3.08,7121,562,2435,1446
07410,361,11892,9409,2483,3.06,2.37,11892,736,5879,3530
07416,415,2530,1687,843,2.4,1.71,2530,207,897,790
07417,188,3847,3408,439,2.97,2.04,3847,97,2210,1198
07418,7,995,973,22,2.86,2.64,995,2,819,154
07419,349,3949,3046,903,2.58,2.06,3949,162,2169,877
07420,68,1877,1372,505,2.7,2.74,1877,166,955,417
07421,447,2819,2553,266,2.62,2.32,2819,63,1894,659
07422,450,2178,2021,157,2.58,2.71,2178,17,1615,406
07423,179,1444,1365,79,2.98,2.18,1444,21,932,433
07424,227,10669,7277,3392,2.51,2.18,10669,561,4547,2730
07430,183,9430,7448,1982,2.55,2.13,9430,390,4846,2602
07432,80,2796,1810,986,2.87,1.84,2796,216,1007,803
07435,384,1035,844,191,2.54,1.91,1035,24,495,349
07436,345,4223,3750,473,3.09,2.05,4223,143,2770,980
07438,352,4482,4009,473,2.52,2.28,4482,70,2702,1307
07439,142,828,727,101,2.68,2.42,828,36,480,247
07440,77,1531,1347,184,3.35,1.46,1531,48,884,463
07442,98,4224,3199,1025,2.74,2.27,4224,166,2384,815
07444,258,4736,3917,819,2.44,1.32,4736,760,1787,2130
07446,206,5300,4564,736,2.85,2.33,5300,93,3270,1294
07450,320,8659,7108,1551,3.08,2.51,8659,261,5055,2053
07452,148,3630,3358,272,3.33,3.34,3630,145,2249,1109
07456,107,4200,4000,200,2.75,3.06,4200,46,2645,1355
07457,71,1839,1282,557,2.14,2.34,1839,44,884,398
07458,206,4000,3537,463,2.97,2.53,4000,114,2172,1365
07460,68,1192,1079,113,2.6,1.99,1192,9,710,369
07461,999,6728,5645,1083,2.76,2.17,6728,196,3804,1841
07462,582,2871,2245,626,2.43,1.91,2871,79,1630,615
07463,,3354,3030,324,3.13,1.87,3354,101,2037,993
07465,97,2374,1941,433,2.54,2.0,2374,51,1281,660
07470,600,19147,15022,4125,2.9,2.19,19147,737,9716,5306
07480,389,5975,5312,663,2.5,2.23,5975,295,3474,1838
07481,290,5749,5173,576,2.88,2.28,5749,168,3203,1970
07501,796,12269,1901,10368,3.18,2.81,12269,5221,1427,474
07502,135,4794,2523,2271,3.78,3.77,4794,965,1806,717
07503,349,6086,1884,4202,3.59,2.99,6086,1222,1235,649
07504,224,3984,1357,2627,3.29,2.94,3984,679,1026,331
07505,63,1332,81,1251,2.32,2.46,1332,882,25,56
07506,319,7463,4923,2540,2.86,2.13,7463,488,3318,1605
07508,354,8045,5058,2987,3.05,2.74,8045,893,3388,1670
07512,53,3803,2922,881,2.81,2.81,3803,111,1844,1078
07513,126,3182,982,2200,3.82,3.56,3182,657,784,198
07514,710,6582,2004,4578,3.16,2.77,6582,1341,1114,890
07522,490,7013,1324,5689,3.28,3.2,7013,1856,844,480
07524,265,4459,987,3472,4.05,3.05,4459,1098,641,346
07601,1130,19995,7296,12699,2.46,2.1,19995,3279,5012,2284
07603,195,3102,2150,952,3.11,2.21,3102,260,1352,798
07604,263,4226,2884,1342,3.0,2.57,4226,273,1828,1056
07605,81,3470,2273,1197,2.95,2.14,3470,249,1541,732
07606,60,869,404,465,3.34,3.26,869,63,300,104
07607,124,3755,2610,1145,2.68,2.65,3755,390,1533,1077
07608,,26,,26,,3.54,26,6,,
07620,85,485,457,28,2.75,2.75,485,17,220,237
07621,294,9146,6325,2821,3.39,2.41,9146,1006,4421,1904
07624,112,2791,2294,497,3.09,2.86,2791,101,1519,775
07626,88,3036,2526,510,3.01,2.67,3036,139,1731,795
07627,76,1656,1401,255,2.81,4.03,1656,28,799,602
07628,246,6626,4833,1793,2.95,2.07,6626,409,3085,1748
07630,27,2537,2211,326,2.92,1.93,2537,121,1477,734
07631,787,11320,6070,5250,2.79,2.29,11320,1223,4357,1713
07632,184,1905,1573,332,2.76,2.92,1905,9,703,870
07640,65,1737,1697,40,2.76,3.0,1737,28,988,709
07641,111,1059,1006,53,3.2,2.19,1059,4,739,267
07642,49,3457,3114,343,2.99,2.35,3457,108,2196,918
07643,231,4353,1920,2433,2.81,2.29,4353,349,1142,778
07644,449,9235,3848,5387,3.17,2.53,9235,915,2644,1204
07645,67,2920,2570,350,2.95,2.38,2920,75,1682,888
07646,268,6167,3992,2175,3.03,2.11,6167,172,2592,1400
07647,39,1693,1419,274,2.95,3.0,1693,75,1028,391
07648,46,1921,1608,313,2.93,2.43,1921,72,1056,552
07649,8,2702,2428,274,3.06,2.54,2702,62,1605,823
07650,223,7142,2666,4476,2.91,2.8,7142,1128,1624,1042
07652,532,8354,6803,1551,3.0,2.87,8354,337,4108,2695
07656,277,3246,2766,480,2.9,1.55,3246,171,1607,1159
07657,102,4032,1909,2123,3.21,2.52,4032,283,1293,616
07660,359,4971,2594,2377,2.92,2.36,4971,654,1769,825
07661,151,4352,3342,1010,2.96,2.09,4352,236,2238,1104
07662,54,2248,1790,458,2.6,2.13,2248,121,1210,580
07663,193,5245,3473,1772,3.04,2.12,5245,256,2197,1276
07666,471,13122,10255,2867,3.27,2.45,13122,1179,6824,3431
07670,169,4981,3658,1323,3.03,3.1,4981,43,2303,1355
07675,501,9689,7402,2287,2.99,2.09,9689,503,5145,2257
07676,64,3410,3291,119,2.68,3.97,3410,53,2007,1284
07677,89,2021,1826,195,3.12,1.59,2021,107,1079,747
07701,314,11023,7265,3758,2.36,2.05,11023,1123,4584,2681
07702,9,1361,1182,179,2.97,2.7,1361,68,828,354
07703,73,,,0,,,,0,,
07704,10,2038,1922,116,3.02,3.67,2038,34,1461,461
07711,285,595,486,109,3.04,2.5,595,12,267,219
07712,1686,17010,8365,8645,2.53,2.09,17010,1851,5788,2577
07716,262,3638,2485,1153,2.48,1.68,3638,106,1767,718
07717,373,868,578,290,2.14,1.79,868,68,348,230
07718,65,2393,2214,179,2.89,2.85,2393,12,1298,916
07719,1717,9064,6590,2474,2.53,2.0,9064,559,4349,2241
07720,878,1956,954,1002,2.06,2.2,1956,204,432,522
07721,47,1439,800,639,2.99,2.12,1439,26,555,245
07722,195,3510,3207,303,2.81,3.47,3510,49,2010,1197
07723,930,259,140,119,2.31,2.3,259,30,73,67
07724,503,9575,6625,2950,2.6,2.02,9575,649,4534,2091
07726,673,16214,13976,2238,2.88,1.96,16214,810,9667,4309
07727,298,2366,1984,382,2.8,2.04,2366,63,1157,827
07728,1015,20651,15530,5121,2.8,2.47,20651,2025,10393,5137
07730,65,6300,5756,544,2.75,1.54,6300,398,3747,2009
07731,446,12958,11673,1285,3.07,2.8,12958,210,8604,3069
07732,467,2559,1759,800,2.0,1.52,2559,156,970,789
07733,179,6084,5491,593,2.84,1.85,6084,261,3335,2156
07734,712,4952,2984,1968,2.62,2.72,4952,514,2042,942
07735,700,7954,6094,1860,2.67,1.81,7954,567,4752,1342
07737,119,1508,1368,140,2.89,2.9,1508,61,1098,270
07738,89,2321,2114,207,3.09,1.12,2321,110,1469,645
07739,84,2224,2101,123,2.78,2.07,2224,16,1552,549
07740,2240,12817,5366,7451,2.48,2.47,12817,1489,3274,2092
07746,79,5944,5709,235,3.1,2.74,5944,141,3659,2050
07747,472,12839,9998,2841,2.67,1.94,12839,602,7186,2812
07748,370,10067,8515,1552,2.92,2.19,10067,395,5965,2550
07750,410,1479,1146,333,2.32,1.61,1479,91,572,574
07751,268,7018,6437,581,2.99,2.57,7018,193,4365,2072
07753,766,15843,10676,5167,2.45,2.06,15843,1949,6871,3805
07755,283,2037,1707,330,3.0,4.63,2037,30,998,709
07756,1058,1773,911,862,1.83,1.45,1773,226,412,499
07757,157,2384,2158,226,2.48,3.25,2384,0,1422,736
07758,47,1589,1250,339,2.97,1.84,1589,206,798,452
07760,504,3365,2872,493,2.94,1.98,3365,89,1814,1058
07762,1025,4133,2730,1403,2.33,1.47,4133,334,1419,1311
07764,314,2858,2112,746,2.77,1.81,2858,153,1460,652
07801,444,8299,3916,4383,3.33,2.91,8299,987,2785,1131
07803,64,1387,1217,170,2.82,3.19,1387,32,847,370
07820,,,,0,,,,0,,
07821,402,3438,3047,391,2.7,2.66,3438,67,2117,930
07822,33,352,352,0,3.06,,352,0,216,136
07823,142,3640,2388,1252,2.36,1.62,3640,499,1310,1078
07825,312,3459,3105,354,2.82,2.12,3459,47,1991,1114
07826,569,2181,1866,315,2.56,2.24,2181,23,1180,686
07827,422,1613,1483,130,2.45,3.05,1613,98,850,633
07828,238,5699,3172,2527,2.89,2.15,5699,267,2462,710
07830,38,2777,2676,101,2.7,1.54,2777,27,1768,908
07831,,,,0,,,,0,,
07832,187,1209,1087,122,2.63,1.83,1209,22,756,331
07833,,48,48,0,1.9,,48,0,37,11
07834,566,6880,5785,1095,2.74,2.05,6880,428,3973,1812
07836,187,4458,2995,1463,3.14,1.93,4458,282,2227,768
07838,71,1274,1116,158,2.51,1.57,1274,16,739,377
07840,352,12148,8483,3665,2.67,2.18,12148,602,5900,2583
07842,,10,10,0,3.8,,10,0,10,
07843,661,4391,3750,641,2.52,2.77,4391,74,2623,1127
07844,23,54,12,42,2.92,2.05,54,30,12,
07846,9,6,6,0,3.0,,6,0,6,
07847,,791,622,169,2.29,2.89,791,18,282,340
07848,117,1662,1451,211,2.48,2.19,1662,55,894,557
07849,380,3422,3007,415,2.7,1.9,3422,330,2031,976
07850,227,2494,1945,549,2.86,3.54,2494,62,1351,594
07851,33,153,135,18,2.37,1.22,153,3,65,70
07852,30,1480,1235,245,2.64,2.18,1480,99,804,431
07853,130,4306,4086,220,2.93,3.79,4306,16,2886,1200
07856,530,1709,1137,572,2.45,2.17,1709,16,791,346
07857,138,1793,972,821,2.12,1.64,1793,252,805,167
07860,1271,10152,8050,2102,2.57,2.21,10152,641,5573,2477
07863,91,1510,1314,196,2.41,1.78,1510,42,729,585
07865,31,895,739,156,3.11,4.08,895,17,543,196
07866,95,8274,6889,1385,2.94,1.75,8274,350,5120,1769
07869,243,9118,6955,2163,3.07,2.16,9118,257,4910,2045
07870,,21,21,0,2.38,,21,0,,21
07871,591,7538,6756,782,2.86,1.91,7538,256,5376,1380
07874,121,3091,2730,361,2.75,2.69,3091,39,1983,747
07876,149,3179,2966,213,2.89,2.24,3179,70,2105,861
07878,,246,219,27,2.03,3.19,246,0,104,115
07880,,102,79,23,3.09,4.48,102,0,37,42
07881,11,5,5,0,1.8,,5,0,,5
07882,397,5836,4009,1827,2.72,1.95,5836,410,2740,1269
07885,576,4237,2770,1467,2.89,2.26,4237,129,2098,672
07901,496,8555,5810,2745,2.96,2.48,8555,509,3997,1813
07920,396,10227,8482,1745,2.83,2.21,10227,274,5562,2920
07921,233,3921,3123,798,1.99,1.71,3921,18,1908,1215
07922,213,4089,3937,152,2.88,2.41,4089,196,2463,1474
07924,104,2668,2342,326,2.98,2.32,2668,60,1613,729
07926,,19,11,8,5.18,,19,0,11,
07927,105,1812,1073,739,2.55,2.06,1812,46,822,251
07928,272,6614,5498,1116,3.12,1.95,6614,158,3845,1653
07930,116,2955,2705,250,2.92,2.09,2955,81,1796,909
07931,165,1185,1027,158,2.87,2.78,1185,6,467,560
07932,216,4351,3065,1286,2.59,2.2,4351,113,1847,1218
07933,,952,871,81,2.53,5.38,952,0,455,416
07934,,498,438,60,2.94,1.13,498,15,273,165
07935,10,135,119,16,2.76,3.75,135,0,56,63
07936,72,3797,3560,237,2.92,3.04,3797,101,2097,1463
07939,,26,13,13,,,26,13,,13
07940,251,5710,3663,2047,3.05,2.07,5710,346,2622,1041
07945,67,3377,3081,296,2.83,1.69,3377,113,2267,814
07946,52,1038,994,44,2.99,2.48,1038,11,583,411
07950,207,7938,6087,1851,2.66,2.04,7938,203,3796,2291
07960,900,18312,11319,6993,2.68,2.07,18312,1139,7433,3886
07961,,,,0,,,,0,,
07970,,75,75,0,3.09,,75,0,75,
07974,83,4588,3797,791,2.91,2.26,4588,188,2488,1309
07976,,129,62,67,2.18,2.28,129,6,30,32
07977,,212,108,104,2.94,2.17,212,0,89,19
07979,,57,57,0,2.46,,57,0,57,
07980,31,913,647,266,3.37,2.66,913,22,474,173
07981,83,3809,3359,450,2.43,1.88,3809,173,1879,1480
08001,22,284,229,55,2.38,2.42,284,0,132,97
08002,789,9052,6018,3034,2.81,2.08,9052,629,3704,2314
08003,738,11143,9768,1375,2.88,1.94,11143,294,6087,3681
08004,211,3838,3308,530,2.84,2.22,3838,64,2323,985
08005,1357,10093,9019,1074,2.49,2.58,10093,225,5220,3799
08006,1043,214,199,15,1.99,1.2,214,8,110,89
08007,113,2390,1360,1030,2.62,1.88,2390,283,691,669
08008,13929,3355,3100,255,2.06,1.93,3355,125,1380,1720
08009,250,5391,4355,1036,2.62,2.4,5391,354,2994,1361
08010,511,4202,2886,1316,2.64,2.59,4202,413,1843,1043
08011,,,,0,,,,0,,
08012,906,15076,10170,4906,2.71,2.22,15076,945,7058,3112
08014,69,124,124,0,3.19,,124,0,75,49
08015,877,7243,5967,1276,2.63,2.63,7243,449,3433,2534
08016,879,12594,9369,3225,2.84,2.24,12594,1138,6804,2565
08019,27,375,328,47,2.61,3.02,375,19,146,182
08020,,968,908,60,2.58,2.67,968,20,632,276
08021,1419,21033,10402,10631,2.6,1.98,21033,2464,7073,3329
08022,128,3815,3613,202,2.51,2.17,3815,143,2203,1410
08023,39,119,48,71,3.67,1.93,119,9,48,
08026,52,758,684,74,3.01,3.19,758,44,449,235
08027,122,1978,1708,270,2.49,2.51,1978,136,986,722
08028,765,7080,4537,2543,2.72,2.58,7080,467,2920,1617
08029,73,2253,1575,678,2.77,1.77,2253,200,938,637
08030,563,5129,3402,1727,2.5,2.72,5129,674,2138,1264
08031,347,4696,2935,1761,2.6,2.25,4696,386,1917,1018
08032,,96,96,0,4.14,,96,0,91,5
08033,361,6308,4662,1646,2.95,1.67,6308,270,2994,1668
08034,221,7689,6130,1559,2.53,2.39,7689,243,3613,2517
08035,197,3194,2461,733,2.6,1.63,3194,194,1546,915
08036,113,2474,2286,188,2.47,1.89,2474,131,1544,742
08037,859,8907,6668,2239,2.63,2.22,8907,442,4072,2596
08038,9,163,82,81,3.11,1.91,163,0,48,34
08039,,6,6,0,3.17,,6,0,6,
08041,33,402,393,9,2.34,,402,5,291,102
08042,,31,18,13,2.33,6.38,31,4,9,9
08043,612,11683,7563,4120,2.88,1.98,11683,726,4375,3188
08045,63,1198,841,357,2.66,2.02,1198,143,480,361
08046,1057,10701,8463,2238,2.94,3.06,10701,396,6345,2118
08048,355,4793,3610,1183,2.85,1.95,4793,331,2527,1083
08049,170,2058,1488,570,2.61,2.36,2058,49,1052,436
08050,3264,10646,9434,1212,2.5,2.33,10646,321,5913,3521
08051,189,4298,3362,936,2.67,2.92,4298,106,2305,1057
08052,701,8767,3983,4784,2.66,1.87,8767,574,2511,1472
08053,1057,18653,13591,5062,2.74,1.84,18653,668,9559,4032
08054,930,18545,14262,4283,2.45,2.19,18545,444,9628,4634
08055,410,10332,9175,1157,2.83,2.05,10332,262,6346,2829
08056,119,1729,1680,49,3.31,1.67,1729,51,1310,370
08057,534,7490,6365,1125,2.78,2.51,7490,354,4022,2343
08059,146,2249,1429,820,2.78,2.04,2249,125,952,477
08060,586,9312,6729,2583,2.8,2.19,9312,736,5058,1671
08061,43,1265,1227,38,2.69,3.0,1265,0,1006,221
08062,302,5701,5290,411,3.14,2.41,5701,174,3767,1523
08063,77,1125,1005,120,2.76,2.63,1125,4,712,293
08064,,37,37,0,1.43,,37,0,37,
08065,313,3078,2268,810,2.44,2.34,3078,84,1640,628
08066,636,3761,2445,1316,2.2,2.17,3761,410,1296,1149
08067,49,569,481,88,2.79,3.33,569,11,346,135
08068,170,2832,1754,1078,2.74,1.89,2832,153,1149,605
08069,594,4995,2753,2242,2.69,2.52,4995,943,1603,1150
08070,668,5127,3911,1216,2.56,1.94,5127,330,2336,1575
08071,296,3742,2730,1012,2.73,1.76,3742,266,1826,904
08072,18,133,106,27,2.58,2.85,133,0,58,48
08073,,,,0,,,,0,,
08074,,32,32,0,4.0,,32,0,32,
08075,846,11748,7931,3817,2.76,2.17,11748,691,5540,2391
08077,397,7200,6248,952,2.84,2.43,7200,160,4348,1900
08078,275,3053,2097,956,2.9,2.02,3053,235,1521,576
08079,913,4112,2367,1745,2.36,2.56,4112,712,1206,1161
08080,562,14080,12540,1540,2.76,2.8,14080,582,8692,3848
08081,1139,17337,13875,3462,2.99,2.89,17337,849,10356,3519
08083,200,3691,2929,762,2.76,2.13,3691,142,2208,721
08084,55,2598,1995,603,2.87,1.89,2598,181,1356,639
08085,339,7080,5762,1318,2.96,2.96,7080,72,4280,1482
08086,236,3468,2361,1107,2.41,1.81,3468,162,1577,784
08087,2561,10601,8928,1673,2.37,2.1,10601,444,5493,3435
08088,453,9189,8744,445,2.56,2.68,9189,299,5364,3380
08089,91,1363,1256,107,3.11,2.07,1363,45,847,409
08090,110,3061,2773,288,3.02,3.48,3061,123,2035,738
08091,110,2105,1493,612,2.65,3.02,2105,135,1002,491
08092,274,1141,946,195,2.78,2.12,1141,45,617,329
08093,460,4218,2460,1758,2.56,1.98,4218,485,1608,852
08094,805,14952,12658,2294,2.8,2.24,14952,662,8751,3907
08095,,,,0,,,,0,,
08096,1071,13643,10064,3579,2.83,1.98,13643,1267,6591,3473
08097,30,1200,1064,136,2.81,2.51,1200,17,707,357
08098,329,3493,2681,812,2.67,2.02,3493,166,1778,903
08102,473,3095,634,2461,3.25,2.32,3095,1076,141,493
08103,1038,4355,1737,2618,2.72,2.61,4355,1646,820,917
08104,1689,8537,3064,5473,2.36,2.56,8537,2884,1932,1132
08105,689,8411,3740,4671,3.26,3.16,8411,2494,2276,1464
08106,195,3835,2504,1331,2.95,1.75,3835,281,1790,714
08107,377,5710,2935,2775,2.82,1.99,5710,704,2048,887
08108,424,8385,5397,2988,2.59,1.6,8385,701,3750,1647
08109,532,8635,6288,2347,2.83,2.24,8635,801,4278,2010
08110,544,6098,4428,1670,3.37,2.82,6098,699,3378,1050
08201,394,4075,2684,1391,2.64,2.16,4075,381,1830,854
08202,4839,789,767,22,2.0,1.91,789,14,327,440
08203,5408,3769,2749,1020,2.11,2.04,3769,196,1619,1130
08204,5318,7614,5948,1666,2.22,2.21,7614,533,3685,2263
08205,1011,11031,8767,2264,2.57,2.26,11031,774,5832,2935
08210,1087,7039,5743,1296,2.5,1.83,7039,421,3658,2085
08212,596,79,79,0,1.39,,79,2,25,54
08215,327,5594,3852,1742,2.78,1.93,5594,500,2614,1238
08217,,,,0,,,,0,,
08221,221,2621,2274,347,2.66,2.13,2621,107,1515,759
08223,538,1868,1641,227,2.28,2.0,1868,33,1064,577
08224,28,62,62,0,3.4,,62,0,50,12
08225,167,3084,2757,327,2.73,2.23,3084,73,1744,1013
08226,15482,5353,3764,1589,2.11,1.96,5353,488,1980,1784
08230,493,2099,2035,64,2.64,3.81,2099,9,1316,719
08232,800,6359,3007,3352,3.4,2.87,6359,1356,1763,1244
08234,1454,15773,13295,2478,2.9,2.97,15773,544,8814,4481
08240,,5,5,0,1.8,,5,5,,5
08241,33,450,428,22,2.33,2.41,450,10,265,163
08242,425,1782,1226,556,2.19,1.96,1782,77,745,481
08243,5738,1083,1006,77,1.86,2.44,1083,61,550,456
08244,1044,4635,2343,2292,2.21,2.36,4635,606,1357,986
08245,,,,0,,,,0,,
08246,109,26,26,0,2.04,,26,0,,26
08247,2793,553,502,51,1.92,1.61,553,25,273,229
08248,399,76,76,0,2.12,,76,0,33,43
08251,2069,4658,3810,848,2.18,2.75,4658,103,2450,1360
08260,17188,6145,3968,2177,2.06,1.98,6145,859,2248,1720
08270,539,3101,2480,621,2.54,2.55,3101,126,1743,737
08302,1562,13716,8251,5465,2.93,3.34,13716,1541,4879,3372
08310,68,567,416,151,2.17,2.26,567,15,173,243
08311,160,544,472,72,3.05,4.46,544,32,251,221
08312,323,2921,2205,716,2.93,2.5,2921,93,1681,524
08314,34,180,167,13,2.6,4.23,180,0,121,46
08316,69,85,53,32,1.75,,85,8,36,17
08317,52,571,441,130,2.19,3.18,571,30,274,167
08318,319,4482,3743,739,2.72,2.28,4482,179,2099,1644
08319,80,451,445,6,2.89,3.33,451,2,283,162
08320,,,,0,,,,0,,
08321,201,70,50,20,1.46,2.25,70,2,9,41
08322,180,3418,3023,395,3.06,2.42,3418,39,2162,861
08323,55,223,188,35,2.32,2.26,223,7,102,86
08324,53,100,57,43,2.25,4.19,100,0,24,33
08326,73,443,315,128,2.82,2.8,443,11,225,90
08327,,192,151,41,2.77,1.2,192,0,77,74
08328,34,634,547,87,2.97,1.72,634,34,411,136
08329,16,103,89,14,2.82,,103,0,48,41
08330,887,11503,8627,2876,2.52,2.48,11503,737,5813,2814
08332,1301,14571,9960,4611,2.47,2.29,14571,2047,6184,3776
08340,,386,305,81,2.63,2.1,386,0,189,116
08341,24,846,350,496,2.78,2.45,846,159,214,136
08343,140,1572,1452,120,3.07,2.76,1572,24,789,663
08344,222,1930,1821,109,2.41,1.86,1930,63,893,928
08345,154,292,268,24,2.1,3.54,292,18,138,130
08346,,194,194,0,2.49,,194,0,122,72
08348,,22,15,7,2.4,2.0,22,0,8,7
08349,226,837,543,294,2.51,3.68,837,57,211,332
08350,57,150,150,0,3.12,,150,0,113,37
08352,,115,63,52,1.67,6.46,115,0,34,29
08353,13,120,84,36,2.85,2.33,120,2,34,50
08360,750,15543,9741,5802,2.95,2.53,15543,1189,6425,3316
08361,497,6520,5193,1327,2.86,2.05,6520,408,3043,2150
08401,4555,16176,4520,11656,2.23,2.39,16176,7015,2450,2070
08402,4237,2651,2288,363,2.1,1.57,2651,147,1144,1144
08403,1112,482,395,87,1.84,2.05,482,28,158,237
08406,3399,4243,2744,1499,2.31,1.99,4243,517,1407,1337
08501,21,2476,2247,229,2.64,2.02,2476,18,1360,887
08502,59,3717,3102,615,3.14,2.57,3717,94,2475,627
08505,437,6831,4888,1943,2.58,2.29,6831,122,3609,1279
08510,30,1738,1592,146,3.03,2.57,1738,0,1133,459
08511,6,339,207,132,2.61,2.26,339,0,140,67
08512,272,4406,2754,1652,2.7,2.43,4406,341,1439,1315
08514,190,1976,1774,202,2.63,2.39,1976,53,988,786
08515,53,2272,2136,136,3.33,2.54,2272,31,1614,522
08518,159,2214,1387,827,2.81,2.09,2214,128,1186,201
08520,844,10362,7339,3023,3.0,2.51,10362,661,5609,1730
08525,155,1828,1517,311,2.56,2.27,1828,62,995,522
08527,1125,20567,17689,2878,2.79,2.69,20567,941,11848,5841
08528,,187,187,0,1.17,,187,0,33,154
08530,272,3291,2353,938,2.5,1.8,3291,81,1694,659
08533,91,2431,1925,506,2.59,2.73,2431,65,1393,532
08534,324,4574,3834,740,2.87,2.14,4574,187,2319,1515
08535,109,1669,1518,151,3.13,2.91,1669,22,1140,378
08536,516,8168,3636,4532,2.83,2.26,8168,423,2378,1258
08540,1325,17695,11568,6127,2.77,2.38,17695,1272,6963,4605
08542,359,1007,386,621,2.7,2.4,1007,272,251,135
08544,,,,0,,,,0,,
08550,339,7310,5677,1633,2.92,2.44,7310,314,3693,1984
08551,113,1975,1796,179,2.94,1.6,1975,77,1171,625
08553,18,280,241,39,2.8,1.59,280,3,124,117
08554,53,1646,1341,305,2.45,3.13,1646,31,999,342
08555,11,339,279,60,2.71,4.18,339,6,162,117
08558,161,2610,2191,419,3.1,2.2,2610,233,1609,582
08559,234,2253,1941,312,2.4,2.04,2253,67,1199,742
08560,106,1483,1366,117,2.57,3.34,1483,15,666,700
08561,,144,77,67,3.6,2.33,144,0,46,31
08562,164,1476,1119,357,2.67,2.62,1476,37,632,487
08608,129,505,31,474,2.16,1.9,505,228,31,
08609,885,4364,1339,3025,3.26,2.81,4364,1383,411,928
08610,524,11675,7774,3901,2.88,2.5,11675,695,5027,2747
08611,1217,10269,3925,6344,2.66,3.14,10269,2798,2428,1497
08618,2148,13691,5607,8084,2.74,2.4,13691,3562,3381,2226
08619,485,9103,6416,2687,2.66,2.23,9103,542,4356,2060
08620,281,4152,3409,743,2.85,1.94,4152,72,1880,1529
08628,423,4092,2515,1577,2.24,1.88,4092,86,1510,1005
08629,212,4208,2874,1334,3.15,2.75,4208,339,1741,1133
08638,1431,8723,5055,3668,2.65,2.52,8723,1676,3132,1923
08640,64,866,2,864,2.5,3.24,866,13,2,
08641,103,1432,,1432,,3.35,1432,7,,
08648,835,11480,7921,3559,2.82,2.21,11480,538,5449,2472
08690,294,7857,6547,1310,2.7,1.91,7857,188,4245,2302
08691,347,6635,5452,1183,2.68,1.77,6635,424,3825,1627
08701,2514,30408,15475,14933,4.31,4.13,30408,2928,8952,6523
08720,,215,166,49,3.06,1.71,215,0,94,72
08721,1212,7862,6655,1207,2.64,3.11,7862,334,4795,1860
08722,252,3916,3564,352,2.75,2.96,3916,182,2656,908
08723,1176,12649,9783,2866,2.64,2.32,12649,685,6948,2835
08724,1410,15927,13143,2784,2.52,2.27,15927,475,8781,4362
08730,334,1805,1701,104,2.78,2.13,1805,95,1061,640
08731,1019,8504,7209,1295,2.46,2.54,8504,248,4591,2618
08732,109,664,598,66,2.19,2.09,664,3,379,219
08733,61,1037,647,390,2.68,2.4,1037,89,458,189
08734,330,2532,2383,149,2.99,2.59,2532,58,1595,788
08735,5181,2156,1844,312,1.84,1.87,2156,67,670,1174
08736,1017,5297,4701,596,2.62,1.77,5297,118,3166,1535
08738,1133,634,578,56,2.2,2.21,634,26,201,377
08740,485,757,566,191,2.18,2.06,757,40,369,197
08741,153,1051,972,79,2.53,3.3,1051,23,681,291
08742,2197,10376,8169,2207,2.42,2.23,10376,359,5339,2830
08750,541,1475,1315,160,2.33,3.15,1475,24,628,687
08751,3310,1928,1168,760,1.86,1.96,1928,282,466,702
08752,2809,1335,1095,240,1.82,1.54,1335,133,477,618
08753,2502,24947,19889,5058,2.61,2.43,24947,1078,14322,5567
08755,776,10299,8387,1912,2.57,2.45,10299,880,4704,3683
08757,1776,17702,15032,2670,1.94,2.08,17702,1706,7467,7565
08758,526,3303,2973,330,2.35,2.36,3303,142,1834,1139
08759,2291,19912,17267,2645,1.7,1.54,19912,2351,5545,11722
08801,191,2530,2125,405,2.53,1.88,2530,36,1454,671
08802,71,1461,1361,100,3.03,1.74,1461,77,871,490
08804,98,1138,895,243,2.86,1.56,1138,2,612,283
08805,396,5128,2564,2564,3.01,2.28,5128,485,1816,748
08807,528,13740,11324,2416,2.88,2.36,13740,572,7395,3929
08809,32,2231,1729,502,2.65,1.89,2231,72,1300,429
08810,138,2761,2460,301,2.96,3.02,2761,25,1881,579
08812,403,4544,3509,1035,2.95,3.29,4544,127,2572,937
08816,678,16472,13519,2953,3.01,2.72,16472,822,8793,4726
08817,896,16234,9024,7210,2.95,2.84,16234,755,5367,3657
08820,175,13310,10020,3290,2.99,3.0,13310,850,5989,4031
08821,35,165,165,0,3.32,,165,0,136,29
08822,428,11462,8966,2496,2.74,2.31,11462,339,6353,2613
08823,78,3476,2410,1066,2.54,2.69,3476,154,1660,750
08824,172,4503,3949,554,3.04,2.73,4503,109,2836,1113
08825,126,1917,1537,380,2.45,2.06,1917,102,985,552
08826,117,2181,1878,303,2.55,1.72,2181,56,1247,631
08827,136,1561,1404,157,2.47,2.23,1561,70,1023,381
08828,8,991,723,268,2.43,2.28,991,65,468,255
08829,64,1427,1102,325,2.59,2.14,1427,88,879,223
08830,407,6410,4554,1856,2.82,2.61,6410,384,3001,1553
08831,1416,22751,20309,2442,2.39,2.01,22751,1580,11253,9056
08832,33,976,218,758,3.17,2.96,976,191,113,105
08833,190,3516,3031,485,2.59,2.27,3516,48,1783,1248
08835,258,4380,3287,1093,2.44,2.59,4380,460,2041,1246
08836,9,1336,1295,41,3.15,3.2,1336,0,870,425
08837,371,6874,3445,3429,2.97,2.51,6874,477,2319,1126
08840,257,6083,4723,1360,3.12,2.23,6083,270,3143,1580
08844,635,15293,12845,2448,2.81,2.64,15293,479,9233,3612
08846,144,5459,4063,1396,2.71,2.51,5459,285,2905,1158
08848,194,2993,2767,226,2.88,2.18,2993,54,1886,881
08850,95,3043,2505,538,2.77,2.65,3043,118,1570,935
08852,190,7141,4855,2286,2.61,2.51,7141,395,3453,1402
08853,83,1913,1615,298,2.89,1.96,1913,0,1228,387
08854,745,16954,11153,5801,3.24,2.64,16954,821,7647,3506
08857,470,15753,10419,5334,2.88,1.96,15753,1065,6991,3428
08858,,,,0,,,,0,,
08859,152,8837,5303,3534,3.0,2.41,8837,367,3346,1957
08861,882,19135,6497,12638,3.1,2.91,19135,3862,4521,1976
08863,244,4349,3082,1267,3.24,2.3,4349,375,2206,876
08865,1038,12885,8604,4281,2.38,2.2,12885,1157,5293,3311
08867,98,1892,1770,122,2.88,2.33,1892,7,1167,603
08869,137,3119,1744,1375,2.81,2.24,3119,188,1059,685
08872,328,7501,4443,3058,2.71,2.5,7501,436,2838,1605
08873,1292,20794,14225,6569,2.65,2.56,20794,831,8921,5304
08876,398,8926,5925,3001,2.64,2.21,8926,633,3994,1931
08879,516,9004,5298,3706,2.66,2.12,9004,636,3640,1658
08880,82,1778,992,786,2.42,3.03,1778,184,653,339
08882,314,5658,3753,1905,2.81,2.9,5658,471,2113,1640
08884,46,3143,2585,558,2.83,1.52,3143,296,1427,1158
08886,29,2519,2119,400,2.95,2.34,2519,41,1542,577
08887,42,584,376,208,2.15,2.29,584,23,278,98
08889,34,4242,3768,474,2.49,1.82,4242,204,2245,1523
08890,40,7,,7,,2.14,7,0,,
08901,1234,15464,3059,12405,3.17,3.0,15464,4849,1978,1081
08902,474,15488,8805,6683,2.81,2.56,15488,978,6056,2749
08904,442,6502,2666,3836,2.93,1.85,6502,957,1724,942
10001,2307,14273,3780,10493,1.99,1.72,14273,12298,1467,2313
10002,2976,34737,5850,28887,2.04,2.19,34737,28910,2413,3437
10003,5662,25181,9245,15936,1.85,1.7,25181,20012,4596,4649
10004,647,2113,864,1249,2.61,2.03,2113,1463,537,327
10005,1576,4782,795,3987,1.98,1.77,4782,4369,508,287
10006,403,1991,348,1643,1.59,2.03,1991,1637,228,120
10007,641,3246,1018,2228,2.89,2.0,3246,2387,623,395
10009,2450,29407,2765,26642,2.35,1.98,29407,23041,825,1940
10010,2826,16207,4884,11323,1.84,1.93,16207,11764,2702,2182
10011,5742,29222,11017,18205,1.82,1.62,29222,22887,5904,5113
10012,2648,11964,2359,9605,2.03,1.71,11964,9730,959,1400
10013,2871,12334,3557,8777,2.29,2.19,12334,8938,1677,1880
10014,4165,17685,5242,12443,1.94,1.55,17685,14351,2781,2461
10016,6213,30115,8458,21657,1.95,1.75,30115,25442,4779,3679
10017,3082,9471,3010,6461,1.68,1.59,9471,7531,1256,1754
10018,796,4535,633,3902,1.83,1.73,4535,4027,203,430
10019,6586,26403,6016,20387,1.55,1.68,26403,22038,2851,3165
10020,,,,0,,,,0,,
10021,8710,21312,9695,11617,2.05,1.9,21312,14041,3742,5953
10022,6975,18294,8989,9305,1.89,1.69,18294,13617,3400,5589
10023,9659,35480,13520,21960,1.84,1.78,35480,24969,6964,6556
10024,6847,29475,11266,18209,2.39,1.97,29475,21094,5751,5515
10025,6473,41418,13365,28053,2.27,2.18,41418,31349,6547,6818
10026,1919,15034,3077,11957,2.28,2.63,15034,10910,2183,894
10027,2862,23638,3249,20389,2.42,2.43,23638,18138,1708,1541
10028,5070,24790,8538,16252,2.12,1.82,24790,17259,3420,5118
10029,3774,33024,2358,30666,2.23,2.26,33024,27487,1065,1293
10030,1368,13111,1915,11196,2.52,2.31,13111,10237,1271,644
10031,2444,21473,2819,18654,2.63,2.88,21473,17165,1301,1518
10032,1882,21959,2104,19855,2.51,2.71,21959,17934,1194,910
10033,1327,20079,2728,17351,2.25,3.1,20079,15185,1734,994
10034,1112,15763,1464,14299,2.27,2.8,15763,11150,961,503
10035,1273,14350,1389,12961,2.51,2.32,14350,12024,843,546
10036,3741,18598,1655,16943,2.0,1.56,18598,16186,932,723
10037,1228,9922,617,9305,2.33,1.89,9922,8012,259,358
10038,2026,10494,2999,7495,2.17,2.1,10494,8558,1104,1895
10039,744,11550,1817,9733,2.15,2.37,11550,9056,1035,782
10040,848,16502,2136,14366,1.83,2.83,16502,12460,988,1148
10044,911,4914,1128,3786,2.43,2.17,4914,3687,583,545
10065,6192,16112,5056,11056,2.05,1.86,16112,12035,1957,3099
10069,883,2651,891,1760,2.03,2.25,2651,1766,599,292
10075,2315,12227,5488,6739,2.13,1.66,12227,8457,2510,2978
10103,,,,0,,,,0,,
10110,,,,0,,,,0,,
10111,,,,0,,,,0,,
10112,,,,0,,,,0,,
10115,,,,0,,,,0,,
10119,,,,0,,,,0,,
10128,6277,29351,9293,20058,2.24,1.84,29351,21282,4778,4515
10152,49,,,0,,,,0,,
10153,,,,0,,,,0,,
10154,,,,0,,,,0,,
10162,115,1208,,1208,,1.88,1208,744,,
10165,,,,0,,,,0,,
10167,,,,0,,,,0,,
10168,,,,0,,,,0,,
10169,,,,0,,,,0,,
10170,,,,0,,,,0,,
10171,,,,0,,,,0,,
10172,,,,0,,,,0,,
10173,,,,0,,,,0,,
10174,,,,0,,,,0,,
10177,,,,0,,,,0,,
10199,,,,0,,,,0,,
10271,,,,0,,,,0,,
10278,,,,0,,,,0,,
10279,62,56,,56,,2.34,56,56,,
10280,683,4208,1303,2905,1.87,2.12,4208,3456,462,841
10282,335,2581,246,2335,3.72,2.36,2581,1698,169,77
10301,2163,14308,6543,7765,2.96,2.28,14308,4273,4357,2186
10302,983,5597,3190,2407,3.36,3.03,5597,1319,2213,977
10303,997,8387,5193,3194,3.34,3.14,8387,2313,3789,1404
10304,1564,15160,7344,7816,3.13,2.47,15160,3812,4655,2689
10305,1098,15969,10532,5437,2.95,2.33,15969,2991,6807,3725
10306,1212,19820,14164,5656,2.95,2.38,19820,2958,9171,4993
10307,239,5146,4032,1114,3.09,2.08,5146,345,2851,1181
10308,876,10488,8217,2271,3.07,2.25,10488,897,5360,2857
10309,380,12114,9919,2195,3.08,2.3,12114,668,6876,3043
10310,905,9070,5590,3480,2.98,2.62,9070,1799,3712,1878
10311,,,,0,,,,0,,
10312,1034,21708,17870,3838,3.13,2.06,21708,1361,12267,5603
10314,2032,31761,23841,7920,3.06,2.48,31761,3309,15175,8666
10451,482,20434,2872,17562,2.33,2.45,20434,15370,1184,1688
10452,608,27940,759,27181,2.91,2.8,27940,22322,376,383
10453,627,27864,1385,26479,3.13,2.81,27864,20401,764,621
10454,510,14259,657,13602,3.95,2.59,14259,10688,516,141
10455,383,15673,1426,14247,2.41,2.67,15673,11810,866,560
10456,1027,31718,1788,29930,3.23,2.72,31718,24287,1033,755
10457,980,25682,1560,24122,3.28,2.93,25682,18208,823,737
10458,2085,29090,993,28097,2.77,2.85,29090,21127,594,399
10459,815,17453,2126,15327,2.96,2.87,17453,11296,1641,485
10460,1033,21480,2308,19172,3.65,2.62,21480,14811,1496,812
10461,1221,19084,6433,12651,3.15,2.47,19084,7194,4120,2313
10462,1550,29843,6637,23206,2.99,2.51,29843,15978,4043,2594
10463,708,30201,9946,20255,2.24,2.4,30201,14140,4424,5522
10464,151,1958,1313,645,2.32,2.11,1958,203,699,614
10465,1012,16211,9147,7064,2.89,2.5,16211,3829,5948,3199
10466,1025,25014,9941,15073,3.38,2.74,25014,10248,7078,2863
10467,1896,38175,5282,32893,2.84,2.58,38175,23461,2697,2585
10468,1042,27795,2210,25585,2.35,2.95,27795,20002,1162,1048
10469,1121,23517,11709,11808,3.39,2.79,23517,7932,8130,3579
10470,185,6412,2317,4095,2.77,2.38,6412,2503,1283,1034
10471,521,9015,4845,4170,2.23,2.17,9015,2733,2534,2311
10472,2086,21876,3371,18505,3.55,2.91,21876,13661,1891,1480
10473,706,22362,6590,15772,3.1,2.51,22362,10261,4128,2462
10474,242,3649,328,3321,2.26,2.84,3649,2695,207,121
10475,156,18608,7673,10935,2.35,2.29,18608,8327,2374,5299
10501,38,495,456,39,3.07,1.28,495,5,223,233
10502,82,1882,1542,340,3.23,2.56,1882,93,1060,482
10503,,50,50,0,1.42,,50,0,16,34
10504,240,2753,2504,249,3.06,2.76,2753,46,1752,752
10505,,411,237,174,3.73,2.04,411,107,163,74
10506,236,2033,1933,100,2.94,2.68,2033,0,1445,488
10507,230,1984,1080,904,3.07,2.41,1984,131,756,324
10509,514,7126,5648,1478,2.85,2.6,7126,317,3809,1839
10510,243,3776,3069,707,2.87,2.15,3776,277,2138,931
10511,155,742,615,127,3.16,2.28,742,56,421,194
10512,821,9213,7605,1608,2.74,2.02,9213,572,5159,2446
10514,152,4327,3987,340,3.09,2.7,4327,0,2643,1344
10516,278,2283,1714,569,2.57,2.14,2283,153,1136,578
10517,,162,97,65,3.72,1.63,162,0,73,24
10518,155,376,348,28,2.32,4.71,376,17,167,181
10519,28,59,21,38,2.0,3.03,59,0,21,
10520,324,5110,3425,1685,2.79,1.91,5110,380,2270,1155
10522,256,3812,2281,1531,2.94,2.42,3812,256,1449,832
10523,338,3235,1638,1597,3.62,2.36,3235,191,1075,563
10524,338,1478,1324,154,2.73,2.26,1478,76,845,479
10526,55,662,583,79,2.73,2.56,662,19,341,242
10527,,185,166,19,3.27,1.95,185,0,103,63
10528,174,4622,2485,2137,3.11,2.71,4622,454,1442,1043
10530,301,6395,5344,1051,2.14,2.13,6395,947,3162,2182
10532,56,1782,1549,233,2.91,1.52,1782,133,839,710
10533,361,2362,1847,515,3.26,2.96,2362,73,1211,636
10535,,136,83,53,2.06,3.17,136,0,40,43
10536,286,3542,3117,425,3.1,2.63,3542,109,1994,1123
10537,172,875,681,194,2.96,2.88,875,42,412,269
10538,368,5995,4849,1146,3.05,2.27,5995,463,3140,1709
10540,,,,0,,,,0,,
10541,617,8869,7668,1201,3.06,2.37,8869,329,5262,2406
10542,,,,0,,,,0,,
10543,461,7155,4472,2683,3.07,2.8,7155,689,3045,1427
10545,,,,0,,,,0,,
10546,88,411,362,49,2.61,2.41,411,11,262,100
10547,93,2682,1704,978,2.84,2.34,2682,151,1109,595
10548,155,1219,1011,208,3.3,1.67,1219,46,736,275
10549,226,5930,4269,1661,2.44,3.05,5930,482,2453,1816
10550,777,15504,3713,11791,3.49,2.21,15504,6146,2710,1003
10552,320,9841,5743,4098,2.44,2.1,9841,2058,3719,2024
10553,173,3632,1942,1690,2.93,2.66,3632,744,1366,576
10560,198,1761,1476,285,2.86,1.93,1761,59,1003,473
10562,621,12342,7366,4976,2.58,2.5,12342,1111,5155,2211
10566,951,10404,5782,4622,2.45,2.37,10404,1612,3838,1944
10567,557,6623,6040,583,3.13,2.62,6623,146,4125,1915
10570,200,4072,3482,590,2.99,2.39,4072,167,2358,1124
10573,944,13197,7092,6105,3.03,3.17,13197,1773,4593,2499
10576,273,1740,1627,113,2.89,2.14,1740,57,1073,554
10577,126,731,685,46,3.66,1.93,731,0,437,248
10578,24,498,498,0,3.02,,498,0,118,380
10579,767,2976,2763,213,2.8,2.52,2976,86,1822,941
10580,363,6246,4571,1675,3.01,2.39,6246,266,2986,1585
10583,932,14143,12036,2107,2.94,2.84,14143,695,7514,4522
10588,15,1248,731,517,2.39,2.77,1248,154,540,191
10589,397,3502,3057,445,2.02,1.81,3502,143,1674,1383
10590,181,2542,2308,234,2.82,2.59,2542,25,1628,680
10591,477,9397,4708,4689,2.46,2.43,9397,753,2711,1997
10594,59,1632,1422,210,3.27,2.43,1632,75,873,549
10595,178,2360,1628,732,2.99,2.14,2360,349,1030,598
10596,62,399,191,208,2.48,2.27,399,32,134,57
10597,67,242,242,0,3.12,,242,0,176,66
10598,692,10362,9225,1137,2.87,2.35,10362,518,5713,3512
10601,615,5353,2121,3232,1.87,2.05,5353,1237,1206,915
10603,389,7307,4484,2823,2.75,2.44,7307,715,2868,1616
10604,196,3893,2209,1684,3.03,2.97,3893,401,1508,701
10605,557,7834,5714,2120,2.58,2.55,7834,629,3274,2440
10606,514,5712,2390,3322,2.98,2.52,5712,970,1630,760
10607,78,2207,1680,527,3.01,2.96,2207,139,1174,506
10701,1549,25954,7342,18612,2.51,2.5,25954,8998,4168,3174
10703,334,7995,4177,3818,2.78,2.96,7995,1717,2510,1667
10704,594,12533,7641,4892,2.73,2.42,12533,2003,4471,3170
10705,748,15161,5282,9879,2.36,2.75,15161,5672,3131,2151
10706,100,3265,2603,662,2.79,2.12,3265,166,1639,964
10707,276,3996,2301,1695,2.76,2.23,3996,305,1455,846
10708,720,9564,7099,2465,2.3,2.09,9564,1071,3778,3321
10709,244,3735,2850,885,2.84,2.39,3735,271,1722,1128
10710,368,10077,6925,3152,2.69,2.41,10077,1006,3810,3115
10801,662,15122,6662,8460,3.05,2.24,15122,3552,4430,2232
10803,99,4235,3479,756,3.08,2.94,4235,214,2299,1180
10804,212,5173,4916,257,2.95,2.17,5173,54,2743,2173
10805,227,8075,3483,4592,2.59,2.45,8075,1122,1796,1687
10901,409,9093,6561,2532,2.78,2.55,9093,592,3966,2595
10910,,,,0,,,,0,,
10911,,6,,6,,2.0,6,6,,
10913,54,1484,1425,59,3.21,2.22,1484,41,882,543
10914,,106,106,0,4.26,,106,0,79,27
10915,,32,32,0,2.13,,32,0,,32
10916,90,1376,1294,82,3.23,,1376,1,866,428
10917,139,455,400,55,3.44,2.78,455,21,188,212
10918,397,4389,3519,870,2.91,2.35,4389,245,2495,1024
10919,,462,442,20,2.52,3.85,462,7,388,54
10920,101,2868,2474,394,3.22,1.98,2868,83,1876,598
10921,137,1368,1055,313,3.08,2.36,1368,49,706,349
10922,20,407,210,197,2.85,1.54,407,0,178,32
10923,104,2714,1945,769,3.14,2.98,2714,165,1267,678
10924,458,4442,3389,1053,3.03,2.2,4442,234,2346,1043
10925,646,1597,1202,395,2.85,1.86,1597,77,744,458
10926,93,1478,865,613,2.58,2.69,1478,103,486,379
10927,259,3714,1774,1940,3.42,3.2,3714,907,1349,425
10928,282,1984,1094,890,2.6,2.31,1984,104,719,375
10930,282,3418,3101,317,3.22,1.75,3418,194,2295,806
10931,37,324,186,138,3.33,3.51,324,9,111,75
10932,,14,14,0,1.93,,14,0,,14
10933,28,87,52,35,2.77,3.86,87,0,48,4
10940,1822,18576,11694,6882,2.86,2.44,18576,2014,7968,3726
10941,164,5324,3435,1889,2.95,2.23,5324,303,2402,1033
10950,1323,14828,9589,5239,3.9,4.55,14828,2699,6841,2748
10952,861,10556,4466,6090,4.4,4.33,10556,2303,2443,2023
10953,28,,,0,,,,0,,
10954,306,9266,6719,2547,2.98,2.35,9266,406,4273,2446
10956,331,9646,8795,851,3.2,2.4,9646,418,5534,3261
10958,132,990,865,125,2.75,2.91,990,66,591,274
10960,467,5853,2908,2945,2.35,2.57,5853,479,1726,1182
10962,40,1684,1433,251,3.18,1.73,1684,21,983,450
10963,165,1229,884,345,3.02,1.92,1229,53,638,246
10964,82,533,493,40,2.69,1.35,533,83,262,231
10965,346,5506,4173,1333,2.97,2.28,5506,367,2820,1353
10968,221,1231,775,456,2.15,1.88,1231,32,445,330
10969,,381,373,8,2.78,3.13,381,0,324,49
10970,200,3948,2849,1099,2.89,2.8,3948,150,1930,919
10973,88,774,646,128,3.18,2.71,774,48,480,166
10974,80,1252,1062,190,2.56,2.31,1252,62,720,342
10975,62,44,34,10,1.53,,44,0,34,
10976,56,602,354,248,3.21,1.19,602,100,222,132
10977,916,16454,7683,8771,4.23,4.29,16454,3526,5199,2484
10979,20,,,0,,,,0,,
10980,302,4701,4029,672,2.94,2.49,4701,338,2367,1662
10983,27,1890,1721,169,3.08,3.05,1890,30,1076,645
10984,,891,831,60,2.94,2.13,891,27,460,371
10985,,82,82,0,2.52,,82,27,64,18
10986,24,539,489,50,3.34,2.06,539,26,370,119
10987,183,1471,1226,245,2.62,2.02,1471,26,686,540
10988,36,237,146,91,3.1,2.91,237,0,99,47
10989,265,3437,3049,388,2.43,1.72,3437,160,1862,1187
10990,466,7958,6248,1710,2.82,1.9,7958,582,3987,2261
10992,219,3070,2521,549,3.32,2.2,3070,161,1774,747
10993,,1562,973,589,3.27,3.08,1562,255,643,330
10994,60,2416,2401,15,2.86,2.0,2416,7,1545,856
10996,197,860,,860,,3.79,860,5,,
10998,157,1158,965,193,3.07,3.22,1158,0,730,235
11001,423,8688,7292,1396,3.2,2.46,8688,459,4450,2842
11003,591,12279,9932,2347,3.9,3.17,12279,857,7075,2857
11004,279,5302,3673,1629,3.21,2.36,5302,584,2104,1569
11005,445,1452,1356,96,1.42,1.51,1452,501,116,1240
11010,211,8247,7007,1240,3.15,2.76,8247,278,4476,2531
11020,93,1795,1527,268,3.35,3.64,1795,90,883,644
11021,513,8071,5504,2567,2.46,2.09,8071,935,2643,2861
11023,264,3018,2499,519,3.39,3.19,3018,312,1468,1031
11024,264,2093,1708,385,3.44,4.76,2093,120,920,788
11030,526,5788,5333,455,3.05,2.27,5788,225,3073,2260
11040,380,13387,11611,1776,3.26,2.68,13387,744,7210,4401
11042,,,,0,,,,0,,
11050,820,11584,7935,3649,2.84,2.39,11584,777,4792,3143
11096,184,2464,1135,1329,3.81,3.57,2464,583,625,510
11101,7251,15764,2447,13317,2.35,2.06,15764,10645,1831,616
11102,6901,12265,1794,10471,2.55,2.2,12265,7290,687,1107
11103,2895,15515,2518,12997,2.59,2.25,15515,9404,1105,1413
11104,1246,11864,2661,9203,2.43,2.29,11864,6770,1423,1238
11105,1999,15352,4235,11117,2.71,2.41,15352,6811,1905,2330
11106,2562,18225,3403,14822,2.39,2.16,18225,11876,1388,2015
11109,1632,3109,757,2352,1.88,2.25,3109,1497,215,542
11201,2864,31084,10956,20128,2.24,2.01,31084,20999,6805,4151
11203,3288,29002,11643,17359,3.01,2.45,29002,14168,7701,3942
11204,2352,25207,9420,15787,3.33,3.21,25207,10971,4353,5067
11205,1698,16926,5018,11908,2.68,2.93,16926,11128,3751,1267
11206,1448,31256,3374,27882,3.67,2.79,31256,21844,2060,1314
11207,2920,33996,9137,24859,3.37,2.6,33996,20510,6163,2974
11208,3395,33551,9066,24485,3.72,2.99,33551,20368,6324,2742
11209,3533,30150,11558,18592,2.58,2.29,30150,13786,6180,5378
11210,1493,21720,9730,11990,3.5,2.62,21720,8849,6391,3339
11211,2222,26082,4057,22025,2.74,2.47,26082,17793,2180,1877
11212,2617,31594,4332,27262,3.08,2.18,31594,23071,2650,1682
11213,2140,26098,4329,21769,3.32,2.46,26098,18029,2797,1532
11214,2137,31716,11119,20597,3.19,2.86,31716,13091,4876,6243
11215,2745,29395,12229,17166,2.78,2.27,29395,14491,7932,4297
11216,2516,26106,6359,19747,3.07,2.11,26106,17342,4812,1547
11217,2051,18052,5153,12899,2.62,2.16,18052,12589,3493,1660
11218,1249,26140,10552,15588,2.95,2.85,26140,12328,6547,4005
11219,3306,24000,6406,17594,3.92,3.8,24000,12980,3089,3317
11220,2497,27487,7715,19772,3.48,3.37,27487,17129,3121,4594
11221,2986,33851,7255,26596,3.12,2.47,33851,21571,5194,2061
11222,1598,18636,3376,15260,2.53,2.02,18636,11358,1964,1412
11223,2184,27484,10299,17185,3.39,2.82,27484,11318,4742,5557
11224,1336,19218,6033,13185,2.59,2.36,19218,10212,2311,3722
11225,1485,24609,4705,19904,2.96,2.28,24609,16331,3296,1409
11226,3585,37128,4889,32239,3.0,2.61,37128,24813,3545,1344
11228,1276,15485,8476,7009,3.08,2.7,15485,4436,4504,3972
11229,2839,31057,15334,15723,2.95,2.55,31057,12023,7706,7628
11230,2401,31670,9683,21987,3.2,2.73,31670,14995,4952,4731
11231,1290,16738,5316,11422,2.79,2.22,16738,9350,3594,1722
11232,638,9207,2271,6936,3.11,2.79,9207,5666,1057,1214
11233,1724,32147,7821,24326,3.15,2.42,32147,20322,5862,1959
11234,2508,32645,22047,10598,2.98,2.67,32645,8193,14630,7417
11235,2623,34712,13216,21496,2.5,2.35,34712,16575,6202,7014
11236,2723,33728,16410,17318,3.25,2.73,33728,11640,12710,3700
11237,1208,17515,1877,15638,3.1,2.77,17515,11737,938,939
11238,2209,26009,7634,18375,2.49,2.11,26009,17263,5238,2396
11239,334,7845,647,7198,2.65,1.95,7845,5246,584,63
11249,1294,15811,2812,12999,2.72,2.66,15811,10211,1898,914
11354,2211,20400,7909,12491,2.79,2.37,20400,9369,2517,5392
11355,1855,29217,8737,20480,3.13,2.59,29217,15851,3263,5474
11356,593,8104,4013,4091,3.15,3.57,8104,1315,2098,1915
11357,903,15456,11491,3965,2.91,2.6,15456,1622,5847,5644
11358,791,13190,7787,5403,3.04,2.65,13190,2114,3991,3796
11359,,,,0,,,,0,,
11360,1011,8822,6435,2387,2.27,2.27,8822,1234,2585,3850
11361,987,10842,6709,4133,2.69,2.79,10842,1097,3564,3145
11362,527,7279,5593,1686,2.64,2.51,7279,649,2794,2799
11363,34,2908,2154,754,2.63,2.32,2908,415,1190,964
11364,770,13797,9673,4124,2.78,2.93,13797,1858,4957,4716
11365,474,16167,7677,8490,3.07,2.57,16167,3382,3511,4166
11366,459,4619,3284,1335,3.17,2.48,4619,691,1780,1504
11367,1025,14568,6834,7734,2.82,2.83,14568,4495,3345,3489
11368,1595,29550,5917,23633,3.77,3.95,29550,16885,3493,2424
11369,4718,9551,5731,3820,3.03,3.42,9551,3167,3410,2321
11370,3947,7823,4107,3716,3.05,2.81,7823,2422,2058,2049
11371,,,,0,,,,0,,
11372,1457,25164,8670,16494,2.31,2.84,25164,14602,4985,3685
11373,2912,31438,9194,22244,3.15,3.26,31438,18351,3947,5247
11374,1513,19938,8065,11873,2.45,2.29,19938,10048,3607,4458
11375,2201,33099,17435,15664,2.36,2.21,33099,13997,8478,8957
11377,1639,32419,10026,22393,2.46,2.69,32419,15475,4923,5103
11378,1640,12885,6931,5954,3.07,3.1,12885,3110,3376,3555
11379,1280,13887,8137,5750,2.96,2.68,13887,3035,4122,4015
11385,2909,37050,11308,25742,3.01,2.91,37050,15924,6495,4813
11411,203,6509,5559,950,3.34,3.19,6509,845,3814,1745
11412,859,11500,8812,2688,3.9,2.73,11500,2212,6776,2036
11413,765,12983,9656,3327,3.53,3.38,12983,1988,6930,2726
11414,629,11516,8696,2820,2.67,2.71,11516,1501,4551,4145
11415,1006,8546,3410,5136,2.7,2.13,8546,3792,1872,1538
11416,531,7372,3494,3878,3.82,3.52,7372,2186,1905,1589
11417,555,9347,5664,3683,3.6,3.49,9347,1988,3698,1966
11418,557,11609,5609,6000,3.46,3.14,11609,3784,3546,2063
11419,733,12856,7918,4938,4.0,3.73,12856,2897,5104,2814
11420,1115,13555,9498,4057,3.89,3.63,13555,2660,6277,3221
11421,976,11676,6032,5644,3.76,3.54,11676,3439,3908,2124
11422,458,10191,6973,3218,3.55,2.86,10191,1723,5103,1870
11423,539,10007,5846,4161,3.38,2.59,10007,2708,3513,2333
11424,,,,0,,,,0,,
11426,425,6256,4518,1738,3.29,3.44,6256,712,2814,1704
11427,397,7970,5076,2894,3.36,2.76,7970,1515,2896,2180
11428,337,6298,4721,1577,3.49,2.96,6298,1249,3228,1493
11429,365,7974,5762,2212,3.85,2.85,7974,1649,4105,1657
11430,,,,0,,,,0,,
11432,1230,19783,7626,12157,3.21,3.11,19783,8002,4739,2887
11433,811,10822,4998,5824,4.39,3.32,10822,3826,3926,1072
11434,1127,22264,10899,11365,3.36,2.43,22264,6449,7504,3395
11435,1214,19075,6969,12106,3.38,3.0,19075,7245,4329,2640
11436,377,5852,4030,1822,3.73,3.27,5852,1159,2947,1083
11439,,,,0,,,,0,,
11451,,,,0,,,,0,,
11501,329,8361,5474,2887,2.7,2.28,8361,601,3113,2361
11507,108,2277,2225,52,3.0,2.67,2277,176,1261,964
11509,470,730,669,61,2.35,1.9,730,24,388,281
11510,338,10901,9703,1198,3.28,2.34,10901,569,6939,2764
11514,114,1682,1220,462,2.9,2.57,1682,57,663,557
11516,211,2725,1850,875,3.46,2.09,2725,362,1124,726
11518,417,4050,3049,1001,2.6,2.31,4050,381,2130,919
11520,555,14611,9997,4614,3.11,2.86,14611,1468,7139,2858
11530,564,9521,8516,1005,2.98,2.1,9521,512,5309,3207
11542,460,10877,6262,4615,2.74,2.5,10877,1076,3185,3077
11545,331,4325,3838,487,2.8,2.26,4325,87,2372,1466
11547,,202,162,40,2.39,2.53,202,20,99,63
11548,8,340,238,102,3.25,3.01,340,0,131,107
11549,,,,0,,,,0,,
11550,1298,17544,8201,9343,3.68,3.15,17544,3516,6116,2085
11552,276,7304,6605,699,3.52,4.11,7304,429,4665,1940
11553,283,6850,5138,1712,3.9,3.5,6850,637,4083,1055
11554,376,11808,10395,1413,3.14,2.84,11808,871,6161,4234
11556,,,,0,,,,0,,
11557,178,2701,2372,329,3.1,2.65,2701,49,1365,1007
11558,183,2917,1963,954,3.05,2.72,2917,163,1267,696
11559,226,2389,1929,460,3.54,3.42,2389,219,795,1134
11560,176,2384,2012,372,2.9,3.1,2384,64,1232,780
11561,2306,15771,9895,5876,2.53,2.19,15771,1402,6131,3764
11563,364,7765,5917,1848,3.05,2.11,7765,583,3804,2113
11565,238,3209,3052,157,2.88,1.7,3209,100,1942,1110
11566,296,11534,11051,483,3.0,2.41,11534,243,7071,3980
11568,113,1022,940,82,3.05,3.3,1022,22,541,399
11569,206,577,462,115,1.76,3.1,577,119,311,151
11570,374,10740,7897,2843,2.9,1.85,10740,1002,4912,2985
11572,316,10306,9281,1025,2.91,2.62,10306,507,5641,3640
11575,239,4334,3111,1223,4.46,3.4,4334,343,2493,618
11576,228,4526,4051,475,3.0,1.46,4526,197,2446,1605
11577,217,4136,3739,397,2.95,2.09,4136,131,2341,1398
11579,274,1834,1549,285,2.81,2.24,1834,49,1109,440
11580,589,13353,11411,1942,3.4,2.27,13353,874,8127,3284
11581,524,7021,5768,1253,3.39,2.66,7021,455,3875,1893
11590,526,14677,11637,3040,3.27,3.32,14677,909,7028,4609
11596,80,3474,2876,598,3.08,2.61,3474,141,1811,1065
11598,131,3933,3420,513,3.53,3.39,3933,184,2007,1413
11691,991,21572,5613,15959,4.22,2.79,21572,9369,4345,1268
11692,380,8035,2766,5269,3.44,2.68,8035,3165,1994,772
11693,581,5257,2424,2833,2.77,2.53,5257,1747,1304,1120
11694,893,8392,4500,3892,2.85,2.11,8392,1735,2365,2135
11697,1382,1403,1359,44,2.7,2.32,1403,145,417,942
11701,499,9162,6045,3117,3.26,2.38,9162,1117,3810,2235
11702,431,5494,4565,929,2.67,2.07,5494,209,2990,1575
11703,233,5518,4631,887,3.37,2.35,5518,292,3274,1357
11704,449,12972,9668,3304,3.28,2.46,12972,796,6229,3439
11705,68,3027,2540,487,2.84,2.05,3027,162,1518,1022
11706,2407,18882,14200,4682,3.8,2.62,18882,1208,10060,4140
11709,166,2732,2352,380,2.58,1.7,2732,298,1140,1212
11710,329,11362,10173,1189,3.22,2.76,11362,342,7272,2901
11713,526,3256,2195,1061,2.82,2.75,3256,135,1315,880
11714,124,7926,7117,809,2.88,3.34,7926,368,4172,2945
11715,128,1595,1338,257,2.72,1.6,1595,8,955,383
11716,34,3545,2817,728,2.86,2.51,3545,44,1670,1147
11717,683,14754,11914,2840,4.63,3.35,14754,1564,7473,4441
11718,17,1023,971,52,3.11,2.81,1023,36,701,270
11719,109,1149,904,245,2.84,1.7,1149,172,520,384
11720,637,8948,7459,1489,3.38,2.58,8948,455,4935,2524
11721,103,2315,2222,93,2.79,2.33,2315,34,1321,901
11722,944,9436,7008,2428,4.1,3.23,9436,958,4922,2086
11724,76,946,919,27,3.06,,946,59,625,294
11725,348,9220,8539,681,3.18,1.87,9220,414,5372,3167
11726,390,6034,4637,1397,3.82,2.82,6034,237,3072,1565
11727,647,10906,7330,3576,2.75,2.55,10906,874,5261,2069
11729,511,8562,7282,1280,3.23,2.1,8562,380,4680,2602
11730,279,4854,3987,867,2.74,2.36,4854,353,2603,1384
11731,555,10667,9699,968,2.98,2.08,10667,247,5950,3749
11732,13,1547,976,571,2.92,1.48,1547,108,564,412
11733,627,5911,5103,808,2.91,2.4,5911,239,3218,1885
11735,316,11175,8968,2207,3.06,2.19,11175,776,5851,3117
11738,349,5346,4431,915,3.63,3.43,5346,185,3360,1071
11739,41,572,559,13,2.99,,572,8,313,246
11740,129,3353,2698,655,3.34,1.88,3353,241,1844,854
11741,386,9023,7073,1950,3.21,2.25,9023,243,4718,2355
11742,165,4514,3754,760,2.89,2.74,4514,129,2544,1210
11743,942,15300,13572,1728,2.82,2.24,15300,284,8585,4987
11746,1091,21544,18327,3217,3.15,2.95,21544,1273,11579,6748
11747,495,7425,6323,1102,2.68,1.81,7425,373,3616,2707
11749,58,1151,1105,46,3.06,2.67,1151,38,772,333
11751,269,5212,4529,683,2.69,2.22,5212,461,2664,1865
11752,192,3029,2503,526,3.1,2.64,3029,87,1620,883
11753,112,4155,3582,573,3.26,2.9,4155,141,2264,1318
11754,407,6691,5630,1061,2.82,1.62,6691,486,3567,2063
11755,121,4052,3361,691,3.29,1.83,4052,326,2475,886
11756,225,14088,13226,862,3.11,2.76,14088,388,8885,4341
11757,945,14401,12256,2145,3.2,2.69,14401,497,8076,4180
11758,546,19159,17573,1586,2.87,2.33,19159,648,10888,6685
11762,223,7737,7599,138,2.91,2.95,7737,279,4385,3214
11763,337,9540,8426,1114,3.16,2.52,9540,301,5416,3010
11764,417,4240,3545,695,3.28,2.14,4240,76,2296,1249
11765,37,244,220,24,3.13,3.96,244,0,139,81
11766,161,3888,3768,120,2.88,3.02,3888,167,2232,1536
11767,183,4729,4215,514,3.04,2.23,4729,147,2913,1302
11768,511,7882,7136,746,2.71,2.0,7882,195,4427,2709
11769,582,3210,2605,605,2.87,1.85,3210,197,1439,1166
11770,1181,52,45,7,2.31,5.0,52,7,14,31
11771,384,3699,2752,947,2.83,2.35,3699,252,1730,1022
11772,1183,16989,12068,4921,3.0,1.96,16989,1120,8409,3659
11776,540,7830,6112,1718,3.18,2.12,7830,430,4364,1748
11777,234,3456,2661,795,2.63,2.31,3456,181,1455,1206
11778,394,4449,4061,388,2.76,2.18,4449,113,2854,1207
11779,932,12882,9611,3271,3.26,2.18,12882,814,6747,2864
11780,367,5602,5029,573,2.85,2.29,5602,235,2882,2147
11782,1514,5422,4073,1349,3.08,1.91,5422,286,2741,1332
11783,169,7094,6756,338,3.08,2.74,7094,140,4360,2396
11784,428,8209,7080,1129,3.14,2.66,8209,226,5242,1838
11786,35,1977,1840,137,3.27,3.72,1977,20,1363,477
11787,374,11920,10555,1365,2.97,1.98,11920,569,6890,3665
11788,441,5443,4538,905,3.19,2.23,5443,158,2844,1694
11789,131,2655,2300,355,2.92,2.41,2655,46,1496,804
11790,478,4391,3923,468,2.69,3.1,4391,209,2461,1462
11791,265,8170,7600,570,3.2,2.62,8170,167,4686,2914
11792,306,3156,3024,132,2.69,4.33,3156,131,2068,956
11793,313,10407,9952,455,3.04,2.23,10407,276,6493,3459
11794,,,,0,,,,0,,
11795,181,8107,7791,316,3.17,2.66,8107,124,5297,2494
11796,27,1351,1087,264,3.01,2.13,1351,35,758,329
11797,164,3030,2671,359,2.74,2.04,3030,68,1556,1115
11798,357,4871,3473,1398,3.65,3.86,4871,954,1765,1708
11801,388,12915,11296,1619,3.16,3.32,12915,469,6783,4513
11803,397,10344,9467,877,2.97,1.97,10344,699,5563,3904
11804,50,1464,1348,116,3.25,1.7,1464,148,754,594
11901,1853,11065,7609,3456,2.56,3.1,11065,933,3926,3683
11930,1664,366,335,31,2.02,3.03,366,0,177,158
11931,,,,0,,,,0,,
11932,1408,431,371,60,2.57,1.82,431,14,222,149
11933,691,3038,2674,364,2.22,2.23,3038,208,1146,1528
11934,107,2721,2390,331,2.85,2.8,2721,84,1704,686
11935,725,1224,1120,104,2.48,2.86,1224,64,436,684
11937,5650,8328,6742,1586,2.35,3.13,8328,357,3826,2916
11939,592,629,525,104,2.08,2.32,629,17,192,333
11940,273,1850,1404,446,3.05,1.52,1850,21,1043,361
11941,138,820,748,72,2.88,1.96,820,82,549,199
11942,1127,2183,1931,252,2.56,1.93,2183,36,1126,805
11944,941,2207,1519,688,2.0,2.06,2207,181,639,880
11946,2804,6312,4577,1735,2.53,3.09,6312,319,2676,1901
11947,103,,,0,,,,0,,
11948,367,255,255,0,2.06,,255,0,216,39
11949,372,4799,3924,875,2.82,1.79,4799,206,2243,1681
11950,295,4759,3839,920,3.61,3.66,4759,227,2737,1102
11951,682,4718,3760,958,2.99,3.57,4718,310,2699,1061
11952,811,2201,2104,97,2.27,1.37,2201,49,945,1159
11953,273,5708,3966,1742,2.7,1.9,5708,496,2745,1221
11954,2903,1571,1310,261,2.66,2.64,1571,40,537,773
11955,26,1470,675,795,2.43,1.53,1470,32,315,360
11956,157,148,124,24,2.2,1.92,148,3,50,74
11957,428,521,477,44,1.98,1.82,521,18,216,261
11958,248,310,236,74,3.08,,310,0,132,104
11959,1186,235,215,20,2.14,3.65,235,12,59,156
11960,650,445,431,14,2.16,4.21,445,9,183,248
11961,474,5676,4811,865,2.2,2.5,5676,351,2216,2595
11962,783,127,121,6,1.86,4.67,127,0,52,69
11963,2883,3318,2670,648,2.5,2.66,3318,102,1455,1215
11964,1421,1366,1298,68,2.31,,1366,244,705,593
11965,491,417,341,76,1.42,,417,0,149,192
11967,566,8195,7362,833,3.28,3.81,8195,342,5100,2262
11968,5157,5193,4310,883,2.58,2.22,5193,141,2185,2125
11970,185,282,228,54,2.06,,282,54,88,140
11971,1308,2745,2302,443,2.33,3.12,2745,187,1206,1096
11972,105,272,170,102,2.25,1.71,272,0,100,70
11973,103,,,0,,,,0,,
11975,535,189,180,9,1.96,,189,0,71,109
11976,1246,938,854,84,2.15,2.98,938,147,331,523
11977,688,1049,966,83,2.99,2.3,1049,106,557,409
11978,2245,1442,1120,322,2.43,2.56,1442,44,532,588
11980,90,2060,1535,525,2.35,2.14,2060,83,999,536
12007,,127,111,16,2.21,3.69,127,7,49,62
12008,,181,174,7,3.02,,181,26,106,68
12009,159,3154,2504,650,2.78,2.15,3154,89,1627,877
12010,2222,11049,7034,4015,2.4,2.46,11049,1595,3642,3392
12015,687,1282,1086,196,2.87,2.22,1282,78,610,476
12017,108,218,212,6,1.84,1.67,218,0,72,140
12018,310,3014,2507,507,2.57,2.02,3014,30,1628,879
12019,243,6275,4996,1279,2.54,1.53,6275,144,2657,2339
12020,1213,14242,10476,3766,2.47,1.99,14242,669,7229,3247
12022,65,340,276,64,2.87,2.19,340,23,141,135
12023,124,805,664,141,2.64,2.43,805,6,343,321
12024,36,38,36,2,1.28,6.5,38,0,7,29
12025,1053,2165,1774,391,2.49,2.04,2165,55,970,804
12027,8,1675,1351,324,2.79,1.92,1675,34,848,503
12028,26,323,261,62,2.39,3.15,323,8,130,131
12029,289,496,423,73,1.84,1.62,496,62,181,242
12031,22,83,59,24,2.41,2.25,83,0,24,35
12032,1055,282,270,12,2.24,2.58,282,0,148,122
12033,133,3457,2636,821,2.43,1.89,3457,53,1407,1229
12035,42,191,169,22,2.08,2.95,191,6,69,100
12036,124,90,83,7,2.47,3.0,90,25,51,32
12037,387,1808,1347,461,2.78,1.63,1808,90,680,667
12040,,11,11,0,2.27,,11,0,,11
12041,,188,168,20,3.39,1.5,188,10,124,44
12042,30,115,93,22,1.89,4.86,115,0,65,28
12043,535,2709,1754,955,2.63,2.14,2709,248,1031,723
12045,90,233,128,105,1.82,3.17,233,0,107,21
12046,57,271,232,39,1.92,2.31,271,0,120,112
12047,1142,9863,4847,5016,2.42,2.1,9863,1135,3068,1779
12051,307,1513,901,612,2.7,2.18,1513,117,541,360
12052,169,768,724,44,2.76,3.41,768,0,482,242
12053,217,1476,1266,210,2.84,2.51,1476,120,897,369
12054,137,6816,5101,1715,2.59,1.87,6816,332,3466,1635
12056,80,765,642,123,3.05,2.54,765,22,303,339
12057,86,813,713,100,2.92,1.51,813,0,386,327
12058,219,427,353,74,2.48,1.22,427,59,236,117
12059,406,621,578,43,2.46,1.67,621,9,362,216
12060,222,783,690,93,2.37,2.03,783,78,297,393
12061,119,4098,3150,948,2.57,1.83,4098,141,2277,873
12062,142,638,508,130,2.5,2.22,638,26,345,163
12063,,310,310,0,2.21,,310,0,164,146
12064,160,177,132,45,1.99,2.09,177,13,41,91
12065,1171,17855,12660,5195,2.66,1.99,17855,579,7927,4733
12066,125,710,623,87,2.21,2.76,710,18,330,293
12067,37,589,515,74,2.73,1.51,589,27,343,172
12068,295,973,857,116,2.96,1.9,973,29,546,311
12069,,119,119,0,3.29,,119,0,60,59
12070,23,755,533,222,3.04,2.7,755,38,248,285
12071,47,99,74,25,2.15,1.8,99,0,47,27
12072,219,970,798,172,3.18,2.17,970,101,419,379
12074,243,1179,1044,135,2.5,1.77,1179,32,699,345
12075,351,1010,823,187,2.74,1.93,1010,0,445,378
12076,657,572,521,51,2.09,2.37,572,13,202,319
12077,103,2675,2064,611,2.66,1.82,2675,206,1347,717
12078,2369,9418,5701,3717,2.4,2.4,9418,1445,3065,2636
12082,,2,2,0,,,2,0,2,
12083,306,1328,1079,249,3.11,2.16,1328,45,558,521
12084,188,2085,533,1552,2.55,2.15,2085,129,429,104
12085,32,130,,130,,1.64,130,0,,
12086,201,704,604,100,2.5,1.74,704,15,326,278
12087,112,413,377,36,2.71,2.44,413,0,195,182
12090,439,2309,1498,811,2.44,2.45,2309,322,829,669
12092,108,601,390,211,2.74,1.65,601,84,214,176
12093,586,654,565,89,2.31,2.04,654,15,260,305
12094,48,902,870,32,2.83,2.0,902,24,464,406
12095,570,5131,3406,1725,2.49,1.95,5131,492,1892,1514
12106,130,1017,855,162,2.19,2.2,1017,23,430,425
12108,632,119,80,39,4.75,3.21,119,0,10,70
12110,360,7749,5182,2567,2.68,1.98,7749,464,3353,1829
12115,50,34,34,0,1.79,,34,0,34,
12116,328,618,537,81,2.68,1.62,618,32,266,271
12117,600,1267,1085,182,2.24,3.0,1267,73,540,545
12118,536,7343,5017,2326,2.53,1.79,7343,396,3484,1533
12120,97,290,240,50,2.31,3.08,290,30,103,137
12121,78,724,699,25,3.13,3.0,724,9,353,346
12122,649,1896,1415,481,2.14,1.61,1896,95,697,718
12123,224,1998,1629,369,2.5,1.86,1998,62,1051,578
12124,114,97,97,0,2.3,,97,0,72,25
12125,203,512,354,158,2.1,2.8,512,17,269,85
12130,164,161,107,54,3.03,4.37,161,11,72,35
12131,62,69,54,15,2.02,2.07,69,6,16,38
12132,32,98,72,26,2.11,1.96,98,0,72,
12134,1251,1702,1297,405,2.82,2.62,1702,74,614,683
12136,145,304,287,17,2.57,1.59,304,0,156,131
12137,35,759,588,171,2.8,2.94,759,65,360,228
12138,425,1296,1173,123,2.28,2.02,1296,103,547,626
12139,569,89,86,3,3.0,,89,0,42,44
12140,24,595,510,85,2.64,1.78,595,9,318,192
12143,235,2179,1600,579,2.57,2.02,2179,38,1057,543
12144,833,9380,5351,4029,2.53,1.97,9380,790,3517,1834
12147,118,219,203,16,1.74,4.06,219,0,108,95
12148,73,1928,1529,399,2.63,1.32,1928,97,944,585
12149,349,955,696,259,2.46,2.04,955,35,361,335
12150,69,273,269,4,2.25,2.25,273,0,161,108
12151,56,370,316,54,2.36,2.19,370,7,201,115
12153,262,314,297,17,2.59,1.76,314,0,191,106
12154,72,1311,1141,170,2.37,2.65,1311,38,705,436
12155,302,681,558,123,2.31,2.06,681,16,300,258
12156,37,342,265,77,2.85,2.05,342,0,175,90
12157,184,1761,1529,232,2.6,2.85,1761,93,850,679
12158,429,2706,1922,784,2.53,1.99,2706,49,1026,896
12159,85,3714,2770,944,2.47,1.49,3714,104,1325,1445
12160,104,333,291,42,2.16,3.45,333,14,142,149
12161,,8,,8,,,8,0,,
12164,618,123,97,26,3.13,3.62,123,10,29,68
12165,28,89,74,15,1.54,3.6,89,3,26,48
12166,132,541,511,30,2.78,2.8,541,12,232,279
12167,559,1050,728,322,2.36,1.93,1050,106,289,439
12168,139,771,632,139,2.39,2.04,771,0,371,261
12169,16,187,171,16,2.08,1.56,187,11,100,71
12170,232,2018,1593,425,2.54,2.63,2018,104,957,636
12172,14,77,2,75,2.0,2.93,77,0,,2
12173,79,727,533,194,2.86,3.48,727,20,347,186
12174,,208,196,12,3.04,,208,0,131,65
12175,275,281,246,35,2.46,3.2,281,4,105,141
12176,82,186,178,8,1.89,7.0,186,21,72,106
12177,,233,206,27,2.35,,233,0,47,159
12180,3202,21958,9927,12031,2.37,2.08,21958,3331,6247,3680
12182,708,6634,3332,3302,2.31,2.06,6634,1570,2162,1170
12183,211,1282,356,926,1.83,2.49,1282,197,134,222
12184,506,2804,2128,676,2.62,1.84,2804,128,1296,832
12185,102,741,564,177,2.64,1.72,741,19,322,242
12186,179,2546,2198,348,2.6,1.69,2546,21,1448,750
12187,132,225,161,64,2.61,1.81,225,8,74,87
12188,418,4977,3647,1330,2.45,2.03,4977,366,2306,1341
12189,1189,8694,3397,5297,2.43,1.88,8694,1065,2087,1310
12190,522,170,144,26,3.38,5.31,170,0,68,76
12192,70,651,588,63,3.23,3.63,651,0,346,242
12193,245,787,721,66,2.47,1.94,787,0,424,297
12194,81,56,45,11,2.78,3.45,56,0,30,15
12195,,108,71,37,1.76,1.76,108,0,59,12
12196,38,1302,1187,115,3.1,2.11,1302,22,847,340
12197,418,745,644,101,2.7,3.53,745,19,255,389
12198,129,2767,2223,544,2.64,2.25,2767,59,1564,659
12202,980,4203,974,3229,2.02,2.01,4203,1427,708,266
12203,1071,13755,6898,6857,2.29,1.77,13755,1802,4573,2325
12204,377,3819,1093,2726,2.18,2.12,3819,488,674,419
12205,621,11324,8088,3236,2.46,1.91,11324,1198,4797,3291
12206,1937,6443,1457,4986,2.53,2.36,6443,2762,878,579
12207,193,1225,72,1153,1.32,1.55,1225,536,47,25
12208,1198,9876,4750,5126,2.2,1.96,9876,1324,3017,1733
12209,466,4247,2864,1383,2.45,2.18,4247,543,2150,714
12210,1200,5475,1381,4094,2.28,1.78,5475,1846,581,800
12211,275,4431,4082,349,2.69,1.47,4431,254,2527,1555
12222,,,,0,,,,0,,
12226,,,,0,,,,0,,
12302,1468,10951,8185,2766,2.73,1.73,10951,767,5101,3084
12303,1687,11346,8264,3082,2.57,2.67,11346,980,5527,2737
12304,1061,8200,4849,3351,2.5,2.39,8200,1161,2881,1968
12305,455,3393,488,2905,1.9,1.59,3393,918,311,177
12306,1542,10556,7636,2920,2.75,2.15,10556,589,5236,2400
12307,780,2774,764,2010,2.83,2.78,2774,1225,538,226
12308,1283,5693,2612,3081,2.33,2.09,5693,1120,1447,1165
12309,1261,12167,9921,2246,2.82,2.13,12167,417,6150,3771
12401,1920,14536,7944,6592,2.45,2.26,14536,1537,4837,3107
12404,597,1419,1089,330,2.69,2.29,1419,67,614,475
12405,268,218,182,36,2.84,2.39,218,26,60,122
12406,317,298,198,100,2.23,1.3,298,26,73,125
12407,11,40,28,12,2.96,3.08,40,0,8,20
12409,125,442,346,96,2.21,1.99,442,0,142,204
12410,187,215,180,35,1.71,1.23,215,77,67,113
12411,27,157,141,16,2.39,,157,0,85,56
12412,92,253,220,33,2.38,1.55,253,0,50,170
12413,396,1147,749,398,2.35,3.5,1147,95,389,360
12414,1249,4363,3082,1281,2.26,2.29,4363,480,1659,1423
12416,147,137,137,0,1.58,,137,0,67,70
12417,66,408,404,4,2.32,,408,0,81,323
12418,252,108,72,36,2.19,2.94,108,4,32,40
12419,59,272,181,91,2.39,2.36,272,11,94,87
12420,55,88,88,0,3.98,,88,0,71,17
12421,392,140,140,0,1.71,,140,4,89,51
12422,217,138,134,4,2.62,2.25,138,0,34,100
12423,259,412,325,87,2.91,2.99,412,18,192,133
12424,343,144,117,27,2.02,,144,0,49,68
12427,298,143,143,0,4.34,,143,0,48,95
12428,960,2594,1399,1195,2.91,2.09,2594,465,790,609
12429,,19,19,0,1.84,,19,0,19,
12430,681,607,544,63,2.32,2.97,607,14,393,151
12431,246,611,559,52,2.46,3.27,611,0,320,239
12432,31,310,52,258,2.0,2.14,310,0,8,44
12433,163,229,218,11,2.09,2.73,229,21,135,83
12434,151,384,289,95,1.89,1.86,384,83,150,139
12435,71,85,85,0,2.47,,85,0,31,54
12436,254,160,81,79,1.79,,160,0,,81
12438,53,8,8,0,3.63,,8,0,8,
12439,395,155,151,4,2.2,,155,0,122,29
12440,232,627,521,106,2.49,2.06,627,12,313,208
12441,108,62,35,27,2.03,,62,0,,35
12442,1085,390,241,149,1.9,1.53,390,84,78,163
12443,249,1570,1445,125,2.52,1.9,1570,73,878,567
12444,341,147,135,12,2.79,4.25,147,7,56,79
12446,673,2023,1515,508,2.31,3.03,2023,29,858,657
12448,111,99,61,38,1.85,,99,8,11,50
12449,91,1198,672,526,2.81,1.8,1198,113,367,305
12450,48,99,69,30,2.17,1.93,99,0,54,15
12451,133,449,327,122,3.01,3.23,449,8,166,161
12452,9,13,8,5,1.38,,13,4,4,4
12453,124,100,86,14,2.4,1.86,100,0,16,70
12454,203,155,144,11,2.91,1.18,155,0,53,91
12455,982,796,596,200,2.0,2.31,796,78,212,384
12456,,238,205,33,3.25,3.91,238,0,186,19
12457,76,595,427,168,2.64,1.74,595,0,149,278
12458,255,856,743,113,2.5,2.12,856,55,307,436
12459,55,63,63,0,1.78,,63,11,44,19
12460,87,108,99,9,2.06,6.44,108,0,26,73
12461,202,610,507,103,1.99,3.19,610,20,207,300
12463,165,613,496,117,1.86,2.41,613,198,223,273
12464,402,545,409,136,1.86,1.38,545,15,174,235
12465,177,151,134,17,2.4,1.29,151,0,12,122
12466,61,896,730,166,2.32,2.29,896,44,390,340
12468,649,573,507,66,2.49,1.68,573,100,201,306
12469,239,329,329,0,2.24,,329,4,178,151
12470,86,193,182,11,3.6,,193,40,98,84
12471,,288,264,24,,,288,0,20,244
12472,129,608,345,263,2.57,1.52,608,32,193,152
12473,275,236,213,23,2.34,4.17,236,0,92,121
12474,581,400,328,72,2.48,1.82,400,21,144,184
12475,65,176,98,78,3.32,1.77,176,58,44,54
12477,1253,7790,5537,2253,2.56,1.72,7790,416,3040,2497
12480,204,169,164,5,2.18,2.4,169,12,123,41
12481,44,555,514,41,2.96,1.17,555,13,202,312
12482,73,128,112,16,4.27,,128,0,12,100
12483,180,22,22,0,2.45,,22,0,17,5
12484,149,1486,1300,186,2.22,2.28,1486,167,794,506
12485,513,370,216,154,4.23,1.99,370,55,151,65
12486,30,605,485,120,3.12,2.25,605,22,273,212
12487,125,1499,1154,345,2.2,2.86,1499,29,498,656
12489,7,96,42,54,1.38,,96,29,,42
12490,,,,0,,,,0,,
12491,108,715,641,74,2.48,3.38,715,0,347,294
12492,227,92,92,0,2.14,,92,5,39,53
12493,148,57,57,0,,,57,0,,57
12494,295,342,342,0,2.26,,342,0,295,47
12495,124,92,67,25,1.09,,92,0,18,49
12496,1473,496,440,56,2.54,3.13,496,57,205,235
12498,829,2405,1768,637,1.98,1.69,2405,141,764,1004
12501,102,875,435,440,2.03,2.22,875,128,220,215
12502,270,454,393,61,2.49,4.67,454,13,251,142
12503,237,225,203,22,2.68,4.68,225,12,66,137
12504,14,9,,9,,3.22,9,0,,
12507,,92,37,55,2.14,2.78,92,7,22,15
12508,769,7588,4644,2944,2.52,2.04,7588,585,3180,1464
12512,30,76,76,0,3.14,,76,0,52,24
12513,,117,74,43,1.82,,117,0,39,35
12514,263,1327,1297,30,2.39,1.17,1327,22,821,476
12515,122,545,383,162,3.49,1.96,545,68,157,226
12516,374,780,668,112,2.09,1.99,780,20,282,386
12517,27,164,74,90,2.34,2.49,164,0,57,17
12518,200,2318,1541,777,2.74,2.17,2318,89,993,548
12520,64,1203,835,368,2.63,2.25,1203,26,548,287
12521,607,700,656,44,2.2,1.89,700,8,358,298
12522,256,1862,1131,731,2.82,2.16,1862,104,402,729
12523,223,846,683,163,2.63,1.37,846,0,300,383
12524,328,6233,4131,2102,2.44,1.91,6233,296,2847,1284
12525,297,752,564,188,2.06,3.46,752,0,302,262
12526,424,1444,1196,248,2.35,1.68,1444,53,692,504
12527,,6,6,0,2.0,,6,0,6,
12528,579,5425,3677,1748,2.68,1.92,5425,278,2365,1312
12529,819,865,663,202,2.2,2.19,865,36,350,313
12530,,54,54,0,6.56,,54,0,54,
12531,257,872,771,101,2.65,1.32,872,15,543,228
12533,829,8556,7837,719,3.13,2.14,8556,234,5209,2628
12534,1870,7568,4391,3177,2.34,2.12,7568,970,2361,2030
12538,247,5347,3864,1483,2.44,2.15,5347,426,2458,1406
12540,195,3009,2614,395,3.05,2.79,3009,53,1621,993
12542,241,2407,1776,631,2.52,2.07,2407,168,1242,534
12543,160,1286,705,581,2.66,2.18,1286,75,529,176
12544,,59,59,0,,,59,0,59,
12545,457,2009,1219,790,2.18,1.57,2009,343,607,612
12546,395,1215,927,288,2.24,2.3,1215,61,435,492
12547,191,1229,897,332,2.4,1.85,1229,17,549,348
12548,,446,356,90,2.44,1.6,446,0,191,165
12549,207,3469,2720,749,3.24,2.4,3469,64,1840,880
12550,2548,19586,11247,8339,2.85,2.68,19586,2887,7499,3748
12553,677,9718,6919,2799,2.86,2.35,9718,635,4775,2144
12561,859,6429,4045,2384,2.4,2.02,6429,716,2295,1750
12563,155,2196,1835,361,2.8,2.43,2196,73,1464,371
12564,301,2855,2153,702,3.01,1.89,2855,188,1459,694
12565,136,548,276,272,2.32,2.45,548,68,156,120
12566,482,4224,3339,885,3.09,2.92,4224,34,2556,783
12567,409,1021,794,227,2.34,2.41,1021,36,422,372
12569,203,4002,2662,1340,2.69,2.22,4002,144,1653,1009
12570,21,2291,1958,333,3.01,2.64,2291,39,1239,719
12571,467,3616,2865,751,2.58,2.06,3616,132,1892,973
12572,477,3904,2696,1208,2.27,1.56,3904,171,1337,1359
12574,67,195,169,26,2.21,5.85,195,0,72,97
12575,48,623,558,65,3.06,3.54,623,0,394,164
12577,61,514,441,73,2.82,3.68,514,11,284,157
12578,124,871,705,166,2.63,1.69,871,4,411,294
12580,108,1655,1470,185,2.49,1.84,1655,17,873,597
12581,320,844,639,205,2.24,2.95,844,34,347,292
12582,97,1454,1339,115,2.84,2.61,1454,30,958,381
12583,189,734,501,233,2.54,2.15,734,17,292,209
12585,36,378,295,83,2.34,3.25,378,38,147,148
12586,430,4476,3102,1374,2.75,2.35,4476,224,1818,1284
12589,536,5431,4302,1129,3.08,2.35,5431,158,2915,1387
12590,684,14041,9892,4149,2.75,2.22,14041,752,6381,3511
12592,90,533,377,156,2.56,3.03,533,70,258,119
12594,169,1581,1190,391,2.67,1.83,1581,20,670,520
12601,1435,16972,6714,10258,2.62,2.12,16972,3201,4164,2550
12603,906,16534,12235,4299,2.62,2.05,16534,888,8071,4164
12604,,,,0,,,,0,,
12701,2378,4713,2305,2408,2.55,2.48,4713,1056,948,1357
12719,285,503,450,53,2.01,1.98,503,0,272,178
12720,43,34,16,18,2.25,1.72,34,18,,16
12721,517,2241,1630,611,2.88,4.08,2241,251,905,725
12722,21,25,25,0,,,25,25,,25
12723,469,767,613,154,1.88,1.71,767,42,286,327
12724,91,28,28,0,2.32,,28,0,16,12
12725,196,74,70,4,2.26,1.25,74,0,36,34
12726,355,601,514,87,2.17,3.78,601,12,313,201
12729,115,530,426,104,2.18,3.71,530,8,186,240
12732,255,446,426,20,1.85,1.5,446,5,236,190
12733,880,139,35,104,,6.41,139,0,,35
12734,267,393,238,155,2.35,3.78,393,91,144,94
12736,56,70,61,9,1.62,,70,0,35,26
12737,499,634,586,48,2.67,2.71,634,0,335,251
12738,14,105,50,55,1.46,3.31,105,20,32,18
12740,310,727,568,159,2.24,3.34,727,32,239,329
12741,169,91,65,26,2.08,2.08,91,0,27,38
12742,61,61,45,16,1.58,,61,4,12,33
12743,210,136,99,37,2.45,3.81,136,0,54,45
12745,,15,15,0,,,15,0,,15
12746,38,301,262,39,2.54,2.33,301,0,151,111
12747,313,782,589,193,2.43,2.49,782,35,301,288
12748,419,835,615,220,2.35,2.26,835,21,352,263
12749,220,148,87,61,5.09,1.54,148,30,52,35
12750,12,12,9,3,1.56,2.67,12,0,4,5
12751,177,443,218,225,2.17,4.11,443,102,77,141
12752,95,170,103,67,1.92,1.75,170,0,74,29
12754,922,2661,1135,1526,2.63,2.89,2661,628,663,472
12758,1322,1893,1545,348,2.06,2.04,1893,79,498,1047
12759,711,586,408,178,2.95,5.39,586,50,137,271
12760,207,217,179,38,2.44,1.13,217,0,59,120
12762,193,158,73,85,2.04,3.94,158,12,,73
12763,322,291,228,63,1.74,2.25,291,0,63,165
12764,652,799,649,150,2.06,1.93,799,17,401,248
12765,28,397,367,30,2.3,2.2,397,0,146,221
12766,230,267,250,17,2.39,3.12,267,0,158,92
12767,20,54,49,5,3.98,1.2,54,3,31,18
12768,434,212,193,19,2.73,2.74,212,0,109,84
12769,28,145,145,0,2.01,,145,0,58,87
12770,60,83,76,7,3.17,1.86,83,7,45,31
12771,582,5597,3580,2017,2.85,2.24,5597,665,1982,1598
12775,591,862,683,179,2.33,2.54,862,9,336,347
12776,1228,723,665,58,2.45,4.88,723,0,272,393
12777,145,340,331,9,2.48,2.78,340,9,197,134
12778,810,149,111,38,2.35,3.24,149,0,12,99
12779,588,639,277,362,2.31,1.96,639,171,91,186
12780,140,909,660,249,2.62,1.7,909,25,379,281
12781,34,49,49,0,2.12,,49,0,19,30
12783,820,550,430,120,2.43,1.78,550,84,186,244
12784,14,1,,1,,3.0,1,0,,
12785,128,407,386,21,3.08,,407,21,323,63
12786,588,271,242,29,1.79,1.48,271,9,118,124
12787,5,38,28,10,2.07,3.1,38,9,7,21
12788,512,714,478,236,2.64,2.07,714,43,258,220
12789,930,785,452,333,2.66,2.19,785,77,255,197
12790,1129,1766,1428,338,2.53,2.73,1766,45,745,683
12791,147,245,238,7,3.08,,245,0,129,109
12792,182,69,64,5,1.88,2.4,69,7,40,24
12801,618,6718,3489,3229,2.44,1.89,6718,1040,2435,1054
12803,206,3689,2171,1518,2.45,1.98,3689,213,1560,611
12804,1096,11851,8657,3194,2.4,2.0,11851,788,5488,3169
12808,412,109,107,2,1.84,2.5,109,0,39,68
12809,454,1493,1307,186,2.43,2.06,1493,101,878,429
12810,80,259,239,20,2.16,3.45,259,9,129,110
12811,30,63,63,0,2.78,,63,0,22,41
12812,190,50,50,0,6.56,,50,0,44,6
12814,1105,685,591,94,1.89,1.97,685,27,332,259
12815,686,517,402,115,2.07,1.77,517,13,205,197
12816,589,2072,1645,427,2.3,1.94,2072,212,929,716
12817,1086,939,751,188,2.24,1.69,939,17,461,290
12819,106,121,95,26,2.67,2.19,121,2,58,37
12820,18,32,32,0,3.0,,32,0,,32
12821,,65,65,0,2.42,,65,0,37,28
12822,793,2349,1856,493,2.66,2.14,2349,82,1085,771
12823,19,138,138,0,3.35,,138,0,107,31
12824,497,423,386,37,2.24,2.3,423,21,189,197
12827,271,1349,1120,229,2.57,2.05,1349,45,631,489
12828,301,3740,3197,543,2.67,2.14,3740,204,2001,1196
12831,150,6804,5170,1634,2.85,2.18,6804,344,3732,1438
12832,538,2717,2006,711,2.37,2.12,2717,279,1011,995
12833,128,2102,1753,349,2.43,2.47,2102,97,1165,588
12834,197,2398,1914,484,2.59,2.5,2398,128,1115,799
12835,1618,1273,1048,225,2.14,2.26,1273,19,458,590
12836,451,297,269,28,1.87,3.25,297,17,134,135
12837,54,406,337,69,2.49,3.42,406,4,156,181
12838,13,302,256,46,2.4,2.61,302,11,132,124
12839,564,5884,3205,2679,2.55,1.96,5884,947,2055,1150
12841,284,90,81,9,1.33,1.67,90,4,2,79
12842,1022,262,237,25,2.3,1.04,262,0,127,110
12843,234,276,265,11,2.47,1.55,276,0,192,73
12844,223,103,92,11,2.21,2.73,103,0,47,45
12845,1630,2072,1610,462,2.24,2.03,2072,104,820,790
12846,735,1570,1253,317,1.84,2.35,1570,80,622,631
12847,1005,164,153,11,2.08,2.64,164,3,88,65
12849,,128,128,0,2.4,,128,0,41,87
12850,306,1010,815,195,2.56,2.69,1010,0,531,284
12851,134,172,156,16,2.19,2.0,172,3,105,51
12852,473,176,156,20,1.94,1.1,176,11,50,106
12853,395,600,472,128,2.0,3.27,600,66,254,218
12854,,19,19,0,4.32,,19,0,19,
12855,138,112,100,12,2.08,2.33,112,2,47,53
12856,151,152,75,77,1.93,1.77,152,22,53,22
12857,337,316,258,58,2.25,2.91,316,17,92,166
12858,270,58,58,0,1.93,,58,0,30,28
12859,121,758,645,113,2.58,4.23,758,0,418,227
12860,195,166,166,0,1.95,,166,7,119,47
12861,311,208,191,17,2.53,3.59,208,5,104,87
12862,,105,51,54,2.08,,105,40,38,13
12863,8,404,346,58,3.38,1.98,404,13,273,73
12864,156,2,,2,,2.0,2,0,,
12865,440,1362,1064,298,2.53,2.71,1362,43,467,597
12866,2638,17464,10855,6609,2.31,1.65,17464,1167,7044,3811
12870,1004,758,601,157,2.25,2.23,758,32,319,282
12871,125,1586,1221,365,2.7,1.95,1586,91,874,347
12872,88,49,49,0,1.94,,49,0,49,
12873,128,349,220,129,2.66,1.88,349,58,97,123
12874,248,75,56,19,1.86,1.79,75,0,22,34
12878,264,282,263,19,2.66,2.58,282,6,116,147
12883,639,2103,1387,716,2.06,2.58,2103,278,755,632
12884,7,261,163,98,2.67,2.39,261,3,75,88
12885,602,1958,1399,559,2.17,2.43,1958,275,698,701
12886,32,77,77,0,2.03,,77,0,47,30
12887,313,1779,1257,522,2.69,2.59,1779,157,655,602
12901,1471,13906,7672,6234,2.31,1.88,13906,1760,4155,3517
12903,46,785,408,377,2.05,1.85,785,32,288,120
12910,195,621,464,157,2.51,2.56,621,5,185,279
12911,,,,0,,,,0,,
12912,261,672,580,92,2.29,2.3,672,42,294,286
12913,218,485,398,87,2.44,2.55,485,40,287,111
12914,60,350,242,108,3.33,1.6,350,83,82,160
12915,,38,27,11,2.41,1.27,38,10,12,15
12916,170,915,583,332,2.93,2.0,915,90,197,386
12917,71,469,359,110,2.74,3.06,469,45,168,191
12918,96,1170,1041,129,2.44,2.22,1170,11,623,418
12919,177,1200,829,371,2.56,2.29,1200,91,379,450
12920,473,974,819,155,2.33,1.96,974,54,396,423
12921,260,916,745,171,2.87,2.37,916,76,322,423
12922,116,25,22,3,1.68,3.0,25,0,6,16
12923,56,218,183,35,2.28,1.4,218,22,59,124
12924,29,17,7,10,1.57,5.0,17,0,7,
12926,99,991,769,222,2.46,2.09,991,113,458,311
12927,416,157,149,8,1.78,3.0,157,2,59,90
12928,285,853,674,179,2.36,2.31,853,46,324,350
12929,96,336,233,103,2.07,2.91,336,34,150,83
12930,65,299,245,54,2.78,3.17,299,35,120,125
12932,313,528,454,74,2.02,1.46,528,37,217,237
12933,,20,20,0,2.0,,20,0,11,9
12934,58,418,284,134,2.49,2.09,418,39,102,182
12935,307,697,559,138,2.25,1.65,697,44,240,319
12936,366,271,232,39,2.16,2.05,271,19,81,151
12937,106,614,474,140,2.7,2.05,614,9,234,240
12939,12,77,55,22,2.51,1.68,77,0,24,31
12941,437,632,568,64,2.38,2.25,632,10,294,274
12942,341,318,300,18,1.87,2.5,318,13,195,105
12943,286,149,100,49,2.53,1.76,149,47,52,48
12944,513,1695,1263,432,2.43,2.34,1695,123,803,460
12945,365,140,130,10,2.84,1.9,140,0,87,43
12946,1691,2000,1298,702,2.15,2.31,2000,281,609,689
12950,81,275,236,39,2.26,1.95,275,3,119,117
12952,200,90,86,4,3.24,,90,13,66,20
12953,1086,4710,3179,1531,2.3,2.23,4710,701,1636,1543
12955,231,147,130,17,2.02,2.06,147,11,57,73
12956,73,552,432,120,1.85,1.89,552,24,195,237
12957,125,637,337,300,2.45,2.25,637,75,161,176
12958,210,787,713,74,2.49,1.97,787,156,426,287
12959,,771,657,114,1.88,2.37,771,64,349,308
12960,70,489,428,61,2.04,,489,61,349,79
12961,61,105,105,0,1.21,,105,0,,105
12962,111,1956,1578,378,2.48,2.03,1956,140,907,671
12964,75,19,19,0,2.26,,19,4,3,16
12965,41,179,160,19,2.14,3.42,179,35,107,53
12966,201,1099,910,189,2.6,2.42,1099,110,446,464
12967,5,491,398,93,2.65,2.1,491,28,169,229
12969,319,142,129,13,1.96,2.69,142,1,31,98
12970,215,128,93,35,2.08,2.63,128,5,29,64
12972,346,2866,2425,441,2.38,2.37,2866,128,1508,917
12973,37,37,37,0,2.03,,37,0,4,33
12974,114,973,739,234,2.47,1.87,973,198,262,477
12975,28,157,107,50,1.52,1.86,157,20,60,47
12976,142,109,87,22,1.87,,109,0,33,54
12977,42,,,0,,,,0,,
12978,,79,79,0,3.2,,79,0,79,
12979,84,1138,602,536,2.42,1.6,1138,170,338,264
12980,690,473,404,69,2.17,2.59,473,33,142,262
12981,172,905,804,101,2.68,1.69,905,8,389,415
12983,1417,3320,2068,1252,2.18,1.86,3320,409,1317,751
12985,67,408,329,79,2.26,2.48,408,48,175,154
12986,1310,2311,1682,629,2.3,1.64,2311,224,846,836
12987,43,106,97,9,2.14,1.78,106,0,47,50
12989,442,393,369,24,2.28,1.5,393,13,144,225
12992,190,1657,1301,356,2.2,2.63,1657,56,629,672
12993,464,674,477,197,2.36,1.76,674,63,240,237
12996,732,863,711,152,2.33,2.51,863,44,279,432
12997,267,549,459,90,2.27,1.5,549,45,231,228
12998,35,69,69,0,1.64,,69,13,13,56
13020,8,32,32,0,2.56,,32,0,22,10
13021,2343,16501,10037,6464,2.37,1.99,16501,2089,5794,4243
13024,,,,0,,,,0,,
13026,259,551,417,134,2.31,2.68,551,12,163,254
13027,487,14542,10437,4105,2.61,1.96,14542,771,7059,3378
13028,329,304,286,18,2.52,1.17,304,16,223,63
13029,379,2965,2278,687,2.66,2.61,2965,233,1470,808
13030,332,1483,1316,167,2.55,2.02,1483,53,831,485
13031,370,6754,5175,1579,2.66,1.47,6754,305,3173,2002
13032,1220,4833,3781,1052,2.7,2.61,4833,296,2189,1592
13033,189,1341,1136,205,2.83,2.81,1341,78,681,455
13034,356,739,627,112,2.56,2.84,739,34,332,295
13035,420,2919,2519,400,2.54,1.96,2919,136,1537,982
13036,389,3842,3022,820,2.6,2.23,3842,175,2036,986
13037,405,3539,2800,739,2.81,2.36,3539,131,1898,902
13039,566,6640,5532,1108,2.74,1.83,6640,95,3984,1548
13040,325,1094,858,236,2.48,2.31,1094,59,395,463
13041,198,4533,4088,445,2.67,2.28,4533,273,2841,1247
13042,264,793,699,94,2.22,2.79,793,5,338,361
13044,41,1210,1071,139,2.67,1.27,1210,23,567,504
13045,1492,10710,6356,4354,2.43,2.1,10710,1182,3690,2666
13051,,30,30,0,,,30,0,30,
13052,452,691,581,110,2.95,2.22,691,32,277,304
13053,129,1807,1310,497,2.51,2.23,1807,166,726,584
13054,105,399,337,62,2.91,2.03,399,0,210,127
13057,418,6381,4488,1893,2.38,1.86,6381,363,2416,2072
13060,174,1168,996,172,2.45,1.6,1168,31,549,447
13061,293,308,282,26,2.64,1.54,308,16,176,106
13062,29,107,107,0,1.75,,107,0,69,38
13063,33,810,734,76,2.2,2.46,810,20,356,378
13065,,119,119,0,2.53,,119,0,94,25
13066,478,5361,4248,1113,2.48,1.94,5361,281,2381,1867
13068,91,1996,1360,636,2.4,1.92,1996,78,825,535
13069,803,9946,6640,3306,2.46,2.36,9946,1141,4033,2607
13071,25,315,261,54,2.59,2.5,315,7,117,144
13072,148,328,272,56,2.8,1.79,328,6,126,146
13073,185,2689,2076,613,2.35,2.68,2689,95,1312,764
13074,127,1696,1364,332,2.49,2.64,1696,23,791,573
13076,70,851,796,55,2.65,2.84,851,17,525,271
13077,253,2947,2354,593,2.34,1.88,2947,105,1288,1066
13078,165,3800,3198,602,2.83,1.98,3800,290,1879,1319
13080,398,1403,1162,241,2.62,1.88,1403,29,640,522
13081,248,523,464,59,2.46,2.17,523,21,273,191
13082,153,1526,1430,96,2.6,1.69,1526,59,858,572
13083,153,823,605,218,2.36,2.64,823,28,397,208
13084,74,1453,1237,216,2.49,2.3,1453,22,620,617
13087,60,69,66,3,2.47,,69,0,46,20
13088,573,10334,6093,4241,2.36,1.78,10334,757,3508,2585
13090,504,11883,8276,3607,2.55,2.24,11883,636,5821,2455
13092,142,935,839,96,2.76,2.27,935,33,430,409
13101,94,923,619,304,2.84,2.39,923,29,322,297
13102,,35,35,0,1.74,,35,0,24,11
13103,,82,57,25,1.47,2.08,82,10,12,45
13104,270,6444,5244,1200,2.87,1.61,6444,226,3336,1908
13108,50,2675,2025,650,2.48,1.82,2675,148,1145,880
13110,414,892,833,59,2.67,2.1,892,29,529,304
13111,170,557,460,97,3.07,3.69,557,58,295,165
13112,115,572,495,77,2.88,2.55,572,9,258,237
13113,2,14,14,0,2.14,,14,0,9,5
13114,385,2938,2257,681,2.56,2.13,2938,107,1278,979
13115,,96,57,39,1.93,2.77,96,3,36,21
13116,66,1422,1068,354,2.56,2.4,1422,85,553,515
13117,13,125,78,47,2.74,1.98,125,6,36,42
13118,637,2098,1674,424,2.4,2.2,2098,162,874,800
13119,,,,0,,,,0,,
13120,26,712,657,55,2.84,1.15,712,26,477,180
13121,,,,0,,,,0,,
13122,110,518,420,98,2.22,2.77,518,33,294,126
13123,,,,0,,,,0,,
13124,35,62,60,2,2.28,3.5,62,0,25,35
13126,2011,13249,8965,4284,2.47,2.0,13249,1524,5041,3924
13131,102,1302,1082,220,2.48,1.69,1302,36,674,408
13132,181,1609,1517,92,2.13,2.11,1609,82,1003,514
13134,,27,27,0,5.22,,27,4,16,11
13135,211,2348,1590,758,2.62,2.43,2348,147,934,656
13136,40,134,108,26,2.35,3.88,134,0,40,68
13138,,52,52,0,2.56,,52,0,52,
13140,246,1653,1287,366,2.55,2.51,1653,116,586,701
13141,55,290,269,21,2.35,2.62,290,3,102,167
13142,764,2464,1941,523,2.58,2.39,2464,175,955,986
13143,118,923,797,126,2.84,2.63,923,67,387,410
13144,399,507,424,83,3.0,1.81,507,47,195,229
13145,445,696,523,173,1.89,2.53,696,19,296,227
13146,60,777,602,175,2.83,4.05,777,49,329,273
13147,61,362,280,82,2.35,2.65,362,19,143,137
13148,660,4822,3241,1581,2.26,1.92,4822,541,1915,1326
13152,893,3396,2820,576,2.3,2.28,3396,169,1648,1172
13153,,120,89,31,2.96,2.61,120,8,27,62
13154,11,10,10,0,3.2,,10,0,10,
13155,75,248,201,47,2.23,2.49,248,19,80,121
13156,631,880,791,89,2.32,1.21,880,47,461,330
13157,369,257,188,69,1.54,2.16,257,32,61,127
13158,121,500,366,134,2.71,2.57,500,18,177,189
13159,303,2139,1807,332,2.61,2.07,2139,114,1145,662
13160,183,841,624,217,2.98,2.26,841,31,382,242
13162,139,205,124,81,1.24,2.74,205,0,55,69
13163,8,106,106,0,2.58,,106,0,57,49
13164,49,851,820,31,2.82,3.29,851,3,594,226
13165,430,4275,3073,1202,2.37,1.82,4275,292,1764,1309
13166,175,2363,1815,548,2.37,2.13,2363,248,959,856
13167,123,1260,1030,230,2.24,2.94,1260,83,568,462
13202,255,3087,224,2863,1.65,2.0,3087,1374,150,74
13203,1306,7788,2482,5306,2.4,1.93,7788,2559,1577,905
13204,2057,8392,2440,5952,2.31,2.4,8392,2291,1298,1142
13205,1822,7178,3403,3775,2.63,2.12,7178,2295,2001,1402
13206,713,7848,3988,3860,2.37,1.98,7848,1336,2571,1417
13207,786,5290,3320,1970,2.3,2.63,5290,864,1988,1332
13208,1598,8832,4058,4774,2.31,2.85,8832,2355,2660,1398
13209,441,5895,4177,1718,2.19,2.25,5895,558,2418,1759
13210,2189,7432,1865,5567,2.43,2.14,7432,2066,1215,650
13211,162,2398,1746,652,2.62,2.58,2398,170,1183,563
13212,432,8865,6871,1994,2.44,2.01,8865,710,4315,2556
13214,326,3010,2155,855,2.42,2.53,3010,421,1202,953
13215,412,5390,4451,939,2.64,1.7,5390,291,2777,1674
13219,486,6236,5189,1047,2.63,1.71,6236,446,3209,1980
13224,477,3510,2309,1201,2.32,2.47,3510,426,1285,1024
13244,28,14,,14,,2.21,14,0,,
13290,,,,0,,,,0,,
13301,44,63,63,0,2.87,,63,0,36,27
13302,363,558,476,82,2.29,3.95,558,59,270,206
13303,118,563,501,62,2.55,2.08,563,35,223,278
13304,135,746,572,174,2.38,2.41,746,22,238,334
13305,17,83,46,37,2.15,2.3,83,0,26,20
13308,476,1631,1393,238,2.84,3.18,1631,7,948,445
13309,340,2525,1867,658,2.28,1.91,2525,201,922,945
13310,93,268,213,55,2.45,3.22,268,20,139,74
13312,525,157,139,18,2.09,1.56,157,4,58,81
13313,66,212,137,75,2.49,3.0,212,2,39,98
13314,38,24,24,0,3.0,,24,0,17,7
13315,164,526,434,92,2.72,2.57,526,9,204,230
13316,481,2746,2313,433,2.27,1.79,2746,281,1002,1311
13317,216,1381,1041,340,3.21,1.86,1381,181,596,445
13318,64,427,405,22,2.65,1.59,427,0,186,219
13319,47,325,199,126,2.29,1.56,325,0,111,88
13320,307,745,633,112,2.72,3.04,745,52,303,330
13321,54,356,243,113,2.16,1.66,356,35,69,174
13322,192,455,372,83,2.69,1.83,455,6,172,200
13323,299,4433,3062,1371,2.31,1.79,4433,225,1588,1474
13324,689,836,735,101,2.5,2.6,836,23,305,430
13325,255,422,385,37,2.6,2.11,422,9,190,195
13326,892,2064,1538,526,2.35,1.97,2064,136,678,860
13327,535,780,620,160,2.98,1.6,780,75,321,299
13328,24,631,564,67,2.61,1.81,631,11,345,219
13329,230,1587,1106,481,2.56,2.24,1587,124,516,590
13331,846,40,40,0,1.83,,40,8,17,23
13332,239,865,748,117,2.96,3.86,865,20,419,329
13333,12,42,20,22,2.4,1.09,42,0,8,12
13334,468,394,258,136,2.56,2.1,394,20,189,69
13335,187,455,386,69,2.65,2.06,455,30,197,189
13337,129,335,235,100,2.12,1.45,335,0,95,140
13338,910,634,583,51,2.1,1.61,634,24,244,339
13339,535,2051,1650,401,3.12,2.79,2051,232,779,871
13340,320,3084,2572,512,2.51,2.28,3084,175,1468,1104
13342,,88,83,5,3.12,2.4,88,0,53,30
13343,524,642,547,95,2.57,1.55,642,22,275,272
13345,56,64,52,12,2.25,2.0,64,6,30,22
13346,595,1953,1449,504,2.22,1.73,1953,196,627,822
13348,214,583,488,95,2.69,2.07,583,44,334,154
13350,762,4253,2561,1692,2.37,1.82,4253,811,1100,1461
13352,29,1,1,0,22.0,,1,0,1,
13353,215,14,14,0,1.79,,14,0,8,6
13354,87,1205,1086,119,2.87,2.38,1205,50,648,438
13355,3,353,304,49,2.77,5.14,353,0,237,67
13357,551,4269,2892,1377,2.49,2.2,4269,522,1573,1319
13360,873,40,37,3,4.03,3.0,40,4,17,20
13361,92,245,196,49,2.81,3.12,245,38,106,90
13363,66,866,817,49,2.69,2.59,866,0,503,314
13364,66,107,92,15,2.46,,107,5,55,37
13365,797,3073,2338,735,2.73,2.32,3073,250,1173,1165
13367,1024,3534,2716,818,2.46,2.36,3534,206,1419,1297
13368,179,469,420,49,2.51,2.86,469,16,151,269
13402,198,552,441,111,2.1,2.26,552,19,128,313
13403,88,1719,1390,329,2.75,1.76,1719,40,770,620
13404,,50,34,16,2.76,1.44,50,4,21,13
13406,34,149,128,21,2.77,3.0,149,7,71,57
13407,280,1983,1580,403,2.68,2.04,1983,148,756,824
13408,264,736,602,134,2.51,2.19,736,50,342,260
13409,124,796,721,75,2.64,2.68,796,21,376,345
13410,41,262,160,102,2.22,1.63,262,74,62,98
13411,400,1154,918,236,2.49,2.03,1154,80,524,394
13413,557,6626,4918,1708,2.39,2.02,6626,296,2739,2179
13415,,30,30,0,2.13,,30,0,20,10
13416,144,884,735,149,2.65,2.3,884,69,337,398
13417,252,1625,741,884,2.27,1.82,1625,261,256,485
13418,26,60,30,30,2.5,4.03,60,4,2,28
13420,2182,498,393,105,2.09,1.93,498,8,105,288
13421,416,5386,3481,1905,2.55,2.03,5386,489,2104,1377
13424,81,875,693,182,2.32,1.4,875,67,433,260
13425,101,831,649,182,2.6,1.87,831,84,355,294
13428,89,598,424,174,2.59,1.14,598,72,254,170
13431,95,642,550,92,2.76,2.63,642,25,364,186
13433,174,584,487,97,2.81,1.82,584,6,224,263
13435,27,106,96,10,2.77,8.8,106,0,33,63
13436,470,31,29,2,1.41,2.5,31,0,6,23
13437,535,117,110,7,2.6,1.57,117,2,47,63
13438,710,1253,1046,207,2.39,2.0,1253,73,590,456
13439,890,1400,1097,303,2.72,2.54,1400,79,596,501
13440,2167,16630,10824,5806,2.4,2.22,16630,1902,5746,5078
13441,,88,,88,,1.36,88,16,,
13450,44,102,81,21,2.7,3.19,102,6,25,56
13452,338,1805,1402,403,2.59,2.7,1805,175,661,741
13454,64,362,343,19,2.18,2.95,362,31,184,159
13455,,17,13,4,3.62,2.0,17,0,13,
13456,83,1487,1245,242,2.69,2.17,1487,72,768,477
13457,42,23,7,16,2.29,1.25,23,12,2,5
13459,214,797,574,223,2.47,2.62,797,39,333,241
13460,335,1619,1277,342,2.78,1.99,1619,89,598,679
13461,30,1299,935,364,2.75,1.67,1299,88,473,462
13464,116,561,479,82,2.31,2.67,561,22,159,320
13468,39,121,58,63,2.55,3.33,121,0,36,22
13469,,469,451,18,2.57,4.17,469,18,306,145
13470,379,250,215,35,2.59,3.69,250,7,122,93
13471,227,1022,886,136,2.46,3.01,1022,16,352,534
13472,385,78,78,0,2.17,,78,0,,78
13473,125,426,413,13,2.67,4.69,426,4,246,167
13475,13,17,14,3,2.14,4.0,17,0,12,2
13476,200,1301,835,466,2.94,1.69,1301,46,556,279
13477,86,515,396,119,2.49,1.95,515,16,301,95
13478,166,1310,1191,119,2.5,2.05,1310,112,488,703
13480,181,1274,913,361,2.57,2.02,1274,90,538,375
13482,13,27,27,0,2.07,,27,0,9,18
13483,49,157,108,49,3.38,3.27,157,4,93,15
13484,,,,0,,,,0,,
13485,173,499,428,71,2.93,3.31,499,32,212,216
13486,66,325,292,33,2.08,1.88,325,6,145,147
13488,79,55,45,10,1.56,3.6,55,0,16,29
13489,84,178,172,6,2.83,1.33,178,15,94,78
13490,,388,388,0,2.7,,388,13,168,220
13491,240,1289,1067,222,2.9,2.21,1289,61,494,573
13492,414,4760,3540,1220,2.57,1.66,4760,242,2014,1526
13493,139,806,690,116,2.87,2.59,806,29,314,376
13494,461,94,89,5,2.42,2.2,94,1,22,67
13495,87,820,516,304,2.65,2.17,820,58,276,240
13501,2657,14700,7695,7005,2.75,2.55,14700,2820,4024,3671
13502,1803,13199,8025,5174,2.47,2.4,13199,2327,4477,3548
13601,2318,16326,8189,8137,2.59,1.99,16326,2262,5076,3113
13602,,,,0,,,,0,,
13603,301,4212,88,4124,1.98,3.04,4212,207,,88
13605,469,1950,1491,459,2.73,2.38,1950,124,877,614
13606,46,1116,924,192,2.22,2.89,1116,10,473,451
13607,1038,833,523,310,2.11,1.52,833,92,245,278
13608,152,653,504,149,2.72,2.4,653,41,270,234
13611,55,155,136,19,1.86,5.0,155,0,89,47
13612,171,1180,744,436,2.33,1.78,1180,114,489,255
13613,113,1043,734,309,2.65,2.08,1043,97,333,401
13614,34,105,64,41,3.22,3.17,105,0,31,33
13615,49,294,225,69,2.53,1.7,294,6,144,81
13616,,966,337,629,2.6,2.21,966,66,168,169
13617,175,4130,2373,1757,2.31,1.68,4130,290,1265,1108
13618,1680,650,584,66,2.22,2.55,650,13,290,294
13619,640,4262,2405,1857,2.72,2.13,4262,393,1268,1137
13620,40,781,666,115,2.82,2.22,781,26,229,437
13621,81,206,131,75,2.78,1.83,206,24,54,77
13622,508,731,632,99,2.53,2.83,731,13,400,232
13623,30,28,28,0,1.61,,28,10,5,23
13624,1700,1952,1356,596,2.39,2.14,1952,112,760,596
13625,427,663,589,74,2.48,2.7,663,19,246,343
13626,227,885,714,171,2.74,2.13,885,49,452,262
13628,34,85,52,33,2.56,2.76,85,0,34,18
13630,73,468,403,65,3.32,1.83,468,44,175,228
13632,,70,70,0,2.11,,70,0,19,51
13633,98,94,91,3,2.85,,94,13,43,48
13634,486,1489,1210,279,2.64,2.5,1489,107,722,488
13635,103,393,315,78,2.73,2.73,393,23,161,154
13636,4,54,43,11,3.3,3.18,54,0,25,18
13637,258,1792,539,1253,2.61,2.32,1792,200,334,205
13638,,143,59,84,1.81,3.67,143,61,21,38
13639,5,40,37,3,1.3,1.67,40,3,12,25
13640,782,127,127,0,1.83,,127,7,66,61
13641,198,26,26,0,1.92,,26,0,4,22
13642,532,3694,2581,1113,2.48,1.99,3694,321,1241,1340
13643,,21,11,10,1.91,3.4,21,0,,11
13645,,,,0,,,,0,,
13646,1558,818,669,149,2.62,2.61,818,46,316,353
13647,8,71,23,48,4.09,1.38,71,0,23,
13648,773,839,684,155,2.37,2.65,839,47,328,356
13649,18,4,4,0,2.25,,4,0,,4
13650,903,620,507,113,2.22,3.11,620,4,237,270
13651,75,89,89,0,1.69,,89,9,57,32
13652,332,649,573,76,2.86,1.67,649,39,226,347
13654,336,900,735,165,3.18,1.75,900,157,345,390
13655,,1450,984,466,2.28,2.67,1450,340,441,543
13656,141,1048,882,166,3.31,2.34,1048,101,520,362
13658,99,927,831,96,2.93,2.41,927,36,332,499
13659,227,153,144,9,2.38,2.0,153,1,79,65
13660,127,638,531,107,2.82,2.73,638,22,297,234
13661,392,668,613,55,2.77,2.05,668,3,398,215
13662,659,7219,4977,2242,2.43,1.75,7219,887,2879,2098
13664,101,152,119,33,2.61,3.45,152,2,55,64
13665,84,336,264,72,2.66,1.86,336,14,126,138
13666,72,86,57,29,2.75,2.41,86,24,18,39
13667,126,1224,895,329,2.42,2.84,1224,137,473,422
13668,142,1381,1138,243,2.47,1.73,1381,82,602,536
13669,1269,5510,4051,1459,2.53,2.0,5510,758,2024,2027
13670,194,175,163,12,2.34,3.25,175,10,52,111
13672,313,202,117,85,2.91,1.64,202,16,72,45
13673,147,825,474,351,2.7,2.42,825,53,235,239
13674,,36,36,0,1.42,,36,0,3,33
13675,21,13,13,0,3.15,,13,0,13,
13676,871,5280,3354,1926,2.5,1.75,5280,486,1823,1531
13678,26,97,,97,,,97,10,,
13679,864,482,443,39,2.6,2.44,482,6,272,171
13680,64,433,370,63,3.22,2.11,433,53,161,209
13681,21,419,367,52,2.65,2.67,419,40,148,219
13682,58,311,268,43,2.5,2.84,311,0,181,87
13683,,,,0,,,,0,,
13684,311,451,401,50,2.24,2.74,451,10,163,238
13685,523,1046,578,468,2.48,1.54,1046,26,275,303
13687,347,231,223,8,2.39,,231,8,86,137
13690,208,312,244,68,2.44,1.59,312,23,90,154
13691,632,1155,824,331,2.55,3.04,1155,45,507,317
13692,367,86,86,0,2.47,,86,4,15,71
13693,937,149,149,0,2.26,,149,0,70,79
13694,81,579,432,147,2.25,2.61,579,60,216,216
13695,129,53,50,3,2.52,2.0,53,3,30,20
13696,,110,37,73,2.08,1.86,110,17,,37
13697,43,787,661,126,2.24,1.98,787,41,411,250
13699,,,,0,,,,0,,
13730,301,1207,934,273,2.51,1.93,1207,58,417,517
13731,708,525,449,76,1.96,1.25,525,17,115,334
13732,74,3058,2691,367,2.52,2.15,3058,142,1519,1172
13733,374,2166,1861,305,2.36,1.88,2166,207,882,979
13734,47,888,849,39,2.63,1.97,888,46,434,415
13736,55,820,700,120,2.26,3.19,820,58,312,388
13738,,18,18,0,2.44,,18,8,8,10
13739,243,325,262,63,2.35,1.65,325,14,118,144
13740,218,234,214,20,2.17,1.55,234,1,75,139
13743,361,1567,1140,427,2.38,2.18,1567,77,415,725
13744,65,457,414,43,3.11,2.33,457,19,228,186
13746,157,866,769,97,2.22,2.0,866,35,383,386
13747,,22,22,0,,,22,0,,22
13748,219,1544,1125,419,2.38,1.98,1544,80,541,584
13750,151,350,305,45,2.45,1.36,350,12,164,141
13751,22,49,34,15,2.12,1.93,49,0,26,8
13752,315,315,216,99,2.83,3.44,315,66,82,134
13753,458,1808,1258,550,2.47,1.86,1808,144,546,712
13754,962,1134,894,240,2.5,2.27,1134,123,430,464
13755,335,385,312,73,2.47,1.42,385,14,158,154
13756,318,241,231,10,1.82,,241,22,120,111
13757,206,542,457,85,2.72,3.32,542,21,176,281
13760,2074,19362,13004,6358,2.37,1.95,19362,1938,6990,6014
13774,113,113,92,21,2.37,2.95,113,0,20,72
13775,270,724,607,117,2.45,2.03,724,16,333,274
13776,83,218,177,41,2.02,2.44,218,12,106,71
13777,71,146,139,7,2.71,3.14,146,0,83,56
13778,452,2303,1672,631,2.59,1.81,2303,132,805,867
13780,125,311,311,0,2.86,,311,14,152,159
13782,259,272,211,61,2.05,4.57,272,12,49,162
13783,914,1080,766,314,2.26,2.46,1080,115,208,558
13784,19,98,83,15,2.37,2.87,98,0,72,11
13786,80,194,187,7,2.01,,194,13,75,112
13787,296,1399,1109,290,2.32,2.44,1399,44,502,607
13788,248,382,291,91,2.89,1.78,382,20,156,135
13790,1197,8124,4736,3388,2.4,2.04,8124,1171,2582,2154
13795,128,1537,1166,371,2.05,1.94,1537,120,789,377
13796,197,465,317,148,2.53,1.5,465,49,149,168
13797,58,832,643,189,2.56,2.2,832,58,360,283
13801,391,619,531,88,2.12,2.68,619,30,239,292
13802,17,504,375,129,1.9,2.5,504,0,129,246
13803,196,1516,1267,249,2.91,2.78,1516,66,725,542
13804,103,79,48,31,3.0,3.0,79,2,28,20
13806,5,88,79,9,2.24,2.22,88,0,46,33
13807,212,471,339,132,2.55,2.17,471,46,227,112
13808,213,520,432,88,2.62,2.05,520,43,214,218
13809,199,719,632,87,2.74,1.95,719,14,399,233
13810,121,566,480,86,2.51,1.98,566,0,197,283
13811,162,1558,1288,270,2.65,2.03,1558,63,731,557
13812,82,908,747,161,2.79,1.54,908,82,278,469
13813,106,255,255,0,4.07,,255,0,36,219
13814,,10,10,0,,,10,3,,10
13815,694,5728,3655,2073,2.36,1.93,5728,835,1676,1979
13820,1738,7376,4687,2689,2.28,2.05,7376,866,2621,2066
13825,270,1174,832,342,2.46,1.99,1174,10,332,500
13826,,94,90,4,2.48,3.75,94,0,69,21
13827,307,5084,3577,1507,2.48,1.56,5084,387,1904,1673
13830,600,2050,1688,362,2.53,1.83,2050,163,833,855
13832,92,159,147,12,2.59,1.75,159,18,37,110
13833,233,1462,1152,310,2.86,3.34,1462,28,656,496
13834,,116,60,56,2.07,1.93,116,0,41,19
13835,116,508,410,98,2.38,2.78,508,16,183,227
13838,514,1603,1004,599,2.22,2.78,1603,309,426,578
13839,300,502,428,74,2.67,2.72,502,7,176,252
13841,65,234,183,51,2.55,1.75,234,3,89,94
13842,115,196,181,15,2.7,1.53,196,13,106,75
13843,229,787,709,78,2.54,3.37,787,22,332,377
13844,64,223,183,40,3.01,2.15,223,16,80,103
13846,52,226,203,23,2.25,1.09,226,15,86,117
13847,,10,10,0,1.6,,10,0,10,
13849,629,1987,1642,345,2.32,2.25,1987,143,713,929
13850,940,9311,7400,1911,2.49,2.1,9311,708,3955,3445
13856,1036,2696,1833,863,2.3,2.04,2696,161,853,980
13859,,44,32,12,2.44,3.08,44,0,,32
13860,,48,48,0,2.92,,48,0,35,13
13861,,291,155,136,2.3,,291,15,43,112
13862,192,1585,1169,416,2.42,2.35,1585,98,682,487
13863,149,209,190,19,2.23,3.74,209,2,101,89
13864,,607,401,206,1.7,1.97,607,15,70,331
13865,571,2521,2209,312,2.27,2.46,2521,131,987,1222
13901,1479,8480,4420,4060,2.7,1.92,8480,2122,2481,1939
13902,,,,0,,,,0,,
13903,582,8127,5161,2966,2.43,2.25,8127,1384,2912,2249
13904,210,3637,2437,1200,2.63,2.15,3637,374,1315,1122
13905,1972,11321,5549,5772,2.3,2.26,11321,2114,2837,2712
14001,388,4121,3040,1081,2.5,1.96,4121,194,1716,1324
14004,111,3920,3403,517,2.77,1.61,3920,163,2110,1293
14005,14,737,601,136,3.05,2.35,737,31,359,242
14006,983,3996,3324,672,2.27,2.58,3996,157,1806,1518
14008,45,609,467,142,2.86,2.42,609,15,198,269
14009,224,2558,1957,601,2.34,1.79,2558,191,1077,880
14011,140,2172,1742,430,2.53,2.07,2172,61,919,823
14012,199,1061,921,140,2.64,2.14,1061,35,525,396
14013,44,647,542,105,2.61,2.76,647,50,292,250
14020,671,10145,6204,3941,2.25,1.95,10145,1362,3509,2695
14024,183,578,507,71,2.64,3.56,578,47,252,255
14025,85,1682,1504,178,2.39,1.66,1682,53,942,562
14026,65,295,202,93,1.9,1.24,295,50,93,109
14027,13,38,9,29,1.44,1.97,38,0,,9
14028,83,642,576,66,2.16,1.92,642,35,286,290
14029,11,33,27,6,2.52,2.67,33,3,17,10
14030,52,702,581,121,2.58,2.69,702,20,374,207
14031,386,3967,3234,733,2.58,1.38,3967,209,1847,1387
14032,211,3733,3454,279,2.93,2.03,3733,143,2501,953
14033,55,684,568,116,2.21,2.46,684,6,324,244
14034,103,771,675,96,2.57,2.17,771,26,324,351
14035,20,32,32,0,2.75,,32,0,23,9
14036,134,2217,1779,438,2.65,1.65,2217,145,1114,665
14037,36,390,358,32,2.68,1.97,390,8,267,91
14039,,38,27,11,1.78,1.64,38,7,15,12
14040,45,718,678,40,2.49,2.88,718,9,364,314
14041,54,64,49,15,3.08,1.53,64,16,23,26
14042,342,1860,1401,459,2.39,2.32,1860,165,576,825
14043,445,11177,7798,3379,2.42,1.97,11177,514,4726,3072
14047,164,2481,2021,460,2.67,1.68,2481,161,1017,1004
14048,636,6831,4093,2738,2.23,1.99,6831,1284,2003,2090
14051,279,7892,6468,1424,2.67,1.57,7892,206,4070,2398
14052,484,7274,6164,1110,2.5,1.83,7274,348,3769,2395
14054,36,510,375,135,2.64,2.91,510,29,228,147
14055,68,683,566,117,1.84,2.39,683,159,226,340
14056,,103,103,0,2.1,,103,0,,103
14057,139,3165,2680,485,2.46,2.37,3165,137,1542,1138
14058,91,750,654,96,3.0,2.65,750,33,394,260
14059,110,3761,3004,757,2.63,2.17,3761,300,1832,1172
14060,92,190,152,38,1.99,1.47,190,21,63,89
14061,,26,21,5,2.76,1.8,26,0,14,7
14062,154,1330,1094,236,2.56,2.55,1330,62,546,548
14063,599,5003,3505,1498,2.42,1.92,5003,457,2109,1396
14065,79,597,554,43,2.85,2.19,597,60,310,244
14066,98,463,397,66,2.51,2.88,463,9,184,213
14067,167,1806,1538,268,2.35,2.64,1806,0,806,732
14068,303,2842,2051,791,2.63,2.09,2842,358,1296,755
14069,,261,237,24,2.07,4.38,261,0,166,71
14070,339,2313,1651,662,2.77,1.95,2313,210,977,674
14072,261,8800,6995,1805,2.56,1.81,8800,159,4250,2745
14075,666,19501,13995,5506,2.49,1.67,19501,1053,8103,5892
14080,115,1733,1446,287,2.45,1.92,1733,117,826,620
14081,339,1228,1001,227,2.27,2.43,1228,87,361,640
14082,,221,207,14,3.11,,221,1,125,82
14083,,5,5,0,2.8,,5,0,5,
14085,120,2818,2766,52,2.7,2.06,2818,0,1709,1057
14086,414,14655,12188,2467,2.52,1.57,14655,655,7850,4338
14091,87,561,499,62,2.57,3.92,561,10,304,195
14092,273,4776,3590,1186,2.34,1.72,4776,335,1714,1876
14094,2006,21279,15388,5891,2.45,2.01,21279,1778,8817,6571
14098,467,1154,892,262,2.75,2.45,1154,112,563,329
14101,392,710,639,71,2.38,2.55,710,51,284,355
14102,,548,474,74,2.75,1.57,548,0,355,119
14103,331,4542,3194,1348,2.31,2.13,4542,407,1674,1520
14105,194,1770,1461,309,2.85,1.85,1770,43,860,601
14108,166,2157,1821,336,2.44,3.16,2157,50,1021,800
14109,,,,0,,,,0,,
14111,114,1248,989,259,2.68,2.01,1248,48,651,338
14112,,37,19,18,3.0,,37,0,,19
14113,75,309,246,63,2.37,1.75,309,4,160,86
14120,1328,18918,13805,5113,2.52,1.74,18918,1691,8500,5305
14125,121,1384,997,387,2.57,2.5,1384,88,600,397
14126,104,214,163,51,2.95,2.61,214,0,87,76
14127,233,12446,9059,3387,2.69,1.67,12446,629,6009,3050
14129,49,440,370,70,2.7,2.27,440,37,160,210
14130,,39,33,6,3.12,2.33,39,3,16,17
14131,277,1931,1762,169,2.61,2.2,1931,66,961,801
14132,121,2587,2143,444,2.83,1.69,2587,101,1070,1073
14134,,37,37,0,1.97,,37,0,16,21
14135,16,46,41,5,2.85,,46,14,18,23
14136,397,2180,1773,407,2.28,1.98,2180,143,943,830
14138,155,738,553,185,2.66,2.29,738,77,273,280
14139,26,727,678,49,2.5,2.39,727,18,357,321
14141,509,3306,2371,935,2.38,2.03,3306,332,1433,938
14143,117,426,365,61,2.5,2.33,426,15,264,101
14145,33,502,453,49,2.5,2.8,502,17,230,223
14150,874,19293,13800,5493,2.32,1.79,19293,1624,8645,5155
14166,230,103,103,0,2.4,,103,0,9,94
14167,118,661,579,82,2.74,2.78,661,31,353,226
14168,,35,35,0,3.23,,35,0,31,4
14169,,71,71,0,1.13,,71,5,,71
14170,94,925,801,124,2.65,2.38,925,45,438,363
14171,198,777,716,61,2.44,1.56,777,26,301,415
14172,294,1287,1097,190,2.21,2.19,1287,66,712,385
14173,17,72,72,0,2.85,,72,0,53,19
14174,228,2447,2003,444,2.39,2.24,2447,61,1123,880
14201,1214,5770,1272,4498,2.03,2.1,5770,2107,770,502
14202,343,2164,545,1619,1.45,1.64,2164,433,404,141
14203,50,1433,19,1414,2.0,1.34,1433,549,6,13
14204,1290,4381,1336,3045,2.29,1.62,4381,1845,577,759
14206,1385,9432,5849,3583,2.38,2.1,9432,1980,2788,3061
14207,1153,9902,3413,6489,2.64,2.56,9902,2692,1742,1671
14208,1355,4349,2388,1961,1.98,2.52,4349,1359,924,1464
14209,446,4261,1227,3034,2.36,1.61,4261,1072,560,667
14210,1010,7047,3429,3618,2.32,2.02,7047,1534,1706,1723
14211,2028,9465,3976,5489,2.34,2.53,9465,3315,1587,2389
14212,1017,4972,2466,2506,2.56,2.29,4972,1588,1098,1368
14213,1886,9543,3528,6015,2.49,2.46,9543,2383,1916,1612
14214,1141,8418,3914,4504,2.45,2.3,8418,1696,2372,1542
14215,2129,16804,7687,9117,2.41,2.51,16804,4591,4510,3177
14216,1032,11788,5833,5955,2.25,1.88,11788,1219,3932,1901
14217,585,10800,7259,3541,2.34,1.56,10800,1290,4346,2913
14218,849,8775,4943,3832,2.37,2.26,8775,1348,2671,2272
14219,296,5258,3723,1535,2.25,1.7,5258,255,2272,1451
14220,924,10485,6993,3492,2.41,2.18,10485,1118,4126,2867
14221,1272,23521,17666,5855,2.46,1.74,23521,1985,10840,6826
14222,701,6779,2719,4060,2.69,1.64,6779,902,1893,826
14223,547,10072,8053,2019,2.31,1.79,10072,560,5140,2913
14224,899,17973,13959,4014,2.42,1.68,17973,1300,8457,5502
14225,520,16038,11238,4800,2.25,1.91,16038,1142,7087,4151
14226,620,12635,9420,3215,2.48,1.79,12635,912,5998,3422
14227,538,9861,6518,3343,2.29,1.71,9861,1140,3519,2999
14228,598,9964,5569,4395,2.54,2.28,9964,1029,3286,2283
14260,,,,0,,,,0,,
14261,,,,0,,,,0,,
14301,1574,5773,2442,3331,2.22,1.93,5773,1870,934,1508
14302,31,126,,126,,,126,126,,
14303,783,2867,1290,1577,2.25,2.23,2867,757,497,793
14304,988,12496,9686,2810,2.38,1.9,12496,776,5776,3910
14305,1173,7150,4455,2695,2.3,2.38,7150,1286,2188,2267
14411,640,4977,3360,1617,2.31,1.87,4977,533,1991,1369
14413,27,25,,25,,3.08,25,0,,
14414,82,2954,2179,775,2.4,1.91,2954,98,1246,933
14415,13,66,38,28,2.32,1.93,66,7,23,15
14416,67,1534,1360,174,2.66,1.85,1534,21,843,517
14418,505,446,403,43,2.46,2.93,446,55,248,155
14420,474,6922,4279,2643,2.68,2.15,6922,379,2737,1542
14422,45,734,613,121,2.6,2.71,734,18,388,225
14423,94,2054,1617,437,2.39,2.0,2054,77,1040,577
14424,1534,12522,8256,4266,2.39,1.85,12522,973,5233,3023
14425,237,5031,3433,1598,2.7,2.26,5031,285,2064,1369
14427,166,785,630,155,2.25,2.23,785,56,386,244
14428,227,2894,2423,471,2.57,2.01,2894,144,1412,1011
14432,219,2027,1724,303,2.61,1.54,2027,151,1038,686
14433,156,1620,1265,355,2.49,2.23,1620,155,543,722
14435,494,1059,968,91,2.15,1.38,1059,31,610,358
14437,504,3979,3264,715,2.28,2.08,3979,226,1835,1429
14441,90,93,79,14,3.14,3.0,93,1,36,43
14445,206,3373,2012,1361,2.22,2.27,3373,249,1398,614
14450,894,18271,14200,4071,2.51,1.77,18271,917,9120,5080
14453,,,,0,,,,0,,
14454,515,3283,1699,1584,2.58,2.27,3283,319,1025,674
14456,876,7709,4891,2818,2.27,2.06,7709,915,2781,2110
14462,10,270,243,27,3.1,3.41,270,16,143,100
14463,20,134,134,0,2.14,,134,0,99,35
14464,168,2742,2379,363,2.65,1.95,2742,73,1443,936
14466,92,626,591,35,2.44,,626,20,349,242
14467,142,4426,2974,1452,2.47,2.16,4426,176,1791,1183
14468,398,6717,5833,884,2.75,2.35,6717,340,3987,1846
14469,302,2574,2154,420,2.38,1.84,2574,133,1226,928
14470,116,3146,2588,558,2.49,2.0,3146,131,1518,1070
14471,732,1256,920,336,2.15,2.38,1256,20,442,478
14472,158,3436,2661,775,2.95,1.99,3436,133,1659,1002
14475,8,145,140,5,2.25,,145,0,129,11
14476,95,941,873,68,2.66,1.16,941,15,680,193
14477,147,666,566,100,2.53,2.49,666,24,339,227
14478,414,293,237,56,2.35,2.43,293,8,80,157
14479,,84,84,0,1.62,,84,0,,84
14480,210,285,205,80,2.76,1.96,285,0,189,16
14481,70,712,615,97,2.57,2.0,712,58,307,308
14482,98,3640,2720,920,2.47,1.74,3640,448,1492,1228
14485,221,1573,1229,344,2.55,1.82,1573,80,767,462
14486,,132,112,20,2.88,,132,0,106,6
14487,312,2263,1907,356,2.8,1.51,2263,35,1244,663
14489,530,2642,1984,658,2.75,2.42,2642,335,1068,916
14502,182,4270,3469,801,2.5,1.67,4270,364,2536,933
14504,49,654,505,149,2.27,2.42,654,16,244,261
14505,81,2038,1661,377,2.6,1.69,2038,201,1204,457
14506,,370,356,14,2.11,,370,0,171,185
14507,347,366,337,29,2.43,5.21,366,17,195,142
14510,192,2136,1520,616,2.29,1.79,2136,273,806,714
14511,,136,109,27,3.35,3.3,136,10,86,23
14512,825,1891,1588,303,2.54,2.01,1891,71,879,709
14513,374,5728,3814,1914,2.56,1.96,5728,655,2285,1529
14514,124,2550,1732,818,2.45,2.01,2550,192,1185,547
14515,19,109,109,0,1.42,,109,16,70,39
14516,87,824,706,118,2.43,3.87,824,18,369,337
14517,59,1103,796,307,2.41,2.33,1103,92,352,444
14519,216,5306,4301,1005,2.47,1.84,5306,314,2688,1613
14521,265,1123,867,256,2.32,2.38,1123,102,518,349
14522,206,4127,3055,1072,2.53,1.75,4127,98,1645,1410
14525,70,1015,880,135,2.48,2.28,1015,19,541,339
14526,438,8064,6683,1381,2.57,1.83,8064,398,4290,2393
14527,1687,4830,3437,1393,2.8,2.11,4830,761,1734,1703
14529,,12,12,0,3.17,,12,0,,12
14530,514,2498,1756,742,2.67,2.31,2498,259,889,867
14532,174,1654,1434,220,2.5,2.35,1654,66,862,572
14533,41,793,643,150,2.35,2.53,793,16,417,226
14534,372,12347,11157,1190,2.68,2.36,12347,444,6448,4709
14536,64,286,199,87,2.41,1.63,286,25,107,92
14537,,27,16,11,1.81,4.55,27,0,16,
14539,,41,35,6,1.43,,41,0,16,19
14541,287,799,602,197,2.91,3.4,799,47,303,299
14542,,,,0,,,,0,,
14543,7,1309,1216,93,2.38,1.82,1309,16,744,472
14544,436,728,550,178,2.84,2.72,728,40,356,194
14545,9,44,44,0,2.57,,44,0,31,13
14546,246,2099,1364,735,2.47,2.13,2099,45,937,427
14548,101,1759,1435,324,2.45,2.34,1759,66,922,513
14549,157,154,137,17,2.38,,154,0,64,73
14550,82,577,445,132,2.7,1.84,577,55,256,189
14551,498,2455,1993,462,2.38,1.47,2455,151,1275,718
14555,364,657,567,90,1.65,1.66,657,7,206,361
14556,,,,0,,,,0,,
14557,,55,55,0,2.64,,55,0,38,17
14559,432,7268,5899,1369,2.69,2.2,7268,353,3827,2072
14560,195,950,780,170,2.41,1.94,950,47,465,315
14561,75,1035,926,109,2.56,2.45,1035,61,572,354
14564,472,6569,5279,1290,2.64,1.69,6569,315,3101,2178
14568,79,2555,2436,119,2.56,1.58,2555,10,1703,733
14569,278,2877,1910,967,2.42,1.54,2877,360,1086,824
14571,187,474,427,47,2.39,1.51,474,28,266,161
14572,446,1792,1475,317,2.54,2.86,1792,76,729,746
14580,725,22955,16760,6195,2.55,1.75,22955,1200,11067,5693
14585,15,97,76,21,1.36,2.14,97,0,16,60
14586,305,4582,3485,1097,2.89,2.25,4582,70,2654,831
14588,,,,0,,,,0,,
14589,305,3176,2496,680,2.43,1.96,3176,341,1568,928
14590,1114,2233,1805,428,2.34,1.79,2233,239,901,904
14591,58,654,533,121,2.39,2.17,654,53,262,271
14592,9,97,53,44,1.85,,97,44,29,24
14604,443,1719,46,1673,1.5,1.36,1719,578,23,23
14605,855,4065,956,3109,2.45,2.69,4065,1723,368,588
14606,973,11059,7065,3994,2.48,2.53,11059,1445,4651,2414
14607,886,10829,1993,8836,1.94,1.47,10829,2130,1191,802
14608,1062,5626,1310,4316,1.85,2.18,5626,1811,781,529
14609,1825,17889,10517,7372,2.28,2.28,17889,2748,6752,3765
14610,569,7155,3892,3263,2.29,1.38,7155,762,2636,1256
14611,1371,7237,2170,5067,2.41,2.5,7237,2455,1205,965
14612,820,15073,10551,4522,2.49,1.73,15073,1282,6828,3723
14613,641,6010,2184,3826,2.6,2.57,6010,1919,1480,704
14614,16,54,,54,,1.26,54,43,,
14615,392,7598,3973,3625,2.47,2.28,7598,861,2823,1150
14616,784,11388,7848,3540,2.54,2.05,11388,1204,5601,2247
14617,391,9708,8221,1487,2.4,1.81,9708,521,5359,2862
14618,482,8302,6358,1944,2.57,2.31,8302,225,3932,2426
14619,364,5545,3345,2200,2.44,2.84,5545,771,2277,1068
14620,858,12001,3683,8318,1.93,1.7,12001,2297,2077,1606
14621,2020,13001,4467,8534,2.44,2.47,13001,4002,2714,1753
14622,221,5899,4769,1130,2.23,2.22,5899,398,3002,1767
14623,753,8545,4664,3881,2.36,2.21,8545,462,2908,1756
14624,775,15274,12050,3224,2.55,2.32,15274,637,8303,3747
14625,437,4580,4031,549,2.24,1.6,4580,181,2345,1686
14626,651,12790,8861,3929,2.52,1.81,12790,868,5576,3285
14627,,,,0,,,,0,,
14642,,,,0,,,,0,,
14701,2591,16742,9616,7126,2.4,2.16,16742,2941,5173,4443
14706,270,2535,1962,573,2.37,1.97,2535,62,883,1079
14707,19,34,22,12,2.41,1.92,34,0,10,12
14708,63,52,52,0,3.46,,52,0,24,28
14709,408,506,411,95,2.65,2.46,506,20,146,265
14710,925,1386,1227,159,2.53,1.83,1386,61,647,580
14711,295,653,544,109,3.11,2.69,653,84,260,284
14712,867,1298,1080,218,2.11,2.01,1298,14,506,574
14714,71,196,177,19,2.84,1.58,196,11,123,54
14715,217,1031,766,265,2.45,2.29,1031,96,332,434
14716,156,747,541,206,2.36,2.3,747,61,217,324
14717,735,281,252,29,1.77,1.97,281,21,88,164
14718,173,746,653,93,2.61,1.39,746,42,333,320
14719,447,1355,1080,275,2.51,1.92,1355,106,507,573
14720,30,350,190,160,2.31,2.51,350,46,118,72
14721,33,68,61,7,2.11,3.29,68,0,29,32
14722,1219,58,58,0,1.16,,58,0,,58
14723,178,477,408,69,2.41,2.38,477,9,179,229
14724,508,826,688,138,3.48,2.16,826,202,386,302
14726,168,587,531,56,4.1,3.46,587,241,290,241
14727,926,2090,1719,371,2.41,2.3,2090,90,804,915
14728,545,462,396,66,2.09,2.52,462,33,192,204
14729,147,381,309,72,2.45,1.88,381,3,178,131
14731,1976,572,462,110,2.26,1.92,572,18,219,243
14732,20,15,15,0,2.93,,15,0,3,12
14733,275,1456,1046,410,2.58,1.78,1456,198,578,468
14735,414,941,772,169,2.98,2.98,941,61,329,443
14736,222,65,61,4,2.67,,65,0,26,35
14737,783,1726,1469,257,2.52,1.99,1726,217,583,886
14738,378,1382,1108,274,2.46,2.53,1382,96,460,648
14739,545,1042,917,125,2.47,2.7,1042,54,430,487
14740,123,417,353,64,2.47,1.81,417,49,197,156
14741,526,746,665,81,2.48,2.21,746,34,310,355
14742,43,84,76,8,2.2,,84,0,38,38
14743,223,833,648,185,2.62,2.02,833,33,219,429
14744,112,395,271,124,3.44,3.28,395,32,162,109
14747,169,820,667,153,2.67,2.06,820,38,314,353
14748,77,233,170,63,2.26,2.48,233,17,64,106
14750,376,1947,1330,617,2.6,1.61,1947,168,709,621
14752,10,130,99,31,2.25,2.03,130,5,10,89
14753,61,490,404,86,2.32,2.06,490,32,212,192
14754,95,222,187,35,2.55,1.4,222,19,54,133
14755,381,1122,875,247,2.64,1.98,1122,72,373,502
14756,93,,,0,,,,0,,
14757,956,1341,1035,306,2.49,1.4,1341,115,547,488
14760,847,7871,4491,3380,2.38,1.98,7871,1364,2271,2220
14767,68,786,676,110,2.95,2.48,786,160,331,345
14769,100,333,238,95,2.47,2.01,333,0,129,109
14770,149,1060,808,252,2.66,2.78,1060,19,441,367
14772,346,1604,1236,368,2.49,1.8,1604,140,529,707
14774,11,50,43,7,5.67,3.14,50,0,4,39
14775,211,975,786,189,2.58,2.63,975,78,358,428
14777,388,174,144,30,3.38,3.2,174,3,53,91
14778,,,,0,,,,0,,
14779,676,2918,1702,1216,2.43,2.27,2918,455,647,1055
14781,151,738,594,144,2.52,2.35,738,74,274,320
14782,210,958,803,155,2.43,1.76,958,42,382,421
14783,69,72,58,14,2.36,3.21,72,4,,58
14784,120,299,252,47,2.53,2.87,299,0,118,134
14785,60,15,,15,,1.87,15,0,,
14787,425,2341,1661,680,1.92,2.1,2341,409,724,937
14788,26,35,9,26,2.33,2.38,35,26,,9
14801,439,1820,1425,395,2.88,2.28,1820,240,701,724
14802,97,380,219,161,2.46,2.29,380,38,98,121
14803,101,497,417,80,2.71,2.08,497,0,203,214
14804,259,559,499,60,2.75,2.75,559,22,226,273
14805,101,394,338,56,1.96,2.66,394,7,106,232
14806,199,769,589,180,2.51,2.82,769,29,236,353
14807,237,1159,968,191,2.44,3.03,1159,57,469,499
14808,13,229,205,24,2.34,2.13,229,31,80,125
14809,316,959,708,251,2.73,3.66,959,64,271,437
14810,912,5196,3507,1689,2.19,1.77,5196,737,1737,1770
14812,152,1246,1020,226,2.53,2.8,1246,49,473,547
14813,327,848,666,182,2.48,2.13,848,79,240,426
14814,,811,566,245,3.07,1.98,811,0,338,228
14815,368,331,274,57,2.27,1.74,331,17,116,158
14816,,228,207,21,2.69,,228,3,85,122
14817,64,1160,704,456,2.43,2.31,1160,45,526,178
14818,238,843,773,70,2.36,2.01,843,22,406,367
14819,140,268,222,46,2.82,2.5,268,25,86,136
14820,78,241,204,37,2.56,2.84,241,7,113,91
14821,216,1238,1072,166,2.59,2.76,1238,51,508,564
14822,190,362,327,35,2.25,3.43,362,20,125,202
14823,434,1478,1126,352,2.65,1.99,1478,139,482,644
14824,27,262,198,64,2.6,2.77,262,12,87,111
14825,43,327,279,48,2.58,1.25,327,26,139,140
14826,278,761,627,134,2.6,2.28,761,15,316,311
14827,,62,62,0,1.87,,62,0,46,16
14830,731,8616,5807,2809,2.43,1.7,8616,839,3352,2455
14836,59,415,396,19,2.11,2.32,415,0,241,155
14837,1042,1976,1589,387,2.88,3.04,1976,165,807,782
14838,90,795,745,50,2.66,2.1,795,14,368,377
14839,156,247,214,33,2.38,2.73,247,4,78,136
14840,1577,1212,1054,158,2.1,2.11,1212,23,468,586
14841,263,278,202,76,2.21,2.61,278,13,115,87
14842,450,221,174,47,4.08,4.32,221,78,82,92
14843,993,5405,3259,2146,2.48,1.96,5405,731,1442,1817
14845,444,8936,6485,2451,2.42,1.92,8936,411,3203,3282
14846,102,303,269,34,2.68,1.68,303,12,136,133
14847,248,931,738,193,2.67,1.76,931,94,421,317
14850,2494,28182,12205,15977,2.3,1.83,28182,4712,6909,5296
14853,,,,0,,,,0,,
14854,,38,38,0,2.03,,38,0,24,14
14855,102,278,228,50,2.99,2.48,278,69,103,125
14856,,,,0,,,,0,,
14858,85,458,399,59,3.15,1.69,458,37,206,193
14859,48,397,329,68,2.68,3.21,397,0,161,168
14860,292,553,364,189,2.29,1.9,553,33,144,220
14861,92,498,418,80,2.42,1.85,498,17,156,262
14864,84,488,469,19,2.21,3.0,488,3,246,223
14865,75,1131,822,309,2.48,1.73,1131,160,405,417
14867,55,2507,1905,602,2.24,2.11,2507,135,820,1085
14869,49,523,350,173,2.41,3.14,523,14,167,183
14870,335,3970,3025,945,2.66,1.82,3970,257,1866,1159
14871,164,1771,1474,297,2.45,2.11,1771,20,634,840
14872,62,187,158,29,2.27,1.38,187,8,61,97
14873,715,821,742,79,2.64,3.71,821,55,331,411
14874,74,56,56,0,2.7,,56,0,22,34
14877,131,224,174,50,3.01,3.8,224,12,74,100
14878,163,229,219,10,2.86,2.2,229,5,93,126
14879,145,892,795,97,2.48,3.11,892,39,396,399
14880,326,760,681,79,2.26,2.22,760,18,247,434
14881,,118,57,61,2.23,1.3,118,22,57,
14882,68,1561,1298,263,2.52,2.37,1561,18,988,310
14883,133,1878,1473,405,2.57,2.11,1878,76,859,614
14884,192,118,97,21,2.58,3.19,118,6,37,60
14885,51,258,208,50,2.62,2.72,258,28,89,119
14886,255,2824,2266,558,2.38,2.02,2824,111,1121,1145
14889,152,549,444,105,2.62,2.58,549,59,191,253
14891,456,2008,1275,733,2.36,1.89,2008,194,625,650
14892,288,3231,2192,1039,2.37,2.36,3231,305,1115,1077
14893,19,9,9,0,5.56,,9,0,9,
14894,80,411,353,58,2.44,3.0,411,10,199,154
14895,744,3998,3054,944,2.37,1.8,3998,508,1261,1793
14897,94,262,214,48,2.43,2.94,262,8,106,108
14898,176,559,472,87,3.13,3.6,559,73,213,259
14901,1244,5440,2866,2574,2.26,2.29,5440,1272,1486,1380
14903,367,3121,1957,1164,2.4,2.12,3121,237,911,1046
14904,1145,6132,3713,2419,2.43,2.31,6132,981,2193,1520
14905,609,3655,2461,1194,2.33,2.12,3655,321,1621,840
15001,1891,14182,10735,3447,2.33,1.91,14182,1262,6358,4377
15003,961,5160,3298,1862,2.32,2.0,5160,626,1747,1551
15004,52,142,142,0,2.65,,142,0,118,24
15005,313,3887,3384,503,2.45,1.59,3887,176,1751,1633
15006,,129,113,16,2.19,3.88,129,0,45,68
15007,,165,130,35,3.78,2.91,165,0,24,106
15009,452,6645,5067,1578,2.56,1.64,6645,347,3171,1896
15010,1371,11743,8263,3480,2.47,2.08,11743,1276,4682,3581
15012,782,6797,5081,1716,2.36,1.82,6797,368,2582,2499
15014,212,1463,1055,408,2.02,2.29,1463,184,532,523
15015,11,505,499,6,2.55,2.17,505,3,322,177
15017,495,7372,5471,1901,2.37,1.68,7372,766,3470,2001
15018,31,465,397,68,2.4,2.04,465,59,81,316
15019,90,679,555,124,2.11,2.35,679,82,171,384
15020,14,203,195,8,1.89,,203,0,19,176
15021,453,2695,2123,572,2.49,2.06,2695,204,1054,1069
15022,1229,4257,3211,1046,2.52,2.04,4257,590,1706,1505
15024,362,3474,2795,679,2.54,2.06,3474,195,1553,1242
15025,1173,7017,5193,1824,2.44,1.99,7017,682,3179,2014
15026,207,1553,1169,384,2.62,2.23,1553,56,720,449
15027,30,1157,780,377,2.1,1.76,1157,99,466,314
15028,5,76,74,2,2.26,,76,7,18,56
15030,144,484,286,198,2.09,2.38,484,47,140,146
15031,,230,111,119,2.49,1.82,230,0,77,34
15033,488,2248,1011,1237,2.02,1.99,2248,431,606,405
15034,135,850,420,430,2.1,1.65,850,120,212,208
15035,95,1031,698,333,2.26,1.42,1031,149,388,310
15037,376,4279,3756,523,2.44,1.88,4279,290,1955,1801
15038,34,121,87,34,2.97,2.0,121,0,66,21
15042,258,3397,2887,510,2.39,2.24,3397,64,1322,1565
15043,25,839,724,115,2.52,3.45,839,18,326,398
15044,388,10641,9870,771,2.71,1.92,10641,380,6615,3255
15045,425,1897,1262,635,2.28,2.45,1897,176,673,589
15046,52,1103,948,155,2.43,1.99,1103,5,573,375
15047,,128,128,0,1.77,,128,0,95,33
15049,10,498,410,88,1.89,1.58,498,18,165,245
15050,17,897,836,61,2.62,3.64,897,19,490,346
15051,,238,128,110,2.08,1.8,238,0,58,70
15052,97,1262,1019,243,2.37,2.34,1262,56,583,436
15053,,41,38,3,1.76,2.67,41,0,14,24
15054,26,236,178,58,2.37,2.33,236,43,106,72
15055,25,631,580,51,1.7,2.82,631,0,379,201
15056,46,521,318,203,2.22,1.74,521,84,194,124
15057,379,6301,5573,728,2.91,1.94,6301,203,3524,2049
15059,178,1668,892,776,2.74,2.42,1668,156,550,342
15060,164,366,325,41,2.55,2.29,366,0,179,146
15061,529,5225,3481,1744,2.5,2.08,5225,441,2076,1405
15062,984,3297,2514,783,2.04,2.07,3297,470,1201,1313
15063,564,4598,3706,892,2.51,1.72,4598,429,2080,1626
15064,,134,62,72,1.92,1.64,134,29,45,17
15065,513,5041,3758,1283,2.27,2.08,5041,411,2023,1735
15066,420,5669,3636,2033,2.29,1.92,5669,737,2152,1484
15067,112,1076,866,210,2.38,2.18,1076,64,371,495
15068,2167,16352,11640,4712,2.33,2.04,16352,1726,6381,5259
15071,98,5017,3642,1375,2.52,1.99,5017,173,2277,1365
15072,45,39,,39,,,39,33,,
15074,422,3600,2359,1241,2.4,1.91,3600,421,1165,1194
15075,,22,11,11,,2.09,22,0,,11
15076,63,411,203,208,2.31,1.58,411,17,97,106
15077,10,93,74,19,2.23,2.58,93,2,36,38
15078,75,200,137,63,3.49,1.35,200,48,68,69
15081,49,165,107,58,2.13,1.76,165,2,56,51
15082,43,77,37,40,4.22,,77,0,30,7
15083,42,452,412,40,2.04,2.7,452,36,193,219
15084,314,4430,3062,1368,2.26,2.14,4430,473,1621,1441
15085,415,3309,2739,570,2.46,2.01,3309,159,1584,1155
15086,,257,187,70,2.54,1.2,257,0,122,65
15087,,33,23,10,3.0,1.5,33,0,4,19
15088,30,159,116,43,2.59,3.0,159,14,73,43
15089,272,2964,2173,791,2.33,1.88,2964,253,1130,1043
15090,235,9652,7622,2030,2.78,2.0,9652,171,5534,2088
15101,389,10766,7982,2784,2.69,1.61,10766,251,4737,3245
15102,436,13470,10977,2493,2.4,1.65,13470,580,6247,4730
15104,1077,3744,1712,2032,2.1,2.12,3744,1238,611,1101
15106,647,9375,6534,2841,2.16,1.78,9375,947,3938,2596
15108,1458,16998,12641,4357,2.63,1.89,16998,891,7994,4647
15110,725,2138,997,1141,2.26,2.61,2138,670,435,562
15112,404,1470,623,847,2.48,1.88,1470,298,310,313
15116,78,5797,5052,745,2.48,2.03,5797,120,2989,2063
15120,1391,8449,5138,3311,2.23,2.05,8449,1835,2544,2594
15122,766,8237,6388,1849,2.3,2.42,8237,736,3347,3041
15123,,,,0,,,,0,,
15126,147,3093,2428,665,2.3,1.66,3093,53,1461,967
15129,172,4287,3411,876,2.45,2.12,4287,123,2286,1125
15131,197,3952,2805,1147,2.23,1.65,3952,124,1596,1209
15132,2001,9155,4413,4742,2.23,1.88,9155,2554,1870,2543
15133,175,2812,2138,674,2.19,2.06,2812,136,1129,1009
15135,103,2095,1632,463,2.61,1.53,2095,27,981,651
15136,1199,9988,6322,3666,2.29,2.29,9988,1935,3394,2928
15137,442,4651,2990,1661,2.29,2.01,4651,774,1596,1394
15139,250,3274,1889,1385,2.31,1.6,3274,191,1290,599
15140,183,1482,591,891,1.99,2.18,1482,321,266,325
15142,,786,474,312,2.09,1.3,786,15,363,111
15143,733,8610,6711,1899,2.69,1.92,8610,706,4342,2369
15144,113,1852,1263,589,2.44,1.57,1852,188,762,501
15145,289,2973,1371,1602,2.42,2.09,2973,328,795,576
15146,1158,12360,8817,3543,2.44,1.87,12360,783,5797,3020
15147,617,7964,5363,2601,2.07,1.94,7964,1052,3017,2346
15148,434,1113,438,675,2.25,2.21,1113,321,195,243
15201,795,6640,3657,2983,2.05,1.83,6640,951,2314,1343
15202,1035,9959,5092,4867,2.44,1.49,9959,1337,3214,1878
15203,1342,5644,2148,3496,1.95,1.7,5644,856,1433,715
15204,460,3564,2331,1233,2.21,2.4,3564,584,1173,1158
15205,839,10827,6189,4638,2.36,1.87,10827,1122,3689,2500
15206,2168,14753,6138,8615,2.23,1.72,14753,3664,3463,2675
15207,866,4729,3007,1722,2.05,2.07,4729,840,1494,1513
15208,1405,4126,2138,1988,2.15,2.25,4126,963,1065,1073
15209,498,5510,4185,1325,2.23,1.77,5510,524,2554,1631
15210,1675,11188,5953,5235,2.36,2.45,11188,2855,2932,3021
15211,799,5638,2719,2919,1.98,1.75,5638,661,1561,1158
15212,1825,14176,6991,7185,2.12,1.84,14176,4070,4110,2881
15213,1577,9597,2473,7124,1.76,1.92,9597,3948,770,1703
15214,671,6129,4009,2120,2.24,2.73,6129,1007,2406,1603
15215,497,5532,4085,1447,2.44,1.97,5532,506,2589,1496
15216,957,10385,6433,3952,2.36,1.82,10385,1123,3779,2654
15217,906,11662,6061,5601,2.58,1.85,11662,2262,3590,2471
15218,827,6715,3859,2856,2.26,1.68,6715,917,2534,1325
15219,1290,5377,1357,4020,2.3,1.76,5377,2458,636,721
15220,663,8826,4759,4067,2.17,1.88,8826,505,2760,1999
15221,2683,15214,6522,8692,2.12,1.76,15214,3647,3494,3028
15222,521,3018,497,2521,1.86,1.35,3018,825,309,188
15223,299,3364,2132,1232,2.28,1.78,3364,311,1112,1020
15224,763,5574,2085,3489,2.16,1.76,5574,1229,1362,723
15225,77,523,283,240,1.76,1.9,523,71,153,130
15226,580,6253,4336,1917,2.19,2.14,6253,726,2849,1487
15227,755,12833,9232,3601,2.37,2.04,12833,1633,5240,3992
15228,460,7437,5307,2130,2.7,1.91,7437,592,3406,1901
15229,320,6241,4646,1595,2.67,1.81,6241,341,2864,1782
15232,494,6198,1743,4455,2.08,1.66,6198,1526,889,854
15233,305,1447,634,813,2.28,1.3,1447,400,449,185
15234,465,6077,4354,1723,2.45,1.86,6077,493,2498,1856
15235,1574,15290,10905,4385,2.37,2.09,15290,1589,7006,3899
15236,737,13446,10277,3169,2.38,2.0,13446,1133,6673,3604
15237,1057,18231,14254,3977,2.47,1.74,18231,652,8910,5344
15238,481,5396,4238,1158,2.52,1.62,5396,462,2087,2151
15239,427,8304,7036,1268,2.67,1.84,8304,408,4393,2643
15241,484,8127,7056,1071,2.81,1.66,8127,405,4218,2838
15243,353,5788,5078,710,2.43,1.49,5788,419,2924,2154
15260,,,,0,,,,0,,
15275,,,,0,,,,0,,
15282,,,,0,,,,0,,
15290,,,,0,,,,0,,
15301,2360,20943,14478,6465,2.38,1.96,20943,2062,7622,6856
15310,56,101,87,14,2.24,3.21,101,0,4,83
15311,67,492,475,17,2.26,1.59,492,4,253,222
15312,244,1534,1241,293,2.49,2.75,1534,29,644,597
15313,29,156,132,24,2.41,2.67,156,2,70,62
15314,221,1360,980,380,2.61,2.03,1360,145,512,468
15315,29,233,188,45,3.03,2.78,233,7,89,99
15316,19,87,63,24,2.06,3.75,87,4,31,32
15317,928,17080,13554,3526,2.6,1.94,17080,584,8948,4606
15320,267,2258,1791,467,2.44,2.13,2258,119,924,867
15321,34,695,536,159,2.59,2.94,695,21,266,270
15322,206,706,600,106,2.25,2.36,706,45,341,259
15323,254,1574,1295,279,2.54,2.06,1574,65,587,708
15324,43,298,197,101,2.2,2.52,298,0,55,142
15325,46,130,71,59,1.92,1.92,130,0,20,51
15327,43,543,442,101,2.52,1.77,543,44,197,245
15329,104,575,484,91,2.61,2.26,575,8,238,246
15330,232,2197,1975,222,2.51,1.86,2197,41,1171,804
15331,76,303,209,94,2.42,1.9,303,72,123,86
15332,278,3981,3515,466,2.31,1.61,3981,158,1894,1621
15333,171,707,509,198,2.42,2.37,707,43,269,240
15334,13,81,81,0,4.43,,81,0,62,19
15337,50,211,169,42,2.54,2.57,211,16,46,123
15338,111,632,526,106,2.55,4.0,632,17,243,283
15340,52,524,471,53,2.53,1.19,524,0,205,266
15341,100,280,187,93,2.63,2.84,280,10,81,106
15342,256,2267,1922,345,2.38,1.7,2267,157,1316,606
15344,82,596,534,62,2.34,2.44,596,41,228,306
15345,134,586,470,116,2.35,2.16,586,5,170,300
15346,58,226,200,26,2.21,2.58,226,7,72,128
15347,62,85,20,65,,3.54,85,0,20,
15348,34,32,28,4,2.89,,32,0,13,15
15349,143,656,496,160,2.31,2.54,656,28,239,257
15350,,228,120,108,2.71,2.45,228,19,78,42
15351,56,475,303,172,1.82,3.15,475,73,144,159
15352,101,364,314,50,2.02,1.78,364,28,144,170
15353,3,44,42,2,1.93,2.0,44,0,9,33
15357,74,598,503,95,2.43,2.27,598,4,234,269
15358,25,398,249,149,2.83,2.83,398,57,186,63
15359,,77,49,28,2.65,3.0,77,0,41,8
15360,96,639,561,78,2.71,2.73,639,19,315,246
15361,52,91,66,25,2.15,3.12,91,39,46,20
15362,39,299,250,49,2.32,2.12,299,6,85,165
15363,,313,179,134,2.42,2.39,313,11,83,96
15364,23,294,245,49,2.34,2.14,294,35,84,161
15365,,67,59,8,3.31,3.75,67,0,26,33
15366,,244,96,148,1.65,1.98,244,0,30,66
15367,44,3212,2982,230,3.04,2.04,3212,37,1877,1105
15368,68,156,117,39,2.32,2.21,156,5,36,81
15370,622,4841,3428,1413,2.29,1.94,4841,426,1594,1834
15376,90,564,449,115,2.54,2.56,564,20,225,224
15377,51,253,199,54,2.54,2.83,253,6,114,85
15378,8,18,9,9,2.11,2.11,18,0,,9
15379,15,30,24,6,3.17,1.17,30,4,9,15
15380,119,296,221,75,2.38,2.2,296,18,114,107
15401,1564,13424,9226,4198,2.35,1.79,13424,1511,4875,4351
15410,46,381,308,73,3.01,,381,63,145,163
15411,295,278,234,44,2.27,3.68,278,5,92,142
15412,20,104,79,25,2.2,2.8,104,6,35,44
15413,146,169,113,56,2.09,2.64,169,13,18,95
15416,30,186,173,13,2.71,,186,13,139,34
15417,612,3246,2230,1016,2.38,2.11,3246,452,1155,1075
15419,446,1395,479,916,2.43,1.65,1395,299,195,284
15420,12,86,49,37,2.98,4.0,86,0,25,24
15421,57,50,50,0,1.56,,50,0,9,41
15422,8,121,31,90,,2.36,121,8,,31
15423,71,768,606,162,2.75,2.87,768,30,324,282
15424,807,884,696,188,2.14,1.97,884,73,288,408
15425,691,8121,5750,2371,2.46,1.76,8121,689,2958,2792
15427,88,398,291,107,2.34,2.39,398,32,127,164
15428,92,773,678,95,2.57,2.84,773,29,306,372
15429,62,221,176,45,2.11,2.93,221,33,43,133
15430,,111,108,3,2.65,,111,5,53,55
15431,302,1791,1472,319,2.43,2.4,1791,80,618,854
15432,33,189,139,50,1.94,2.28,189,18,72,67
15433,85,365,328,37,1.92,1.89,365,15,48,280
15434,41,127,87,40,2.23,1.88,127,14,47,40
15435,13,47,47,0,2.13,,47,0,,47
15436,190,1086,728,358,2.36,2.29,1086,51,339,389
15437,194,774,496,278,2.37,2.74,774,153,318,178
15438,167,918,788,130,2.58,1.76,918,41,424,364
15440,,60,60,0,2.27,,60,0,24,36
15442,109,966,696,270,2.14,1.96,966,110,287,409
15443,52,65,12,53,,3.75,65,0,12,
15444,,171,139,32,4.13,3.97,171,0,93,46
15445,170,1304,1127,177,2.22,2.33,1304,75,496,631
15446,22,59,59,0,2.56,,59,0,29,30
15447,,47,47,0,4.77,,47,0,17,30
15448,58,71,57,14,2.35,4.0,71,0,25,32
15449,50,183,174,9,2.11,2.11,183,0,81,93
15450,42,79,79,0,1.76,,79,0,13,66
15451,81,345,299,46,2.87,1.35,345,23,100,199
15454,,50,,50,,2.64,50,0,,
15455,76,216,203,13,3.3,1.85,216,0,147,56
15456,83,970,798,172,2.47,1.67,970,94,346,452
15458,170,997,718,279,2.85,2.33,997,36,267,451
15459,161,573,443,130,2.8,2.2,573,16,191,252
15460,,58,56,2,2.71,3.0,58,0,26,30
15461,232,1555,1145,410,2.51,2.02,1555,86,545,600
15462,50,88,88,0,2.14,,88,0,24,64
15463,,125,88,37,1.86,2.22,125,0,15,73
15464,182,672,515,157,2.41,2.3,672,64,335,180
15465,31,183,154,29,2.14,,183,0,35,119
15466,22,168,144,24,2.27,6.42,168,8,66,78
15467,,59,55,4,1.87,4.5,59,0,29,26
15468,92,1074,864,210,2.52,2.06,1074,68,503,361
15469,25,975,761,214,2.11,2.45,975,46,282,479
15470,107,260,209,51,1.96,3.35,260,24,85,124
15472,10,86,15,71,2.4,1.48,86,0,15,
15473,136,1593,1316,277,2.17,2.0,1593,95,657,659
15474,158,673,443,230,3.26,3.37,673,45,164,279
15475,87,457,228,229,2.22,2.33,457,34,74,154
15476,,34,34,0,1.82,,34,0,16,18
15477,64,411,349,62,2.09,1.65,411,18,154,195
15478,223,2352,1935,417,2.33,2.68,2352,45,971,964
15479,86,909,778,131,2.43,2.22,909,27,347,431
15480,92,778,608,170,2.17,1.74,778,0,200,408
15482,29,158,113,45,1.45,2.27,158,0,48,65
15483,37,162,125,37,2.14,1.57,162,12,53,72
15484,,255,255,0,3.11,,255,0,54,201
15486,103,895,774,121,2.13,1.97,895,49,322,452
15488,,50,50,0,2.0,,50,0,,50
15489,,172,161,11,2.24,4.27,172,31,33,128
15490,64,121,103,18,2.38,3.0,121,24,28,75
15492,8,58,58,0,3.69,,58,13,6,52
15501,1112,6241,4364,1877,2.39,2.03,6241,418,2187,2177
15502,923,82,72,10,1.43,,82,0,33,39
15510,,,,0,,,,0,,
15520,16,138,123,15,2.77,2.87,138,0,96,27
15521,108,706,621,85,2.63,3.54,706,35,301,320
15522,941,4734,3718,1016,2.48,1.65,4734,304,2029,1689
15530,264,2024,1648,376,2.42,2.24,2024,106,758,890
15531,261,1526,1146,380,2.13,2.85,1526,59,572,574
15532,8,64,50,14,1.96,3.64,64,9,39,11
15533,132,514,375,139,2.26,2.82,514,16,190,185
15534,95,382,315,67,2.46,2.82,382,12,120,195
15535,356,794,675,119,2.52,2.58,794,18,279,396
15536,72,153,130,23,2.13,2.13,153,2,58,72
15537,559,3447,2455,992,2.46,1.92,3447,150,1113,1342
15538,279,274,243,31,2.51,1.68,274,14,93,150
15539,48,136,118,18,2.22,,136,0,85,33
15540,230,141,124,17,2.47,1.82,141,0,51,73
15541,280,1432,1336,96,2.36,3.02,1432,58,681,655
15542,84,446,367,79,2.39,2.57,446,18,118,249
15544,15,49,49,0,2.67,,49,0,49,
15545,173,1079,886,193,2.66,2.17,1079,63,405,481
15546,,211,211,0,3.11,,211,0,30,181
15547,41,252,190,62,4.18,2.42,252,6,85,105
15550,424,700,540,160,2.49,2.68,700,49,251,289
15551,83,240,198,42,2.59,2.14,240,17,81,117
15552,452,2177,1657,520,2.68,2.67,2177,316,761,896
15554,86,1042,827,215,2.21,1.47,1042,9,363,464
15555,38,43,40,3,1.98,3.33,43,0,15,25
15557,705,1360,1115,245,2.55,2.12,1360,43,499,616
15558,228,712,547,165,3.12,2.36,712,68,296,251
15559,237,815,670,145,2.38,2.1,815,26,378,292
15560,6,64,54,10,2.46,2.0,64,5,28,26
15561,9,56,42,14,2.6,1.79,56,0,28,14
15562,16,88,76,12,3.68,4.67,88,10,29,47
15563,428,1199,1083,116,2.37,1.63,1199,58,515,568
15564,5,51,32,19,2.38,2.11,51,7,18,14
15565,,2,2,0,3.0,,2,0,2,
15601,1928,24325,18116,6209,2.33,1.71,24325,1662,10376,7740
15610,204,1820,1592,228,2.19,2.54,1820,16,724,868
15611,24,150,126,24,1.76,1.83,150,1,79,47
15612,,176,136,40,2.1,1.73,176,26,49,87
15613,631,5240,4418,822,2.43,2.25,5240,355,2220,2198
15615,,114,107,7,1.89,2.0,114,9,21,86
15616,10,212,192,20,2.18,,212,0,66,126
15617,18,123,104,19,1.84,2.0,123,5,65,39
15618,101,1016,845,171,2.37,1.81,1016,74,440,405
15619,,162,136,26,2.14,1.58,162,0,65,71
15620,,276,212,64,2.28,1.92,276,9,73,139
15622,1355,553,521,32,2.4,,553,45,254,267
15623,26,313,265,48,3.11,1.67,313,17,200,65
15624,31,218,181,37,2.06,,218,79,62,119
15625,,27,27,0,1.48,,27,14,,27
15626,169,2443,1679,764,2.27,1.33,2443,52,925,754
15627,424,2751,2267,484,2.45,1.89,2751,158,1238,1029
15628,132,197,134,63,2.07,2.25,197,7,35,99
15629,74,294,192,102,2.01,2.53,294,24,94,98
15631,91,383,203,180,2.52,2.12,383,16,113,90
15632,187,3814,3078,736,2.57,1.75,3814,172,1829,1249
15633,,218,121,97,2.76,2.31,218,0,51,70
15634,34,220,125,95,2.01,1.09,220,73,53,72
15635,,93,48,45,2.02,,93,0,19,29
15636,35,1561,1369,192,2.96,1.3,1561,42,975,394
15637,198,611,531,80,2.67,2.39,611,15,341,190
15638,92,45,14,31,2.0,,45,31,14,
15639,85,907,589,318,2.54,1.76,907,126,354,235
15640,20,143,119,24,2.67,4.88,143,12,78,41
15641,32,228,153,75,2.12,2.23,228,19,73,80
15642,931,19025,16225,2800,2.5,1.96,19025,915,10154,6071
15644,715,8551,6530,2021,2.2,1.86,8551,985,3585,2945
15646,7,77,77,0,2.36,,77,0,28,49
15647,,9,,9,,4.22,9,0,,
15650,945,11308,8038,3270,2.37,1.87,11308,739,4554,3484
15655,101,128,115,13,1.91,1.31,128,0,38,77
15656,512,3978,3144,834,2.54,2.07,3978,226,1727,1417
15658,954,3752,3085,667,2.31,1.65,3752,72,1624,1461
15660,63,140,115,25,1.77,2.44,140,17,48,67
15661,34,283,265,18,3.08,2.22,283,0,133,132
15662,,363,363,0,2.83,,363,0,176,187
15663,5,242,210,32,2.32,1.94,242,15,98,112
15665,73,497,432,65,2.69,2.54,497,24,251,181
15666,595,6793,5307,1486,2.29,1.83,6793,452,2952,2355
15668,208,5425,5033,392,2.59,2.31,5425,25,2498,2535
15670,165,1248,1117,131,2.44,2.68,1248,9,601,516
15671,14,256,205,51,2.44,2.24,256,0,106,99
15672,180,1386,949,437,2.61,1.85,1386,61,592,357
15673,80,614,518,96,1.98,2.07,614,23,248,270
15674,,156,147,9,2.2,,156,9,64,83
15675,37,406,310,96,3.07,2.17,406,40,181,129
15676,13,257,145,112,2.54,3.24,257,17,91,54
15677,194,198,164,34,1.54,2.53,198,15,97,67
15678,11,257,175,82,2.61,2.96,257,0,91,84
15679,122,1384,1188,196,1.93,1.72,1384,28,392,796
15680,,149,132,17,1.64,3.41,149,5,70,62
15681,216,1883,1521,362,2.45,2.41,1883,80,808,713
15682,41,113,107,6,2.6,1.83,113,10,61,46
15683,209,3504,2548,956,2.46,1.84,3504,533,1310,1238
15684,27,147,123,24,2.41,2.38,147,6,113,10
15686,65,432,421,11,2.49,1.73,432,0,198,223
15687,47,524,501,23,2.27,1.7,524,14,195,306
15688,39,386,313,73,2.49,1.99,386,0,109,204
15689,,50,50,0,2.42,,50,0,36,14
15690,526,4034,2451,1583,2.42,2.07,4034,356,1206,1245
15691,,161,161,0,2.93,,161,0,116,45
15692,,444,311,133,1.94,1.95,444,41,195,116
15693,,130,117,13,2.09,5.08,130,0,46,71
15695,19,133,133,0,2.32,,133,16,60,73
15696,12,109,91,18,2.23,1.83,109,7,30,61
15697,186,1309,842,467,2.36,1.99,1309,93,441,401
15698,,274,251,23,1.9,1.83,274,20,67,184
15701,2421,12702,7381,5321,2.43,1.95,12702,1171,3625,3756
15705,,,,0,,,,0,,
15710,8,111,73,38,1.95,1.34,111,0,26,47
15711,5,136,105,31,2.16,2.84,136,6,50,55
15712,3,48,39,9,2.59,2.56,48,15,10,29
15713,17,96,96,0,3.9,,96,0,43,53
15714,275,1990,1529,461,2.35,2.79,1990,243,443,1086
15715,46,220,166,54,2.3,2.3,220,6,65,101
15716,14,176,103,73,2.2,1.37,176,20,23,80
15717,710,4078,3061,1017,2.4,2.21,4078,162,1367,1694
15720,39,105,90,15,2.68,2.87,105,8,45,45
15721,23,78,64,14,2.09,2.14,78,5,26,38
15722,107,903,823,80,2.53,2.35,903,24,383,440
15723,,12,12,0,,,12,12,,12
15724,130,856,743,113,2.55,2.46,856,54,298,445
15725,42,560,425,135,2.28,2.3,560,44,195,230
15727,19,87,66,21,2.2,3.48,87,0,22,44
15728,188,1350,940,410,2.68,2.83,1350,86,458,482
15729,83,517,403,114,2.14,1.12,517,49,228,175
15730,31,60,51,9,2.88,2.78,60,0,22,29
15731,37,146,121,25,2.09,1.52,146,24,39,82
15732,136,615,532,83,2.45,2.0,615,15,211,321
15733,18,61,57,4,2.21,,61,33,8,49
15734,34,163,150,13,2.49,1.92,163,0,108,42
15736,15,168,127,41,2.09,1.59,168,9,61,66
15737,16,53,43,10,2.0,3.1,53,0,3,40
15738,14,74,66,8,1.94,1.38,74,16,46,20
15739,16,162,111,51,2.08,3.49,162,9,66,45
15741,7,23,17,6,2.53,2.17,23,0,8,9
15742,123,343,277,66,2.59,4.12,343,24,113,164
15744,16,11,7,4,3.29,3.25,11,0,3,4
15745,,110,104,6,2.38,2.0,110,16,49,55
15746,13,54,42,12,2.57,,54,3,16,26
15747,107,664,596,68,2.8,2.18,664,86,236,360
15748,192,2835,2185,650,2.62,1.77,2835,136,1082,1103
15750,64,112,92,20,2.29,3.95,112,0,45,47
15752,,16,8,8,1.25,3.13,16,0,2,6
15753,75,176,148,28,2.55,2.89,176,6,66,82
15754,33,159,121,38,2.13,4.29,159,0,57,64
15756,6,71,55,16,3.38,2.06,71,0,26,29
15757,337,569,487,82,2.3,2.79,569,22,183,304
15759,75,1062,800,262,2.83,2.11,1062,87,376,424
15760,11,44,27,17,2.78,3.41,44,0,3,24
15761,,54,22,32,5.55,1.91,54,0,15,7
15762,17,337,306,31,3.05,1.61,337,13,100,206
15763,12,12,5,7,1.6,,12,0,,5
15764,3,42,38,4,2.03,4.0,42,0,13,25
15765,91,648,531,117,2.62,2.5,648,37,257,274
15767,987,5716,4157,1559,2.54,2.26,5716,600,1619,2538
15770,25,86,77,9,2.26,2.0,86,1,32,45
15771,115,370,326,44,2.58,2.05,370,31,174,152
15772,90,568,429,139,2.49,3.74,568,78,189,240
15773,10,161,155,6,2.74,2.33,161,3,83,72
15774,151,1195,1023,172,2.41,2.17,1195,57,479,544
15775,20,236,211,25,2.29,2.24,236,9,64,147
15776,,26,24,2,1.83,,26,0,9,15
15777,,35,35,0,2.17,,35,0,13,22
15778,11,64,63,1,5.79,3.0,64,5,40,23
15779,,91,83,8,2.37,2.0,91,0,37,46
15780,10,49,46,3,2.24,2.0,49,0,28,18
15781,,46,45,1,1.98,5.0,46,0,12,33
15783,,35,24,11,2.42,1.91,35,3,19,5
15784,,32,29,3,1.83,3.33,32,0,9,20
15801,1903,8220,5878,2342,2.53,2.14,8220,643,3152,2726
15821,306,49,43,6,1.88,1.67,49,0,22,21
15823,67,534,466,68,2.39,1.96,534,24,196,270
15824,433,2087,1617,470,2.45,2.32,2087,125,739,878
15825,915,3811,2825,986,2.56,2.04,3811,188,1375,1450
15827,38,120,120,0,2.78,,120,10,46,74
15828,405,108,93,15,1.98,1.8,108,7,12,81
15829,136,465,396,69,2.58,2.58,465,15,210,186
15831,,31,31,0,1.58,,31,0,19,12
15832,589,129,107,22,1.97,1.64,129,4,24,83
15834,787,1933,1347,586,2.31,1.77,1933,214,530,817
15840,101,741,592,149,2.31,2.54,741,34,262,330
15841,25,91,77,14,2.56,,91,22,49,28
15845,193,1332,1005,327,2.29,1.91,1332,103,406,599
15846,88,1419,1244,175,2.39,1.94,1419,0,622,622
15847,,21,10,11,1.8,2.45,21,0,,10
15848,97,335,306,29,2.46,2.86,335,25,108,198
15849,437,530,447,83,2.34,2.47,530,17,181,266
15851,364,2661,2044,617,2.76,2.32,2661,271,1044,1000
15853,675,2687,2028,659,2.5,1.93,2687,259,975,1053
15856,119,385,348,37,2.18,2.24,385,14,135,213
15857,419,5793,4487,1306,2.34,1.72,5793,501,1855,2632
15860,1218,513,437,76,2.27,2.17,513,24,185,252
15861,354,60,54,6,1.74,2.83,60,2,23,31
15863,10,69,67,2,1.93,2.5,69,0,23,44
15864,178,700,548,152,2.59,2.47,700,24,236,312
15865,74,532,328,204,2.05,1.93,532,35,108,220
15866,8,58,51,7,4.0,2.0,58,14,21,30
15868,501,725,628,97,2.63,1.9,725,8,223,405
15870,497,525,484,41,2.43,1.78,525,10,193,291
15901,706,1919,741,1178,2.16,1.56,1919,823,122,619
15902,1427,4930,3166,1764,2.42,2.14,4930,737,1433,1733
15904,581,6619,4694,1925,2.45,1.67,6619,666,2512,2182
15905,1282,8752,6694,2058,2.31,2.0,8752,763,3419,3275
15906,1135,4660,3052,1608,2.18,2.08,4660,989,1066,1986
15909,416,2081,1833,248,2.47,1.71,2081,141,725,1108
15920,61,257,228,29,2.2,1.69,257,33,78,150
15921,75,153,115,38,2.23,1.42,153,0,44,71
15922,,28,28,0,3.82,,28,0,10,18
15923,75,612,508,104,2.64,2.2,612,15,173,335
15924,36,378,337,41,2.51,2.37,378,9,186,151
15925,8,56,45,11,2.8,2.82,56,0,22,23
15926,533,1044,895,149,2.47,2.34,1044,50,461,434
15927,53,355,280,75,2.26,1.51,355,0,117,163
15928,30,860,744,116,2.29,1.37,860,152,304,440
15929,9,38,23,15,4.0,2.53,38,0,12,11
15930,39,165,165,0,2.16,,165,0,121,44
15931,223,3805,2922,883,2.4,1.66,3805,302,1414,1508
15934,,,,0,,,,0,,
15935,216,1129,1000,129,2.72,2.01,1129,61,549,451
15936,67,685,625,60,2.28,1.5,685,24,272,353
15937,123,305,257,48,2.18,1.79,305,0,142,115
15938,88,983,897,86,2.49,1.86,983,57,376,521
15940,104,590,526,64,2.43,2.81,590,19,241,285
15942,48,706,662,44,2.76,3.55,706,9,319,343
15943,285,1733,1229,504,2.48,1.83,1733,162,567,662
15944,297,1114,957,157,2.74,2.41,1114,89,385,572
15945,,47,47,0,3.36,,47,5,15,32
15946,457,2725,2318,407,2.48,1.94,2725,211,1045,1273
15948,,179,130,49,2.9,3.02,179,13,12,118
15949,13,225,190,35,2.01,2.29,225,0,96,94
15951,143,299,283,16,1.68,,299,16,105,178
15952,40,492,385,107,2.68,2.83,492,11,195,190
15953,,20,20,0,3.85,,20,0,20,
15954,167,1133,948,185,2.05,2.47,1133,59,294,654
15955,80,878,826,52,2.54,1.6,878,16,339,487
15956,91,1186,1017,169,2.25,1.91,1186,116,510,507
15957,27,132,132,0,2.73,,132,9,55,77
15958,77,821,711,110,2.46,2.36,821,50,340,371
15960,11,88,81,7,2.01,,88,0,21,60
15961,59,376,294,82,2.46,2.26,376,34,171,123
15962,16,116,94,22,2.62,6.91,116,9,53,41
15963,722,4485,3624,861,2.31,1.93,4485,404,1761,1863
16001,1848,18074,12314,5760,2.37,1.72,18074,2210,6699,5615
16002,186,6348,5476,872,2.47,2.17,6348,205,2932,2544
16020,82,443,388,55,2.67,3.02,443,7,203,185
16022,28,135,90,45,2.32,2.44,135,2,59,31
16023,157,1700,1200,500,3.1,1.45,1700,319,538,662
16024,5,105,95,10,2.74,4.1,105,0,49,46
16025,232,1922,1618,304,2.43,2.36,1922,63,840,778
16027,,153,99,54,2.99,2.52,153,0,64,35
16028,299,861,612,249,2.59,1.79,861,73,282,330
16029,35,370,280,90,2.64,1.91,370,26,200,80
16030,21,104,75,29,2.57,3.21,104,1,16,59
16033,250,3065,2430,635,2.46,1.7,3065,124,1609,821
16034,98,742,646,96,2.48,1.92,742,8,302,344
16035,15,52,38,14,2.58,6.14,52,0,11,27
16036,24,128,87,41,2.01,3.44,128,5,23,64
16037,99,1828,1544,284,2.66,2.1,1828,36,908,636
16038,117,1291,1052,239,2.57,2.49,1291,85,571,481
16040,29,330,269,61,3.04,1.9,330,4,144,125
16041,219,783,670,113,2.61,2.73,783,35,268,402
16045,145,422,275,147,2.63,2.73,422,36,150,125
16046,428,6645,5313,1332,2.9,2.08,6645,193,3969,1344
16048,,64,51,13,2.14,4.46,64,4,15,36
16049,411,1215,951,264,2.56,2.25,1215,54,409,542
16050,78,468,376,92,2.32,2.52,468,23,174,202
16051,76,1268,1176,92,2.47,2.25,1268,29,555,621
16052,90,915,844,71,2.57,2.72,915,42,367,477
16053,56,1599,1406,193,2.36,2.11,1599,142,726,680
16054,17,170,140,30,2.11,1.63,170,7,70,70
16055,100,3329,3071,258,2.49,1.79,3329,83,1548,1523
16056,139,1948,1494,454,2.35,1.44,1948,133,891,603
16057,966,4533,2594,1939,2.77,2.0,4533,260,1367,1227
16059,202,3750,3325,425,2.47,2.06,3750,76,1852,1473
16061,82,1013,910,103,2.7,2.5,1013,62,421,489
16063,98,3623,2337,1286,2.48,1.75,3623,271,1622,715
16066,550,13045,10245,2800,2.63,1.9,13045,316,6936,3309
16101,1578,13390,9389,4001,2.37,2.01,13390,1386,4558,4831
16102,230,2192,1553,639,2.58,2.24,2192,117,816,737
16105,511,6763,5244,1519,2.44,1.91,6763,335,3199,2045
16110,29,167,158,9,2.65,4.11,167,21,67,91
16111,30,404,353,51,3.07,2.37,404,94,174,179
16112,71,601,535,66,2.66,1.59,601,15,314,221
16113,11,153,126,27,2.46,1.96,153,0,67,59
16114,44,229,214,15,2.53,3.33,229,8,105,109
16115,76,1389,1120,269,2.51,2.29,1389,43,518,602
16116,39,1087,931,156,2.45,2.46,1087,17,452,479
16117,590,7221,5613,1608,2.24,1.84,7221,402,3250,2363
16120,75,948,764,184,2.54,2.6,948,32,443,321
16121,252,2024,1120,904,1.88,2.37,2024,437,461,659
16123,48,968,892,76,2.79,2.91,968,15,490,402
16124,94,648,535,113,2.63,2.07,648,85,250,285
16125,773,7025,4850,2175,2.48,2.0,7025,599,2465,2385
16127,363,5260,3795,1465,2.58,1.78,5260,303,2051,1744
16130,163,832,686,146,2.6,2.23,832,71,326,360
16131,36,377,292,85,2.37,2.56,377,28,124,168
16132,57,187,163,24,2.46,,187,0,100,63
16133,155,572,530,42,2.8,2.48,572,47,232,298
16134,972,1626,1388,238,2.39,1.97,1626,87,643,745
16136,32,328,234,94,2.63,1.72,328,15,141,93
16137,576,4425,3657,768,2.54,1.98,4425,310,1856,1801
16140,,155,125,30,2.93,1.27,155,0,60,65
16141,62,666,546,120,2.73,1.82,666,27,236,310
16142,171,1899,1447,452,2.98,2.19,1899,301,842,605
16143,52,873,764,109,2.29,1.99,873,37,427,337
16145,181,1155,970,185,2.31,2.03,1155,24,449,521
16146,1276,6006,3019,2987,2.32,2.03,6006,1286,1665,1354
16148,504,7805,5506,2299,2.19,1.91,7805,668,2782,2724
16150,239,3166,2266,900,2.39,1.9,3166,319,1194,1072
16151,4,33,27,6,2.37,4.17,33,0,15,12
16153,132,922,732,190,2.45,2.28,922,49,399,333
16154,37,886,712,174,2.31,1.8,886,47,328,384
16155,,50,,50,,1.08,50,33,,
16156,84,1167,1027,140,2.85,2.45,1167,120,530,497
16157,82,1292,1009,283,2.3,1.96,1292,63,539,470
16159,123,2154,1784,370,2.21,1.74,2154,142,892,892
16160,41,455,274,181,1.87,2.03,455,41,98,176
16161,22,301,197,104,2.11,1.6,301,54,77,120
16172,,4,4,0,2.0,,4,0,4,
16201,970,6861,5085,1776,2.53,1.95,6861,677,2471,2614
16210,127,289,262,27,2.7,2.22,289,0,81,181
16211,9,26,26,0,2.54,,26,0,21,5
16212,15,127,107,20,1.85,1.7,127,5,48,59
16213,12,56,41,15,1.85,3.27,56,9,14,27
16214,965,3194,1579,1615,2.66,2.28,3194,295,938,641
16217,71,53,44,9,1.68,2.78,53,8,,44
16218,138,417,389,28,2.8,2.07,417,5,190,199
16220,79,43,43,0,2.3,,43,15,28,15
16222,182,1019,884,135,2.87,2.44,1019,153,423,461
16223,10,46,40,6,1.53,2.0,46,0,22,18
16224,38,385,327,58,2.37,3.34,385,22,144,183
16226,502,3494,2630,864,2.37,2.07,3494,322,1259,1371
16228,15,143,121,22,2.27,2.09,143,8,51,70
16229,173,2233,1751,482,2.56,2.17,2233,64,911,840
16230,9,191,147,44,2.68,3.0,191,6,72,75
16232,239,1655,1205,450,2.79,2.08,1655,150,590,615
16233,683,436,371,65,2.35,3.29,436,9,213,158
16235,89,521,469,52,2.45,1.87,521,5,277,192
16236,44,125,113,12,2.04,2.83,125,0,54,59
16238,19,158,127,31,2.8,1.65,158,10,75,52
16239,1541,520,433,87,2.43,5.05,520,19,154,279
16240,92,619,485,134,2.75,2.37,619,51,238,247
16242,289,1752,1284,468,2.64,2.16,1752,160,589,695
16244,21,151,130,21,2.24,3.43,151,5,64,66
16245,4,124,82,42,2.68,2.02,124,13,47,35
16246,17,64,45,19,2.62,4.84,64,2,20,25
16248,133,1234,930,304,2.55,2.44,1234,61,424,506
16249,172,795,631,164,2.56,2.16,795,18,249,382
16250,19,147,96,51,3.11,3.41,147,14,52,44
16253,30,64,30,34,2.17,1.76,64,0,16,14
16254,213,1348,1098,250,2.45,2.74,1348,63,473,625
16255,112,695,533,162,2.56,2.19,695,68,249,284
16256,123,437,405,32,4.51,9.63,437,202,183,222
16258,361,758,474,284,2.3,1.95,758,63,228,246
16259,251,864,713,151,2.44,2.32,864,32,324,389
16260,109,164,150,14,1.99,,164,0,57,93
16262,96,1260,1048,212,2.26,1.99,1260,69,461,587
16263,33,117,117,0,2.65,,117,13,58,59
16301,1395,6196,4354,1842,2.46,2.15,6196,606,1833,2521
16311,51,190,176,14,2.14,1.71,190,13,77,99
16312,,,,0,,,,0,,
16313,570,782,633,149,2.44,2.23,782,33,266,367
16314,544,2084,1771,313,2.59,2.42,2084,70,895,876
16316,1374,2105,1793,312,2.2,2.36,2105,67,932,861
16317,182,565,458,107,2.28,2.72,565,11,233,225
16319,69,472,447,25,2.67,2.24,472,6,221,226
16321,45,15,8,7,,1.14,15,0,,8
16322,55,45,45,0,2.27,,45,4,9,36
16323,950,6382,4466,1916,2.41,1.99,6382,420,2060,2406
16326,32,97,77,20,2.44,1.85,97,0,45,32
16327,176,971,854,117,2.66,2.44,971,26,431,423
16328,14,93,65,28,2.34,2.96,93,2,21,44
16329,150,173,156,17,2.54,2.18,173,15,53,103
16331,4,32,28,4,3.29,,32,0,25,3
16332,10,17,13,4,3.08,,17,4,4,9
16333,117,110,102,8,2.27,1.63,110,7,32,70
16334,11,199,158,41,2.33,1.07,199,3,58,100
16335,1541,11185,6823,4362,2.42,2.12,11185,1442,3800,3023
16340,454,689,616,73,2.61,2.36,689,19,246,370
16341,421,755,687,68,2.3,2.13,755,18,354,333
16342,313,928,824,104,2.29,2.31,928,37,422,402
16343,,233,217,16,2.46,4.25,233,0,83,134
16344,66,179,85,94,2.46,2.76,179,8,24,61
16345,362,1469,1359,110,2.51,2.12,1469,42,661,698
16346,66,1494,989,505,2.41,1.88,1494,130,469,520
16347,720,644,524,120,2.65,2.09,644,25,182,342
16350,109,871,736,135,2.84,2.88,871,64,339,397
16351,1766,733,567,166,2.46,2.01,733,59,217,350
16352,48,74,63,11,3.03,1.27,74,0,22,41
16353,2950,1163,977,186,2.42,1.8,1163,61,395,582
16354,751,4406,3012,1394,2.52,1.93,4406,505,1304,1708
16360,68,525,411,114,2.64,2.19,525,16,217,194
16361,54,17,12,5,1.33,,17,0,8,4
16362,171,395,349,46,2.42,2.22,395,17,164,185
16364,174,467,393,74,3.01,1.64,467,28,215,178
16365,1160,7676,5378,2298,2.3,2.02,7676,535,2396,2982
16370,257,88,80,8,2.74,1.38,88,2,17,63
16371,223,1250,932,318,2.58,1.93,1250,132,467,465
16372,20,235,163,72,2.71,1.71,235,21,67,96
16373,490,1223,1017,206,2.48,2.17,1223,119,457,560
16374,960,731,636,95,2.22,1.91,731,61,254,382
16401,231,1597,1275,322,2.69,2.06,1597,106,712,563
16402,69,276,251,25,2.68,1.8,276,29,144,107
16403,317,2264,1835,429,2.76,2.01,2264,150,946,889
16404,300,1186,973,213,2.77,2.64,1186,80,408,565
16405,44,227,206,21,2.49,1.86,227,0,65,141
16406,188,1302,1066,236,2.59,2.48,1302,89,512,554
16407,524,4638,3373,1265,2.25,2.54,4638,601,1561,1812
16410,62,666,627,39,2.96,2.46,666,7,354,273
16411,130,529,446,83,2.6,2.96,529,21,254,192
16412,777,4141,2835,1306,2.45,1.92,4141,238,1664,1171
16415,249,3409,3120,289,2.8,2.18,3409,174,2031,1089
16416,22,73,73,0,2.04,,73,0,42,31
16417,284,3619,2592,1027,2.56,2.0,3619,153,1524,1068
16420,201,198,182,16,2.25,3.0,198,4,59,123
16421,25,954,582,372,2.86,1.81,954,25,438,144
16422,7,85,85,0,3.31,,85,0,34,51
16423,245,1608,1369,239,2.42,2.18,1608,95,767,602
16424,1618,1889,1596,293,2.44,2.18,1889,129,795,801
16426,135,1495,1234,261,2.36,2.15,1495,69,563,671
16427,7,77,54,23,2.37,2.17,77,2,22,32
16428,509,4940,3646,1294,2.61,2.12,4940,325,2052,1594
16430,33,71,58,13,2.19,3.92,71,0,28,30
16433,275,1873,1572,301,2.55,2.26,1873,130,842,730
16434,214,894,766,128,3.74,2.71,894,227,364,402
16435,136,662,532,130,2.53,2.64,662,60,222,310
16436,281,276,230,46,2.7,3.7,276,8,109,121
16438,1125,3041,2302,739,2.47,2.1,3041,319,1165,1137
16440,100,339,286,53,2.49,1.85,339,20,142,144
16441,331,3707,3157,550,2.56,2.4,3707,171,1877,1280
16442,94,1103,933,170,2.99,2.62,1103,38,496,437
16443,38,427,393,34,2.5,1.44,427,13,180,213
16444,,,,0,,,,0,,
16475,,,,0,,,,0,,
16501,233,1069,22,1047,2.27,1.14,1069,719,8,14
16502,1055,6770,2431,4339,2.25,2.21,6770,1511,1160,1271
16503,1047,5447,2000,3447,2.95,2.44,5447,1684,828,1172
16504,534,6542,4407,2135,2.41,2.1,6542,707,2562,1845
16505,1037,7654,5780,1874,2.24,1.56,7654,565,3006,2774
16506,585,10020,7248,2772,2.62,1.91,10020,700,4379,2869
16507,618,3609,1136,2473,2.42,2.1,3609,688,614,522
16508,566,6812,4415,2397,2.32,2.12,6812,611,2660,1755
16509,857,11927,8192,3735,2.41,2.1,11927,732,4471,3721
16510,422,9892,7919,1973,2.49,2.87,9892,706,4639,3280
16511,260,4480,2939,1541,2.59,2.29,4480,536,1750,1189
16546,,,,0,,,,0,,
16550,,,,0,,,,0,,
16563,,,,0,,,,0,,
16601,1578,13139,9143,3996,2.44,2.25,13139,1519,5003,4140
16602,1570,11685,7531,4154,2.5,2.15,11685,1287,4292,3239
16611,182,965,842,123,2.53,3.66,965,31,479,363
16613,79,650,621,29,2.31,2.59,650,5,257,364
16616,15,69,50,19,2.62,1.21,69,6,16,34
16617,163,1125,815,310,2.34,2.25,1125,52,483,332
16619,20,117,114,3,2.56,,117,4,68,46
16620,20,131,102,29,2.34,2.41,131,8,46,56
16621,88,259,216,43,2.56,3.21,259,8,119,97
16622,8,45,41,4,2.39,1.5,45,0,30,11
16623,130,205,184,21,2.76,2.9,205,3,107,77
16624,21,86,75,11,2.25,1.91,86,6,24,51
16625,337,1480,1110,370,2.52,2.58,1480,42,440,670
16627,184,855,756,99,2.62,2.51,855,41,340,416
16630,188,2005,1454,551,2.32,1.83,2005,207,698,756
16631,,18,18,0,3.22,,18,9,6,12
16633,13,106,92,14,3.96,2.57,106,7,66,26
16634,33,124,110,14,2.19,2.43,124,8,41,69
16635,225,5197,4039,1158,2.48,1.86,5197,240,2023,2016
16636,47,331,308,23,3.03,3.48,331,7,156,152
16637,,1093,890,203,2.33,1.67,1093,62,338,552
16638,3,22,20,2,3.65,1.5,22,0,15,5
16639,287,563,532,31,2.54,2.45,563,7,215,317
16640,216,355,335,20,2.51,2.25,355,13,154,181
16641,159,1017,825,192,2.59,2.18,1017,74,408,417
16645,16,83,82,1,2.17,12.0,83,4,20,62
16646,102,908,793,115,2.4,1.63,908,45,379,414
16647,228,301,250,51,2.78,2.12,301,6,103,147
16648,611,6123,4678,1445,2.43,1.78,6123,304,2629,2049
16650,246,638,534,104,2.4,3.23,638,26,290,244
16651,352,1397,1124,273,2.51,2.05,1397,100,657,467
16652,1565,5449,3903,1546,2.5,2.03,5449,372,1941,1962
16654,,9,7,2,3.43,,9,2,7,
16655,123,535,436,99,2.49,2.16,535,27,185,251
16656,86,468,410,58,2.61,2.29,468,52,164,246
16657,429,548,497,51,2.38,2.98,548,6,270,227
16659,,79,49,30,2.53,2.23,79,0,20,29
16661,83,377,340,37,2.46,2.51,377,8,111,229
16662,181,2148,1604,544,2.75,1.97,2148,180,776,828
16664,70,690,615,75,3.27,2.15,690,62,381,234
16665,21,160,123,37,2.83,1.32,160,1,64,59
16666,122,1301,1195,106,2.25,2.42,1301,10,469,726
16667,59,557,419,138,2.63,3.03,557,15,138,281
16668,162,1415,1149,266,2.62,1.73,1415,130,549,600
16669,371,831,703,128,2.4,2.85,831,40,351,352
16670,12,33,33,0,1.94,,33,2,19,14
16671,38,170,134,36,2.52,2.39,170,9,65,69
16672,34,88,76,12,2.79,4.17,88,0,28,48
16673,253,2064,1697,367,2.61,2.09,2064,121,980,717
16674,158,179,137,42,2.57,2.79,179,10,81,56
16675,40,38,36,2,2.08,4.5,38,5,10,26
16677,19,140,110,30,2.55,1.43,140,0,48,62
16678,297,1010,814,196,2.53,1.75,1010,57,410,404
16679,81,258,218,40,2.61,1.93,258,9,101,117
16680,25,130,114,16,2.67,1.19,130,6,46,68
16682,12,56,52,4,2.02,1.75,56,7,27,25
16683,69,130,116,14,2.27,3.21,130,2,66,50
16684,,26,26,0,,,26,0,26,
16685,70,108,108,0,3.03,,108,5,65,43
16686,708,5474,3926,1548,2.67,1.99,5474,397,2342,1584
16689,20,161,152,9,2.49,1.44,161,3,81,71
16691,68,140,132,8,2.01,3.13,140,0,43,89
16692,51,346,283,63,2.6,2.57,346,35,167,116
16693,159,1501,1234,267,2.75,2.06,1501,104,699,535
16694,35,121,111,10,3.26,1.2,121,6,57,54
16695,27,341,296,45,3.03,3.07,341,31,150,146
16699,,,,0,,,,0,,
16701,991,6682,4848,1834,2.41,2.21,6682,822,2723,2125
16720,1666,477,409,68,2.5,3.15,477,38,175,234
16724,15,41,37,4,2.38,2.5,41,2,9,28
16725,21,15,6,9,7.83,1.89,15,0,6,
16726,21,223,170,53,2.16,3.19,223,5,86,84
16727,18,55,23,32,3.09,4.31,55,3,17,6
16729,78,289,233,56,2.55,2.5,289,7,123,110
16730,12,52,46,6,2.09,,52,0,40,6
16731,198,1056,836,220,2.33,2.03,1056,36,407,429
16732,25,63,54,9,1.96,2.56,63,0,26,28
16733,38,47,32,15,4.84,1.73,47,10,13,19
16734,5,103,80,23,2.21,1.35,103,2,18,62
16735,999,2531,1899,632,2.58,1.8,2531,143,901,998
16738,283,498,444,54,2.3,2.22,498,8,228,216
16740,212,372,299,73,2.7,2.11,372,30,148,151
16743,370,1482,1108,374,2.56,2.69,1482,70,534,574
16744,,83,66,17,2.62,3.0,83,0,35,31
16745,25,280,274,6,2.35,3.0,280,10,86,188
16746,234,435,390,45,2.36,2.58,435,8,173,217
16748,524,1022,776,246,2.7,2.8,1022,75,323,453
16749,590,1534,1198,336,2.33,2.49,1534,74,543,655
16750,49,274,260,14,2.18,2.64,274,7,58,202
16801,2030,16854,7597,9257,2.49,2.46,16854,2696,4711,2886
16802,24,84,,84,,2.0,84,59,,
16803,1493,10215,4708,5507,2.45,2.26,10215,1116,3167,1541
16820,52,434,394,40,3.52,4.55,434,152,269,125
16821,,92,92,0,2.48,,92,19,40,52
16822,309,743,611,132,2.65,1.88,743,42,395,216
16823,632,11127,7956,3171,2.36,1.86,11127,586,4620,3336
16825,34,124,110,14,1.78,2.07,124,14,68,42
16826,40,187,172,15,2.08,1.67,187,5,78,94
16827,279,1797,1485,312,2.69,2.43,1797,102,926,559
16828,163,1972,1714,258,2.37,2.24,1972,56,914,800
16829,134,258,214,44,2.84,2.59,258,33,129,85
16830,914,5567,3696,1871,2.37,2.35,5567,663,1736,1960
16832,169,116,105,11,2.55,1.91,116,8,51,54
16833,349,2181,1755,426,2.45,2.08,2181,139,823,932
16834,17,237,221,16,2.64,1.56,237,13,96,125
16835,4,90,80,10,3.1,,90,3,51,29
16836,433,470,415,55,2.36,1.75,470,3,169,246
16837,,45,45,0,2.24,,45,0,27,18
16838,176,749,575,174,2.29,3.21,749,17,247,328
16839,6,153,131,22,2.88,5.82,153,0,81,50
16840,,129,119,10,3.17,,129,15,85,34
16841,538,2450,2076,374,2.73,2.77,2450,234,1164,912
16843,83,243,201,42,2.36,1.95,243,9,92,109
16844,157,939,850,89,2.74,2.12,939,24,438,412
16845,126,303,286,17,2.68,1.88,303,5,135,151
16847,14,95,72,23,2.22,10.0,95,0,57,15
16848,11,98,74,24,2.07,2.42,98,6,29,45
16849,15,68,68,0,1.59,,68,0,28,40
16851,94,567,402,165,2.09,2.38,567,0,306,96
16852,8,115,92,23,2.83,1.17,115,15,32,60
16853,44,143,88,55,2.07,2.65,143,17,41,47
16854,47,307,241,66,2.29,1.47,307,8,102,139
16855,31,38,27,11,,4.18,38,13,,27
16856,,34,34,0,2.03,,34,0,16,18
16858,302,1561,1267,294,2.46,2.3,1561,95,622,645
16859,52,200,186,14,2.38,1.71,200,23,84,102
16860,,231,231,0,1.33,,231,0,186,45
16861,65,146,143,3,1.85,1.67,146,11,21,122
16863,41,234,194,40,2.23,2.68,234,21,97,97
16864,19,54,46,8,2.07,1.5,54,6,15,31
16865,9,579,491,88,2.29,2.1,579,16,242,249
16866,628,3588,2423,1165,2.49,1.6,3588,532,1212,1211
16868,68,520,520,0,2.06,,520,0,290,230
16870,118,2701,2347,354,2.94,2.33,2701,55,1603,744
16871,121,30,24,6,2.25,1.33,30,0,3,21
16872,183,396,312,84,3.39,4.11,396,107,140,172
16874,116,501,433,68,2.66,2.22,501,31,217,216
16875,321,1480,1271,209,2.68,2.06,1480,88,753,518
16876,9,102,83,19,2.12,3.68,102,8,34,49
16877,33,735,616,119,2.54,3.39,735,18,364,252
16878,66,732,643,89,2.42,2.97,732,23,296,347
16879,61,156,125,31,2.26,2.94,156,3,14,111
16881,68,1009,854,155,2.31,2.75,1009,11,266,588
16882,121,182,159,23,2.7,3.96,182,4,82,77
16901,1168,4413,3377,1036,2.42,2.08,4413,270,1485,1892
16910,7,34,32,2,2.28,2.0,34,8,13,19
16911,36,87,79,8,3.14,1.5,87,3,47,32
16912,219,856,605,251,2.89,3.08,856,54,350,255
16914,183,911,811,100,2.52,3.49,911,47,354,457
16915,1265,2303,1707,596,2.56,2.19,2303,206,821,886
16917,233,474,369,105,2.38,1.88,474,17,181,188
16920,130,727,509,218,2.73,2.12,727,79,274,235
16921,411,258,236,22,2.22,2.09,258,3,72,164
16922,1218,759,535,224,2.17,2.58,759,75,229,306
16923,277,525,467,58,2.54,2.5,525,5,160,307
16925,277,1223,1067,156,2.66,3.1,1223,69,531,536
16926,77,386,305,81,2.51,3.51,386,8,153,152
16927,47,198,173,25,2.61,1.92,198,7,64,109
16928,109,546,409,137,2.77,2.48,546,16,157,252
16929,157,933,720,213,2.49,2.93,933,37,356,364
16930,201,451,370,81,2.6,2.51,451,15,170,200
16932,48,306,220,86,2.78,1.62,306,50,124,96
16933,526,2609,1637,972,2.51,2.17,2609,227,762,875
16935,189,471,374,97,2.32,2.85,471,13,174,200
16936,135,893,689,204,2.53,2.13,893,36,268,421
16937,51,47,47,0,2.57,,47,6,26,21
16938,515,340,316,24,2.15,2.67,340,61,151,165
16939,17,120,101,19,4.19,3.0,120,0,37,64
16940,,24,13,11,3.46,,24,0,2,11
16941,11,32,30,2,3.53,2.0,32,0,14,16
16942,72,300,245,55,2.77,2.67,300,3,105,140
16943,189,181,140,41,2.26,2.2,181,0,47,93
16946,219,1054,848,206,2.39,2.23,1054,60,340,508
16947,527,1654,1193,461,2.45,2.39,1654,89,488,705
16948,558,587,463,124,3.23,2.15,587,64,251,212
16950,616,1293,1029,264,2.64,2.21,1293,80,420,609
17002,44,174,132,42,3.18,3.07,174,61,86,46
17003,219,4231,3306,925,2.68,1.91,4231,136,2064,1242
17004,177,1616,1160,456,3.47,2.21,1616,412,580,580
17005,26,129,110,19,2.21,2.47,129,0,48,62
17006,245,312,238,74,3.32,2.96,312,28,123,115
17007,19,2107,1720,387,3.09,1.68,2107,89,1040,680
17009,124,791,577,214,2.31,1.96,791,39,329,248
17010,,99,17,82,3.18,4.99,99,0,,17
17011,688,13698,9200,4498,2.65,2.05,13698,650,6194,3006
17013,899,14156,8786,5370,2.44,2.01,14156,1056,5478,3308
17014,,64,56,8,2.95,1.88,64,0,17,39
17015,390,9405,7823,1582,2.71,2.02,9405,164,4311,3512
17016,64,371,128,243,3.73,1.82,371,21,128,
17017,113,643,545,98,2.37,2.0,643,40,197,348
17018,197,1810,1545,265,2.34,1.83,1810,62,804,741
17019,340,7323,6080,1243,2.66,2.27,7323,216,3772,2308
17020,297,3484,2770,714,2.51,2.08,3484,94,1642,1128
17021,267,452,348,104,2.31,1.71,452,9,99,249
17022,243,12089,8049,4040,2.67,1.83,12089,833,5259,2790
17023,105,1266,948,318,2.73,2.32,1266,57,548,400
17024,51,722,629,93,2.91,1.83,722,74,367,262
17025,287,7199,5194,2005,2.47,1.89,7199,237,3676,1518
17026,98,1298,1185,113,2.73,3.18,1298,0,702,483
17027,,216,214,2,2.41,1.5,216,0,190,24
17028,92,1386,1235,151,2.43,2.17,1386,28,558,677
17029,,94,84,10,2.45,1.9,94,0,14,70
17030,24,293,128,165,3.54,1.17,293,53,50,78
17032,269,3094,2635,459,2.53,2.03,3094,88,1523,1112
17033,390,6314,3475,2839,2.58,2.14,6314,328,2241,1234
17034,58,1239,626,613,2.28,2.06,1239,156,394,232
17035,101,341,293,48,2.35,2.17,341,16,70,223
17036,329,9024,6481,2543,2.61,1.92,9024,166,4282,2199
17037,207,296,210,86,3.01,3.59,296,52,137,73
17038,89,3343,2499,844,2.68,2.01,3343,149,1574,925
17039,,43,43,0,1.65,,43,0,31,12
17040,102,884,696,188,2.68,2.64,884,35,336,360
17041,,68,68,0,3.01,,68,0,35,33
17042,1053,15485,10609,4876,2.48,2.4,15485,1151,6437,4172
17043,222,2904,1652,1252,2.35,1.54,2904,169,1212,440
17044,972,8849,5632,3217,2.44,1.94,8849,788,2962,2670
17045,166,1337,1069,268,2.78,2.38,1337,55,637,432
17046,1199,11973,7422,4551,2.67,2.55,11973,1166,4242,3180
17047,150,915,693,222,3.26,2.74,915,71,418,275
17048,263,1458,1119,339,2.71,2.15,1458,146,615,504
17049,139,1042,779,263,3.42,1.42,1042,139,465,314
17050,775,16241,12565,3676,2.67,2.22,16241,860,8638,3927
17051,487,1931,1590,341,2.46,2.82,1931,77,767,823
17052,253,551,470,81,2.64,3.17,551,54,233,237
17053,28,2193,1782,411,2.34,2.25,2193,56,1170,612
17054,8,77,63,14,2.32,2.29,77,0,19,44
17055,775,17310,12348,4962,2.38,1.82,17310,867,7663,4685
17056,,13,8,5,,5.4,13,13,,8
17057,774,9726,6781,2945,2.37,2.29,9726,664,4167,2614
17058,224,578,325,253,2.9,2.34,578,49,172,153
17059,370,3016,2203,813,2.76,2.07,3016,287,1160,1043
17060,81,360,288,72,3.06,2.21,360,25,123,165
17061,436,2852,2125,727,2.55,1.98,2852,332,1167,958
17062,243,1481,1305,176,2.8,2.79,1481,42,775,530
17063,488,1327,1087,240,2.49,2.3,1327,132,559,528
17064,264,326,317,9,3.04,1.56,326,0,147,170
17065,158,1552,1263,289,2.24,2.67,1552,55,758,505
17066,578,1998,1362,636,2.48,2.49,1998,215,710,652
17067,247,6007,4687,1320,2.74,2.19,6007,449,2592,2095
17068,107,1581,1306,275,2.54,2.44,1581,67,716,590
17069,9,129,85,44,2.91,1.61,129,15,44,41
17070,322,7393,5681,1712,2.38,1.93,7393,224,3944,1737
17071,89,50,41,9,2.51,2.33,50,5,16,25
17073,101,2003,1723,280,2.87,2.28,2003,57,1205,518
17074,327,2913,2205,708,2.58,2.26,2913,159,1404,801
17075,9,62,45,17,2.42,2.53,62,1,33,12
17076,,37,37,0,3.62,,37,0,37,
17077,9,31,,31,,1.35,31,0,,
17078,580,9087,6193,2894,2.58,2.34,9087,400,3933,2260
17080,10,109,95,14,2.95,1.93,109,5,55,40
17081,20,172,153,19,1.69,,172,0,49,104
17082,251,1051,780,271,2.88,2.69,1051,44,401,379
17084,141,1775,1498,277,2.88,1.61,1775,173,742,756
17086,181,782,558,224,2.91,2.0,782,40,282,276
17087,51,864,730,134,2.98,2.83,864,20,513,217
17088,59,263,199,64,2.86,1.53,263,32,149,50
17090,121,2326,2004,322,2.35,2.35,2326,197,1426,578
17093,22,399,348,51,2.48,4.33,399,0,309,39
17094,196,920,687,233,2.84,2.21,920,56,323,364
17097,102,329,286,43,2.33,2.91,329,21,154,132
17098,149,987,708,279,2.19,2.95,987,94,373,335
17099,,568,424,144,2.01,2.3,568,0,367,57
17101,281,1681,90,1591,1.37,1.16,1681,842,52,38
17102,745,4381,1438,2943,1.89,1.55,4381,919,988,450
17103,740,4787,1746,3041,2.89,2.7,4787,1070,1092,654
17104,1563,7446,2748,4698,2.14,2.98,7446,1569,1865,883
17109,662,10797,5995,4802,2.41,2.26,10797,977,4028,1967
17110,1185,10897,6918,3979,2.39,2.26,10897,971,4783,2135
17111,562,14471,9715,4756,2.69,1.99,14471,783,6912,2803
17112,748,15384,12802,2582,2.5,1.93,15384,496,8438,4364
17113,515,4086,2639,1447,2.68,2.55,4086,584,1508,1131
17120,,,,0,,,,0,,
17201,629,12214,5857,6357,2.37,2.06,12214,1063,3315,2542
17202,626,11864,9746,2118,2.68,2.43,11864,377,6467,3279
17210,,83,64,19,2.28,2.42,83,0,27,37
17211,111,187,165,22,2.46,2.23,187,8,64,101
17212,32,211,196,15,2.52,2.53,211,17,108,88
17213,128,245,210,35,2.66,2.14,245,8,76,134
17214,97,505,264,241,2.13,1.22,505,28,117,147
17215,29,66,60,6,2.98,1.67,66,3,42,18
17217,,42,37,5,2.86,3.0,42,0,16,21
17219,89,246,228,18,1.98,1.89,246,8,79,149
17220,8,162,130,32,2.38,3.13,162,11,59,71
17221,13,201,167,34,2.47,2.24,201,3,114,53
17222,488,4493,3583,910,2.3,2.19,4493,124,2083,1500
17223,50,130,82,48,2.65,1.46,130,5,29,53
17224,233,857,756,101,1.98,2.0,857,23,604,152
17225,361,7927,6335,1592,2.62,3.0,7927,261,3900,2435
17228,88,411,319,92,2.38,3.51,411,38,164,155
17229,145,548,469,79,2.31,2.03,548,35,215,254
17232,,25,17,8,1.59,2.0,25,0,9,8
17233,367,2294,1662,632,2.36,2.26,2294,192,780,882
17235,,252,120,132,2.0,4.5,252,40,43,77
17236,415,3022,2425,597,2.7,2.26,3022,122,1417,1008
17237,24,633,474,159,2.51,2.25,633,8,335,139
17238,73,740,547,193,2.68,2.38,740,15,243,304
17239,48,65,49,16,2.31,3.94,65,8,14,35
17240,45,1335,1106,229,2.91,2.33,1335,195,685,421
17241,330,4342,3358,984,2.6,2.41,4342,225,2088,1270
17243,318,514,366,148,2.63,1.61,514,60,185,181
17244,71,794,647,147,2.78,1.87,794,82,281,366
17246,,193,193,0,3.02,,193,0,136,57
17247,,202,40,162,1.25,1.42,202,26,,40
17249,10,118,108,10,2.79,3.2,118,0,62,46
17250,,71,35,36,2.11,,71,0,35,
17251,8,23,19,4,4.16,1.25,23,3,13,6
17252,53,1400,1036,364,3.08,2.26,1400,25,689,347
17253,19,126,113,13,2.88,1.85,126,6,51,62
17254,36,203,203,0,2.12,,203,0,57,146
17255,130,450,381,69,2.52,2.94,450,9,211,170
17257,878,11189,7464,3725,2.54,2.03,11189,631,4021,3443
17260,122,403,321,82,2.57,1.94,403,23,142,179
17261,,,,0,,,,0,,
17262,62,336,255,81,2.64,2.59,336,12,163,92
17263,,235,161,74,3.45,3.22,235,0,103,58
17264,348,928,782,146,2.56,2.2,928,39,381,401
17265,28,162,126,36,2.62,2.69,162,5,73,53
17266,3,167,119,48,3.18,2.73,167,25,72,47
17267,209,1080,867,213,2.64,2.35,1080,18,486,381
17268,881,11613,8103,3510,2.57,2.24,11613,592,4823,3280
17271,41,192,113,79,2.88,1.95,192,3,60,53
17301,155,1455,1287,168,2.78,3.62,1455,7,752,535
17302,159,1071,800,271,2.32,2.67,1071,30,496,304
17303,19,138,96,42,2.95,2.67,138,3,49,47
17304,33,1024,755,269,2.82,1.86,1024,6,553,202
17306,1,187,162,25,2.91,3.76,187,8,102,60
17307,204,2277,1802,475,2.48,2.52,2277,53,1025,777
17309,55,724,595,129,2.81,2.15,724,44,360,235
17311,18,81,66,15,2.06,2.13,81,0,33,33
17313,232,4345,2544,1801,2.51,2.48,4345,131,1622,922
17314,427,2059,1708,351,3.04,2.48,2059,206,1326,382
17315,627,11016,9572,1444,2.41,2.42,11016,305,5731,3841
17316,287,3118,2691,427,2.79,2.31,3118,79,1831,860
17317,28,174,150,24,2.65,2.38,174,13,116,34
17318,,148,93,55,3.69,2.36,148,0,72,21
17319,151,4172,3687,485,2.77,2.2,4172,172,2678,1009
17320,367,3122,2746,376,2.6,2.63,3122,159,2044,702
17321,60,875,775,100,2.56,2.83,875,15,487,288
17322,159,2364,2208,156,2.45,3.4,2364,104,1664,544
17323,,45,18,27,2.44,2.07,45,0,8,10
17324,291,1610,1326,284,2.34,2.57,1610,183,552,774
17325,798,10826,7931,2895,2.42,2.1,10826,475,4328,3603
17327,150,3145,2403,742,2.58,2.56,3145,63,1515,888
17329,47,999,961,38,2.98,2.92,999,0,724,237
17331,1194,21623,16440,5183,2.56,2.25,21623,1119,10665,5775
17339,84,2627,2181,446,2.48,1.83,2627,47,1379,802
17340,258,4304,3417,887,2.56,2.88,4304,151,2495,922
17342,10,178,122,56,3.13,3.93,178,0,92,30
17343,60,95,95,0,1.31,,95,0,64,31
17344,62,1485,858,627,2.58,2.22,1485,131,581,277
17345,211,3470,2601,869,2.43,1.83,3470,150,1775,826
17347,132,2557,2282,275,2.54,2.69,2557,51,1401,881
17349,29,2935,2704,231,2.77,1.75,2935,70,1655,1049
17350,267,5256,3812,1444,2.68,1.99,5256,316,2163,1649
17352,,549,472,77,2.86,3.21,549,0,370,102
17353,248,1121,895,226,2.46,2.95,1121,155,719,176
17355,15,156,77,79,2.35,1.95,156,2,37,40
17356,376,9080,6554,2526,2.57,2.37,9080,336,4169,2385
17360,164,2259,1974,285,2.59,3.06,2259,13,1279,695
17361,37,2463,1858,605,2.68,1.98,2463,293,1008,850
17362,122,5407,4490,917,2.68,2.37,5407,66,2904,1586
17363,69,3319,2855,464,2.67,1.76,3319,104,1861,994
17364,148,1482,1171,311,2.52,2.82,1482,125,706,465
17365,107,1094,975,119,2.54,1.45,1094,31,444,531
17366,234,2344,1939,405,2.58,2.66,2344,72,1252,687
17368,377,2471,2031,440,2.61,2.2,2471,139,1184,847
17370,70,2365,2096,269,2.6,2.44,2365,38,1439,657
17371,5,138,128,10,2.29,3.0,138,0,111,17
17372,80,1502,1190,312,2.49,2.89,1502,29,797,393
17401,843,7286,2166,5120,2.02,2.64,7286,2076,1126,1040
17402,371,13607,9651,3956,2.7,2.26,13607,616,5986,3665
17403,1151,14963,9482,5481,2.53,2.35,14963,1685,5989,3493
17404,881,14699,10543,4156,2.58,2.47,14699,1064,7103,3440
17406,343,9271,7391,1880,2.55,2.42,9271,174,4625,2766
17407,46,877,722,155,3.1,3.28,877,8,533,189
17408,288,9665,7010,2655,2.58,1.95,9665,415,4460,2550
17501,99,1895,1109,786,2.66,2.14,1895,64,757,352
17502,30,1058,936,122,2.39,2.66,1058,45,536,400
17504,,39,39,0,3.33,,39,0,39,
17505,66,427,266,161,3.46,3.86,427,156,167,99
17506,,125,72,53,3.17,3.17,125,0,72,
17507,,58,12,46,,2.09,58,0,12,
17508,,282,260,22,3.27,3.27,282,0,118,142
17509,92,1359,975,384,3.79,2.86,1359,453,616,359
17512,549,7572,4807,2765,2.55,2.06,7572,1032,3362,1445
17516,84,1965,1747,218,2.56,1.94,1965,40,1058,689
17517,242,5464,4447,1017,2.93,2.74,5464,155,2695,1752
17518,28,495,339,156,3.1,4.04,495,122,134,205
17519,69,2384,1659,725,2.75,2.47,2384,378,865,794
17520,,2041,1652,389,2.29,3.3,2041,95,1076,576
17522,318,13425,8519,4906,2.67,2.17,13425,1210,4876,3643
17527,76,1968,1551,417,3.15,3.39,1968,425,893,658
17529,96,1296,900,396,3.53,3.75,1296,381,363,537
17532,61,1227,1064,163,2.76,2.38,1227,191,693,371
17534,27,49,21,28,1.95,,49,21,,21
17535,30,737,500,237,4.45,3.79,737,284,362,138
17536,43,1078,946,132,3.2,3.92,1078,432,678,268
17538,53,3116,2654,462,2.52,1.84,3116,130,1662,992
17540,107,3688,2382,1306,3.27,2.82,3688,630,1380,1002
17543,672,17898,13255,4643,2.72,1.96,17898,1277,8556,4699
17545,126,8802,7227,1575,2.59,2.1,8802,410,4213,3014
17547,137,3265,2435,830,2.69,2.19,3265,154,1779,656
17550,,197,110,87,2.63,1.87,197,0,71,39
17551,163,3953,2117,1836,2.56,2.22,3953,256,1304,813
17552,100,8468,6027,2441,2.33,2.27,8468,390,3903,2124
17554,68,2993,2168,825,2.48,2.4,2993,106,1537,631
17555,,2027,1612,415,3.33,3.03,2027,486,942,670
17557,209,5405,3957,1448,2.98,2.38,5405,1018,2345,1612
17560,,1905,1490,415,2.71,2.78,1905,164,930,560
17562,23,1293,879,414,3.6,3.28,1293,505,641,238
17563,81,1098,803,295,3.25,4.81,1098,219,404,399
17565,69,819,784,35,2.9,3.23,819,37,496,288
17566,181,4284,3042,1242,3.0,2.53,4284,765,2021,1021
17568,,39,,39,,5.13,39,0,,
17569,161,2428,2217,211,3.06,2.24,2428,61,1417,800
17570,,101,101,0,2.98,,101,21,46,55
17572,100,1274,899,375,3.38,1.86,1274,402,386,513
17576,,,,0,,,,0,,
17578,140,2380,1966,414,3.06,2.84,2380,141,1331,635
17579,20,2152,1706,446,2.83,3.8,2152,203,978,728
17581,12,42,26,16,1.96,1.44,42,26,,26
17582,12,681,634,47,2.5,1.17,681,16,342,292
17584,358,4287,2608,1679,2.84,2.17,4287,100,1738,870
17601,657,22670,17053,5617,2.57,2.06,22670,773,10558,6495
17602,1119,18345,10584,7761,2.73,2.43,18345,2239,6966,3618
17603,1294,26716,16374,10342,2.57,2.27,26716,2436,10193,6181
17606,,148,13,135,,,148,78,,13
17701,2784,17634,9634,8000,2.31,2.13,17634,2607,5890,3744
17702,379,4258,3115,1143,2.55,2.22,4258,216,1882,1233
17720,13,136,124,12,1.9,1.83,136,14,30,94
17721,79,716,556,160,2.4,1.86,716,82,290,266
17723,124,33,24,9,1.92,3.11,33,0,11,13
17724,380,1857,1233,624,2.55,2.45,1857,215,586,647
17727,110,16,16,0,1.38,,16,0,1,15
17728,144,2001,1698,303,2.37,2.14,2001,69,887,811
17729,562,52,43,9,1.74,3.33,52,0,11,32
17730,61,51,11,40,,,51,40,11,
17731,354,89,81,8,1.83,3.0,89,5,46,35
17737,228,2736,2051,685,2.53,2.09,2736,164,1136,915
17739,63,19,18,1,1.44,,19,1,7,11
17740,801,4575,3727,848,2.65,2.24,4575,320,2138,1589
17742,6,24,14,10,1.79,3.3,24,0,7,7
17744,111,1129,923,206,2.46,2.25,1129,17,520,403
17745,1395,7037,4153,2884,2.42,2.21,7037,609,2440,1713
17747,275,1010,793,217,3.61,2.82,1010,237,479,314
17748,21,63,61,2,1.95,,63,3,22,39
17749,9,126,72,54,2.93,1.96,126,2,55,17
17750,19,29,,29,,3.69,29,25,,
17751,416,2727,2271,456,2.7,2.39,2727,234,1219,1052
17752,179,1739,1347,392,2.68,2.68,1739,75,813,534
17754,303,4976,3811,1165,2.5,2.01,4976,157,2084,1727
17756,363,4333,3498,835,2.55,2.41,4333,124,1922,1576
17758,366,423,399,24,2.43,2.63,423,11,187,212
17760,307,241,234,7,2.45,4.86,241,6,113,121
17762,30,242,220,22,1.83,3.5,242,4,182,38
17763,71,138,102,36,2.32,1.56,138,2,43,59
17764,859,1077,735,342,2.28,1.83,1077,156,348,387
17765,246,406,353,53,2.91,2.45,406,15,181,172
17768,372,142,129,13,2.66,2.46,142,1,47,82
17769,155,20,20,0,1.8,,20,0,14,6
17771,444,1234,1102,132,2.5,2.59,1234,30,575,527
17772,144,963,845,118,2.53,2.05,963,51,467,378
17774,70,429,343,86,2.55,3.05,429,12,177,166
17776,238,96,95,1,1.88,2.0,96,1,48,47
17777,133,2652,2021,631,2.74,1.91,2652,196,1027,994
17778,229,47,37,10,3.54,1.2,47,2,17,20
17779,21,18,18,0,1.67,,18,0,10,8
17801,673,6588,4249,2339,2.53,2.19,6588,758,2487,1762
17810,87,644,530,114,3.22,3.45,644,110,318,212
17812,144,612,440,172,2.59,2.83,612,16,234,206
17813,162,728,567,161,2.78,2.8,728,22,305,262
17814,818,1843,1556,287,2.62,2.18,1843,75,702,854
17815,1406,11058,6914,4144,2.47,2.04,11058,506,3827,3087
17820,418,2140,1691,449,2.55,2.24,2140,108,828,863
17821,528,7674,5262,2412,2.53,1.92,7674,859,2862,2400
17822,,5,5,0,3.4,,5,0,,5
17823,48,464,390,74,2.77,2.8,464,52,211,179
17824,276,1553,1400,153,2.44,2.02,1553,116,680,720
17827,30,316,269,47,2.67,3.32,316,8,122,147
17829,,92,80,12,2.88,2.83,92,12,50,30
17830,224,800,676,124,2.52,2.46,800,21,353,323
17832,79,303,236,67,2.24,1.76,303,33,85,151
17834,201,1488,1204,284,2.33,2.04,1488,133,557,647
17835,,21,21,0,5.05,,21,0,21,
17836,7,66,47,19,3.49,2.11,66,7,27,20
17837,931,6299,4223,2076,2.38,1.84,6299,637,2030,2193
17840,9,174,152,22,2.49,1.27,174,8,69,83
17841,216,1663,1403,260,2.63,2.97,1663,86,605,798
17842,275,3259,2572,687,2.58,2.52,3259,116,1400,1172
17844,576,3801,2668,1133,2.9,2.11,3801,327,1524,1144
17845,376,642,513,129,2.96,2.71,642,44,250,263
17846,179,1474,1156,318,2.64,2.19,1474,133,584,572
17847,506,4853,3081,1772,2.52,2.1,4853,440,1542,1539
17850,21,267,169,98,1.8,3.2,267,17,40,129
17851,923,3343,2345,998,2.2,2.13,3343,424,1024,1321
17853,105,1075,860,215,3.08,2.4,1075,63,432,428
17855,33,284,227,57,2.83,3.09,284,5,146,81
17856,102,1244,1047,197,2.07,2.73,1244,34,618,429
17857,419,3273,2503,770,2.3,2.3,3273,80,1338,1165
17858,,31,31,0,2.61,,31,0,19,12
17859,185,1084,951,133,2.44,2.2,1084,50,418,533
17860,77,1031,965,66,2.55,2.53,1031,47,584,381
17861,6,83,78,5,2.78,,83,5,47,31
17862,46,135,59,76,2.76,2.75,135,0,21,38
17864,66,674,557,117,3.2,3.59,674,172,277,280
17865,3,23,13,10,1.62,,23,0,8,5
17866,461,3386,2646,740,2.14,2.09,3386,302,1189,1457
17867,2,63,59,4,2.27,8.5,63,4,25,34
17868,14,429,387,42,2.36,2.19,429,22,182,205
17870,505,5295,3739,1556,2.58,1.77,5295,339,2001,1738
17872,1656,3964,2458,1506,2.28,2.41,3964,811,916,1542
17876,40,718,468,250,2.53,2.5,718,26,286,182
17878,121,551,495,56,2.42,3.32,551,5,264,231
17880,,36,,36,,3.31,36,7,,
17881,144,600,475,125,2.4,2.54,600,23,256,219
17884,60,64,19,45,1.84,2.6,64,4,7,12
17885,200,105,95,10,2.57,1.2,105,0,53,42
17886,,382,184,198,2.71,4.14,382,27,97,87
17887,,222,222,0,2.8,,222,77,67,155
17888,45,195,179,16,2.42,3.5,195,0,109,70
17889,116,963,831,132,3.01,2.59,963,61,453,378
17901,1582,9608,6662,2946,2.35,2.15,9608,1234,3564,3098
17920,32,132,127,5,1.97,,132,3,39,88
17921,531,2419,1916,503,2.22,2.29,2419,294,824,1092
17922,248,1878,1774,104,2.72,2.16,1878,21,1187,587
17923,38,193,120,73,1.93,1.25,193,5,61,59
17925,33,128,112,16,2.46,2.75,128,7,58,54
17929,35,526,373,153,2.37,2.31,526,19,212,161
17930,41,137,92,45,2.28,1.58,137,2,36,56
17931,471,1951,1565,386,2.63,2.37,1951,132,743,822
17933,,107,69,38,1.87,1.61,107,0,,69
17934,90,94,90,4,2.29,,94,4,11,79
17935,290,710,553,157,2.21,2.26,710,90,87,466
17936,126,377,290,87,3.3,1.48,377,22,162,128
17938,104,1075,843,232,2.27,2.88,1075,42,363,480
17941,48,274,229,45,2.82,2.31,274,15,126,103
17943,,13,13,0,2.15,,13,0,13,
17944,19,83,76,7,2.07,1.71,83,0,46,30
17945,14,156,126,30,1.49,2.17,156,11,51,75
17946,42,127,100,27,1.96,3.11,127,0,40,60
17948,870,1686,988,698,2.22,2.87,1686,283,311,677
17949,118,97,63,34,2.1,2.18,97,7,19,44
17951,,141,141,0,2.4,,141,0,123,18
17952,43,100,94,6,2.17,1.5,100,11,50,44
17953,49,156,121,35,2.23,1.86,156,17,69,52
17954,428,2003,1154,849,2.37,2.13,2003,354,598,556
17957,15,140,136,4,2.86,,140,0,92,44
17959,186,570,448,122,2.71,1.69,570,50,198,250
17960,165,1839,1532,307,2.58,1.84,1839,21,883,649
17961,216,2866,2229,637,2.55,1.34,2866,63,1487,742
17963,529,3683,3015,668,2.56,2.14,3683,110,1423,1592
17964,54,278,229,49,2.79,2.78,278,9,101,128
17965,115,829,671,158,2.33,1.85,829,63,251,420
17967,144,906,782,124,2.55,2.32,906,28,408,374
17968,14,76,60,16,3.18,3.5,76,7,34,26
17970,415,1365,1092,273,2.36,2.19,1365,105,440,652
17972,491,4760,3489,1271,2.52,1.96,4760,364,1678,1811
17974,15,110,80,30,2.91,3.67,110,0,57,23
17976,1065,2438,1909,529,2.48,2.57,2438,235,512,1397
17978,12,220,143,77,3.25,3.42,220,60,82,61
17979,,24,24,0,2.54,,24,0,24,
17980,223,1173,934,239,2.48,2.6,1173,37,514,420
17981,134,987,783,204,2.56,2.3,987,56,400,383
17982,22,200,180,20,2.05,1.8,200,17,49,131
17983,66,559,417,142,2.59,2.27,559,46,281,136
17985,112,557,474,83,2.63,1.66,557,11,271,203
18011,137,1983,1716,267,2.89,2.81,1983,26,1136,580
18012,,,,0,,,,0,,
18013,587,6797,5078,1719,2.64,2.68,6797,378,3129,1949
18014,387,4446,3786,660,2.74,2.53,4446,117,2152,1634
18015,964,11686,5697,5989,2.48,2.45,11686,1779,3356,2341
18017,429,16169,11017,5152,2.6,2.09,16169,1362,6583,4434
18018,859,13394,6971,6423,2.42,2.02,13394,1220,4250,2721
18020,293,7906,6877,1029,2.62,2.56,7906,315,4322,2555
18030,18,243,129,114,2.35,2.16,243,12,101,28
18031,171,4078,3021,1057,2.99,2.65,4078,27,2158,863
18032,166,3933,2875,1058,2.58,1.94,3933,167,2154,721
18034,145,3066,2802,264,2.75,2.49,3066,51,1897,905
18035,,14,14,0,2.71,,14,0,8,6
18036,231,5689,4976,713,2.54,2.05,5689,103,3181,1795
18037,32,3083,2497,586,2.37,2.3,3083,80,1450,1047
18038,,1391,1323,68,2.51,1.6,1391,162,726,597
18040,307,6428,5804,624,2.64,2.74,6428,92,4021,1783
18041,78,2146,1577,569,2.57,3.04,2146,18,1226,351
18042,1452,15971,8861,7110,2.69,2.3,15971,1784,5873,2988
18045,532,11617,9398,2219,2.62,1.87,11617,410,6419,2979
18046,,55,55,0,2.58,,55,0,55,
18049,318,7215,5291,1924,2.73,1.9,7215,288,3508,1783
18051,59,1239,1096,143,2.58,1.9,1239,0,813,283
18052,371,11892,7615,4277,2.56,2.21,11892,596,5087,2528
18053,31,948,754,194,2.83,2.18,948,6,473,281
18054,126,1701,1368,333,3.14,2.52,1701,76,892,476
18055,233,4616,3545,1071,2.69,2.0,4616,334,2379,1166
18056,38,416,303,113,2.15,8.02,416,16,104,199
18058,980,3593,3017,576,2.84,2.56,3593,160,1793,1224
18059,47,366,333,33,2.36,2.12,366,0,161,172
18062,351,10126,7984,2142,2.68,2.36,10126,333,5070,2914
18063,25,126,85,41,2.68,1.78,126,0,9,76
18064,362,10018,7792,2226,2.79,1.94,10018,401,5290,2502
18065,,163,158,5,1.41,1.8,163,0,18,140
18066,123,2199,1903,296,2.75,1.75,2199,61,1395,508
18067,623,7881,5922,1959,2.55,2.07,7881,477,3919,2003
18069,105,2988,2551,437,2.75,2.28,2988,45,1225,1326
18070,32,154,154,0,2.12,,154,0,82,72
18071,324,4563,2990,1573,2.5,2.06,4563,343,1816,1174
18072,85,2679,1954,725,2.69,2.24,2679,63,1150,804
18073,162,4080,3622,458,2.64,2.31,4080,46,2545,1077
18074,139,2155,2098,57,2.52,1.37,2155,20,1431,667
18076,72,1264,848,416,2.61,2.04,1264,74,480,368
18077,89,911,676,235,2.63,2.09,911,27,360,316
18078,23,2801,2335,466,2.79,2.23,2801,55,1414,921
18079,9,192,182,10,3.24,,192,0,89,93
18080,317,4444,3569,875,2.6,1.99,4444,179,2156,1413
18081,,41,41,0,3.95,,41,0,25,16
18083,29,248,202,46,2.95,1.7,248,5,150,52
18085,14,336,245,91,2.52,2.25,336,3,159,86
18086,,241,200,41,1.78,3.98,241,0,181,19
18087,25,253,84,169,3.29,2.74,253,92,51,33
18088,344,3231,2802,429,2.53,2.44,3231,89,1508,1294
18091,197,2203,1511,692,2.73,2.16,2203,80,902,609
18092,31,1265,1115,150,2.76,1.93,1265,28,677,438
18101,282,1931,166,1765,3.17,2.12,1931,506,86,80
18102,1796,17425,5305,12120,2.97,2.96,17425,4458,3580,1725
18103,1167,18745,11639,7106,2.55,2.61,18745,1455,7748,3891
18104,683,17389,12207,5182,2.5,2.29,17389,898,8050,4157
18106,59,2790,2245,545,2.38,2.23,2790,220,1438,807
18109,495,6966,3358,3608,2.35,2.56,6966,632,1982,1376
18195,,,,0,,,,0,,
18201,1307,11586,5959,5627,2.53,2.83,11586,1872,2699,3260
18202,1044,5071,3514,1557,2.39,2.72,5071,468,1745,1769
18210,2932,2983,2524,459,2.4,2.9,2983,33,1560,964
18211,32,416,341,75,2.28,2.81,416,0,147,194
18212,,9,9,0,1.89,,9,0,4,5
18214,74,766,733,33,2.22,1.55,766,24,366,367
18216,78,448,320,128,2.54,2.48,448,37,140,180
18218,189,884,684,200,2.49,2.36,884,95,328,356
18219,32,510,383,127,2.24,1.44,510,7,174,209
18220,25,134,128,6,2.15,,134,17,41,87
18221,96,149,108,41,2.21,4.07,149,0,27,81
18222,317,3570,3302,268,2.61,2.21,3570,74,2001,1301
18223,,26,26,0,2.12,,26,0,,26
18224,328,2711,1953,758,2.38,2.25,2711,400,973,980
18225,,,,0,,,,0,,
18229,1098,3653,3134,519,2.44,2.55,3653,135,1894,1240
18230,,55,55,0,2.73,,55,0,2,53
18231,25,210,146,64,2.47,1.77,210,0,111,35
18232,504,1722,836,886,2.38,2.43,1722,208,304,532
18234,48,335,180,155,1.66,,335,137,53,127
18235,915,7827,5829,1998,2.49,2.31,7827,545,3190,2639
18237,224,1408,996,412,2.71,2.67,1408,201,426,570
18239,,66,42,24,2.02,,66,0,,42
18240,386,1451,1045,406,2.56,2.2,1451,86,553,492
18241,24,238,175,63,1.78,1.43,238,0,30,145
18242,28,151,130,21,2.42,1.43,151,3,106,24
18244,58,132,101,31,2.89,2.16,132,6,56,45
18245,,169,152,17,1.72,,169,15,27,125
18246,14,96,51,45,4.06,2.82,96,0,20,31
18248,26,183,147,36,2.97,2.31,183,0,56,91
18249,219,1434,1262,172,2.78,1.91,1434,80,774,488
18250,91,1222,923,299,2.2,3.43,1222,57,554,369
18252,667,4623,3254,1369,2.57,2.04,4623,418,1718,1536
18254,30,347,236,111,2.54,3.86,347,22,128,108
18255,206,1589,1269,320,2.66,2.09,1589,97,771,498
18256,,79,59,20,2.34,1.7,79,4,5,54
18301,2051,9701,6792,2909,2.96,2.88,9701,472,4830,1962
18302,2120,6036,5172,864,2.84,3.41,6036,392,3229,1943
18321,186,617,489,128,2.69,3.36,617,29,316,173
18322,144,909,749,160,3.17,2.09,909,0,454,295
18323,445,58,21,37,2.05,,58,0,21,
18324,2040,3668,3114,554,2.58,2.79,3668,205,2086,1028
18325,385,1022,802,220,2.69,3.0,1022,7,565,237
18326,639,1420,1116,304,2.99,1.57,1420,42,833,283
18327,35,295,163,132,2.54,1.51,295,13,84,79
18328,2000,3041,2690,351,2.48,3.34,3041,122,1962,728
18330,390,3102,2692,410,2.99,2.91,3102,100,2246,446
18331,,176,130,46,2.82,1.24,176,0,92,38
18332,389,942,826,116,3.29,2.22,942,40,657,169
18333,,,,0,,,,0,,
18334,640,1715,1390,325,2.75,4.46,1715,24,1093,297
18335,128,437,396,41,3.44,2.66,437,35,308,88
18336,120,1578,1033,545,2.4,1.92,1578,199,562,471
18337,1518,5837,4850,987,2.65,2.4,5837,253,3328,1522
18340,45,36,36,0,4.31,,36,0,36,
18342,43,217,155,62,2.01,3.74,217,0,137,18
18343,263,1668,1390,278,2.31,2.93,1668,8,839,551
18344,125,1271,890,381,3.12,2.12,1271,151,584,306
18346,390,1070,990,80,2.45,2.2,1070,0,756,234
18347,2598,1538,1316,222,1.92,1.75,1538,38,695,621
18349,26,59,43,16,3.0,1.94,59,0,43,
18350,1761,393,393,0,1.84,,393,0,308,85
18351,65,175,88,87,2.01,3.79,175,6,47,41
18353,646,4608,3966,642,2.71,1.87,4608,168,2397,1569
18354,29,518,451,67,2.79,2.82,518,0,346,105
18355,187,478,247,231,2.18,3.19,478,44,193,54
18356,380,32,32,0,2.19,,32,0,,32
18357,97,52,52,0,,,52,0,,52
18360,1324,10799,7638,3161,2.78,2.12,10799,675,4675,2963
18370,106,421,277,144,2.83,2.33,421,88,180,97
18371,270,269,229,40,2.5,2.13,269,0,161,68
18372,836,928,689,239,2.82,2.46,928,97,305,384
18403,110,2798,2125,673,2.61,1.9,2798,192,1144,981
18405,428,926,816,110,2.6,1.69,926,36,399,417
18407,898,6141,4098,2043,2.34,2.32,6141,594,2113,1985
18411,587,8762,6954,1808,2.69,1.99,8762,380,4244,2710
18413,6,30,30,0,1.77,,30,0,30,
18414,396,2211,1873,338,2.48,2.49,2211,47,1041,832
18415,476,743,681,62,1.99,1.82,743,44,350,331
18417,574,379,324,55,2.68,1.42,379,16,126,198
18419,428,1770,1365,405,2.34,2.22,1770,53,670,695
18420,64,73,56,17,2.14,2.88,73,0,26,30
18421,392,1927,1483,444,2.32,2.48,1927,145,801,682
18424,2296,2041,1821,220,2.57,2.18,2041,95,917,904
18425,204,426,368,58,2.3,2.81,426,16,180,188
18426,2573,1527,1290,237,2.32,2.27,1527,73,624,666
18428,4460,5178,4265,913,2.29,2.44,5178,265,2312,1953
18430,7,29,29,0,2.59,,29,1,16,13
18431,847,5262,3681,1581,2.33,2.35,5262,614,1917,1764
18433,288,2940,2406,534,2.44,1.8,2940,101,1415,991
18434,218,1693,1150,543,2.29,2.26,1693,185,617,533
18435,1154,440,406,34,2.21,3.65,440,3,235,171
18436,5017,4717,4134,583,2.64,3.01,4717,58,1931,2203
18437,61,77,59,18,2.0,2.28,77,11,28,31
18438,932,562,548,14,2.13,,562,10,211,337
18439,157,166,153,13,2.87,2.54,166,0,81,72
18440,,20,20,0,1.85,,20,3,10,10
18441,40,172,119,53,3.04,,172,0,25,94
18443,58,141,116,25,2.67,2.8,141,0,57,59
18444,767,5364,4428,936,2.7,2.17,5364,196,2538,1890
18445,372,924,777,147,2.48,2.79,924,60,443,334
18446,376,1379,1131,248,2.36,2.61,1379,73,514,617
18447,404,4369,3155,1214,2.23,2.7,4369,379,1534,1621
18451,325,238,212,26,2.38,2.15,238,6,125,87
18452,311,2301,1694,607,2.23,1.83,2301,218,921,773
18453,329,463,396,67,2.66,2.7,463,25,195,201
18454,84,51,45,6,1.6,3.67,51,0,11,34
18455,4,53,41,12,2.0,2.67,53,4,,41
18456,31,113,94,19,1.95,2.11,113,0,55,39
18457,,32,32,0,3.84,,32,0,21,11
18458,1396,1455,1368,87,2.48,2.47,1455,27,806,562
18460,32,82,64,18,1.56,2.94,82,0,8,56
18461,142,131,116,15,1.57,1.4,131,10,49,67
18462,228,214,191,23,2.69,1.74,214,9,113,78
18463,24,86,68,18,3.16,1.5,86,3,34,34
18464,708,592,541,51,2.55,3.31,592,0,323,218
18465,548,492,400,92,2.39,2.72,492,22,183,217
18466,1901,5753,4206,1547,3.11,2.85,5753,300,2715,1491
18469,43,165,159,6,2.47,2.0,165,0,52,107
18470,776,793,702,91,2.45,1.98,793,11,334,368
18471,36,207,203,4,2.56,2.5,207,0,114,89
18472,551,1520,1122,398,2.78,2.54,1520,83,636,486
18473,16,179,142,37,1.89,2.46,179,39,19,123
18503,274,577,24,553,,1.19,577,251,24,
18504,1340,8507,5134,3373,2.44,2.37,8507,999,2669,2465
18505,1445,8360,4533,3827,2.51,2.57,8360,1217,2248,2285
18507,348,2132,1464,668,2.8,2.03,2132,263,831,633
18508,611,4771,2225,2546,2.38,2.16,4771,855,1203,1022
18509,838,5275,2460,2815,2.8,1.88,5275,631,1414,1046
18510,929,4822,1903,2919,2.31,2.22,4822,737,965,938
18512,550,5678,3787,1891,2.54,1.63,5678,350,2242,1545
18517,173,2139,1475,664,2.33,2.46,2139,61,612,863
18518,362,3688,2443,1245,2.4,2.11,3688,256,1559,884
18519,256,2280,1443,837,2.41,2.07,2280,271,809,634
18602,51,140,134,6,2.69,4.33,140,0,79,55
18603,1028,8364,6099,2265,2.37,2.16,8364,665,3199,2900
18610,941,1322,1175,147,3.35,3.05,1322,49,876,299
18612,613,6148,4858,1290,2.55,1.9,6148,452,3190,1668
18614,937,888,688,200,2.06,2.07,888,96,288,400
18615,103,747,637,110,2.39,2.09,747,36,301,336
18616,442,304,242,62,2.52,1.5,304,0,134,108
18617,231,696,414,282,2.3,1.8,696,176,161,253
18618,557,1569,1297,272,2.4,1.88,1569,66,786,511
18619,168,59,47,12,2.49,1.08,59,8,16,31
18621,374,1950,1782,168,2.47,3.51,1950,72,981,801
18622,16,55,55,0,2.89,,55,11,22,33
18623,269,944,718,226,2.52,2.32,944,43,349,369
18624,1066,256,249,7,1.71,,256,0,162,87
18625,95,57,45,12,1.71,2.58,57,0,26,19
18626,315,180,170,10,2.43,2.1,180,0,84,86
18627,,,,0,,,,0,,
18628,141,97,91,6,2.25,,97,0,40,51
18629,325,775,598,177,2.32,2.4,775,26,210,388
18630,353,1101,833,268,2.73,2.34,1101,44,385,448
18631,54,435,337,98,2.06,2.14,435,47,110,227
18632,45,188,137,51,2.71,4.06,188,7,60,77
18634,855,5515,3509,2006,2.42,2.27,5515,698,1573,1936
18635,200,1487,1229,258,2.52,2.03,1487,105,628,601
18636,97,626,510,116,2.41,2.55,626,34,173,337
18640,810,6839,4037,2802,2.43,2.16,6839,963,2122,1915
18641,473,2955,1999,956,2.56,1.89,2955,220,1054,945
18642,287,1763,1340,423,2.27,1.83,1763,115,615,725
18643,663,5696,4092,1604,2.28,2.05,5696,285,1990,2102
18644,159,3425,2450,975,2.55,1.49,3425,223,1462,988
18651,885,3818,2229,1589,2.37,2.22,3818,465,1035,1194
18655,446,2318,1947,371,2.34,2.25,2318,83,924,1023
18656,158,879,812,67,2.44,2.82,879,3,443,369
18657,782,4480,3352,1128,2.56,2.13,4480,217,1883,1469
18660,217,1360,1234,126,2.49,2.08,1360,60,669,565
18661,1443,2039,1744,295,2.42,2.03,2039,107,888,856
18701,321,1051,132,919,2.04,1.38,1051,323,41,91
18702,3015,17152,9609,7543,2.47,2.29,17152,2885,4837,4772
18704,1521,13420,7883,5537,2.39,2.08,13420,1460,4464,3419
18705,1015,6442,4163,2279,2.41,2.33,6442,535,1945,2218
18706,916,6792,4434,2358,2.34,2.34,6792,955,2270,2164
18707,392,6010,5457,553,2.72,2.15,6010,65,3784,1673
18708,238,3719,3190,529,2.36,1.78,3719,187,2052,1138
18709,265,1471,878,593,1.99,1.82,1471,261,470,408
18801,1054,3140,2359,781,2.56,2.34,3140,156,1076,1283
18810,144,2784,1758,1026,2.52,1.27,2784,494,986,772
18812,321,617,538,79,2.64,1.8,617,0,270,268
18814,8,80,71,9,2.38,2.67,80,4,45,26
18816,34,23,18,5,3.11,,23,0,6,12
18817,,39,39,0,3.36,,39,0,17,22
18818,171,529,404,125,2.28,2.3,529,14,191,213
18820,18,34,34,0,2.38,,34,0,27,7
18821,52,465,324,141,2.5,2.46,465,23,184,140
18822,300,1317,1004,313,2.45,2.24,1317,98,507,497
18823,15,75,56,19,2.68,,75,7,22,34
18824,138,476,420,56,2.58,2.54,476,11,181,239
18825,23,73,68,5,2.32,2.2,73,2,36,32
18826,282,605,548,57,2.34,2.91,605,48,187,361
18828,44,108,103,5,2.12,4.0,108,3,58,45
18829,104,284,235,49,2.45,2.63,284,0,86,149
18830,176,243,191,52,2.01,2.85,243,3,57,134
18831,65,422,322,100,2.19,3.11,422,3,128,194
18832,223,724,596,128,2.33,2.61,724,30,253,343
18833,526,835,671,164,2.38,2.61,835,28,252,419
18834,723,1228,913,315,2.64,2.71,1228,66,499,414
18837,268,1013,839,174,2.61,2.79,1013,46,386,453
18840,552,4322,2780,1542,2.77,2.13,4322,469,1851,929
18842,29,56,47,9,2.7,3.89,56,0,14,33
18843,,92,84,8,2.54,2.0,92,0,51,33
18844,128,639,557,82,2.65,2.96,639,13,256,301
18845,46,171,144,27,3.08,2.0,171,3,49,95
18846,125,264,242,22,2.51,2.86,264,17,109,133
18847,818,2026,1534,492,2.53,2.71,2026,138,754,780
18848,804,3648,2524,1124,2.49,2.25,3648,325,1199,1325
18850,197,828,668,160,2.42,2.41,828,46,295,373
18851,204,255,213,42,2.33,2.71,255,2,102,111
18853,547,1684,1334,350,2.53,2.01,1684,81,599,735
18854,24,621,496,125,2.49,2.78,621,50,192,304
18901,538,10681,7635,3046,2.66,1.66,10681,852,5375,2260
18902,224,7892,7310,582,2.85,2.54,7892,166,5025,2285
18912,26,107,80,27,1.31,3.07,107,0,62,18
18913,23,74,74,0,3.28,,74,0,51,23
18914,224,7757,6571,1186,2.84,2.22,7757,176,4966,1605
18915,,464,372,92,2.94,1.91,464,0,273,99
18917,45,969,560,409,2.36,2.14,969,19,450,110
18920,51,148,82,66,2.22,2.09,148,0,,82
18921,,114,114,0,1.84,,114,0,35,79
18923,20,496,416,80,2.96,2.46,496,0,280,136
18925,86,2171,2024,147,3.06,2.58,2171,0,1620,404
18927,,144,36,108,2.56,1.92,144,0,10,26
18929,140,3352,3181,171,2.97,1.55,3352,44,2504,677
18930,51,931,807,124,2.47,2.82,931,25,411,396
18932,,124,108,16,2.07,2.25,124,0,21,87
18933,24,57,49,8,1.63,,57,0,32,17
18935,,113,113,0,2.81,,113,0,75,38
18936,33,79,79,0,3.63,,79,0,79,
18938,395,6380,5578,802,2.26,1.89,6380,214,2914,2664
18940,344,11527,9772,1755,2.68,1.88,11527,799,6903,2869
18942,55,1054,939,115,2.38,2.77,1054,23,377,562
18944,459,9845,7930,1915,2.97,1.85,9845,251,5627,2303
18946,,141,128,13,2.78,4.08,141,0,70,58
18947,121,2398,2244,154,2.58,2.6,2398,0,1429,815
18950,21,30,30,0,2.0,,30,0,30,
18951,597,13960,11382,2578,2.64,2.33,13960,537,7406,3976
18954,62,3598,3533,65,2.79,2.32,3598,9,2366,1167
18955,22,530,397,133,2.71,2.02,530,13,245,152
18960,341,4729,3712,1017,2.64,1.9,4729,247,2487,1225
18962,,117,93,24,2.92,2.0,117,2,70,23
18964,248,5200,3762,1438,2.79,2.36,5200,149,2427,1335
18966,491,14215,12193,2022,2.69,1.81,14215,556,8127,4066
18969,227,6250,5046,1204,2.57,2.02,6250,457,3561,1485
18970,16,313,218,95,2.44,1.68,313,17,115,103
18972,274,1341,1201,140,2.37,1.96,1341,44,721,480
18974,495,17264,12793,4471,2.57,2.02,17264,982,7715,5078
18976,167,8178,6646,1532,2.84,1.91,8178,174,4295,2351
18977,50,1758,1593,165,2.64,2.35,1758,8,1069,524
18980,4,71,52,19,2.37,2.05,71,0,46,6
19001,293,6407,5189,1218,2.86,2.16,6407,466,3721,1468
19002,537,11486,8976,2510,2.79,2.12,11486,576,5796,3180
19003,238,5985,3982,2003,2.48,1.89,5985,484,2991,991
19004,272,3971,3104,867,2.43,2.74,3971,473,1694,1410
19006,400,8472,6417,2055,2.97,1.87,8472,540,3812,2605
19007,435,8963,5291,3672,2.6,2.26,8963,781,3431,1860
19008,312,7006,6023,983,2.91,2.61,7006,184,3822,2201
19009,30,355,257,98,2.9,1.7,355,24,132,125
19010,672,7728,5005,2723,2.75,2.07,7728,421,3120,1885
19012,68,2219,1889,330,3.22,2.2,2219,83,1371,518
19013,2258,12551,4490,8061,2.31,2.51,12551,3715,2098,2392
19014,289,7771,6714,1057,2.62,2.49,7771,184,4415,2299
19015,281,6773,5084,1689,2.46,2.45,6773,369,3342,1742
19017,,74,74,0,3.26,,74,0,74,
19018,616,9603,6218,3385,2.69,1.94,9603,1037,4185,2033
19020,859,22290,12878,9412,2.85,2.11,22290,1851,8564,4314
19021,58,3777,2710,1067,2.75,2.21,3777,257,1777,933
19022,231,1499,611,888,2.48,2.7,1499,377,427,184
19023,902,7809,4185,3624,2.62,3.05,7809,2149,2709,1476
19025,50,2346,1948,398,2.94,1.83,2346,101,1208,740
19026,848,12387,8260,4127,2.78,1.93,12387,944,5733,2527
19027,381,8075,5010,3065,2.64,1.97,8075,835,3189,1821
19029,181,1569,977,592,2.62,2.39,1569,68,642,335
19030,140,4709,3532,1177,2.91,1.97,4709,292,2448,1084
19031,17,1858,1449,409,2.63,1.57,1858,155,937,512
19032,204,2489,1724,765,2.46,3.27,2489,212,1026,698
19033,116,2772,2111,661,2.89,2.38,2772,64,1316,795
19034,188,2418,1823,595,2.87,2.24,2418,90,1159,664
19035,69,1455,1172,283,2.93,1.63,1455,73,684,488
19036,377,5016,3843,1173,2.76,2.12,5016,322,2358,1485
19038,321,11544,9791,1753,2.81,1.93,11544,370,7203,2588
19040,334,8045,5804,2241,2.93,2.08,8045,419,4177,1627
19041,169,2569,1669,900,2.55,1.51,2569,281,1029,640
19043,44,1031,772,259,2.7,1.73,1031,165,495,277
19044,245,6618,3689,2929,2.62,2.5,6618,217,2731,958
19046,710,7640,5239,2401,2.8,1.58,7640,609,3253,1986
19047,400,12462,9156,3306,2.74,1.9,12462,740,5959,3197
19050,1039,12082,7079,5003,2.63,1.94,12082,2014,4653,2426
19052,,284,268,16,2.19,,284,55,108,160
19053,234,10521,8879,1642,2.73,2.08,10521,283,5751,3128
19054,82,6521,5217,1304,2.96,1.85,6521,236,4204,1013
19055,205,4755,3962,793,2.85,2.97,4755,238,2753,1209
19056,188,5909,4196,1713,2.93,2.16,5909,538,2901,1295
19057,151,6008,4754,1254,3.19,2.14,6008,180,3507,1247
19060,182,3657,3590,67,3.02,1.46,3657,25,2247,1343
19061,389,7731,4921,2810,2.81,2.2,7731,667,3290,1631
19063,1067,15221,10314,4907,2.72,1.64,15221,1078,6863,3451
19064,233,8563,7932,631,2.93,2.54,8563,135,4974,2958
19066,126,1689,1575,114,2.78,2.05,1689,41,996,579
19067,1162,20503,16527,3976,2.66,2.18,20503,764,11078,5449
19070,143,2885,2110,775,2.53,1.73,2885,277,1420,690
19072,170,4357,3182,1175,2.75,1.71,4357,187,2224,958
19073,461,8302,6391,1911,2.66,1.85,8302,524,4220,2171
19074,216,2251,1626,625,2.93,1.85,2251,93,1090,536
19075,45,2860,2507,353,2.76,2.12,2860,48,1740,767
19076,219,2581,1564,1017,2.74,2.0,2581,204,922,642
19078,296,4593,3392,1201,2.76,1.79,4593,410,2314,1078
19079,263,3477,2165,1312,2.6,2.79,3477,648,1405,760
19081,160,3767,3077,690,2.61,1.88,3767,181,1737,1340
19082,1135,15894,7667,8227,3.04,2.42,15894,3631,5200,2467
19083,284,13330,11838,1492,2.83,2.18,13330,373,8015,3823
19085,118,1870,1797,73,2.89,2.96,1870,0,938,859
19086,229,4721,4212,509,2.75,1.52,4721,121,2996,1216
19087,681,12157,8763,3394,2.68,2.35,12157,312,5889,2874
19090,689,7602,5223,2379,2.85,2.06,7602,320,3563,1660
19094,60,1821,1202,619,2.93,2.02,1821,261,742,460
19095,596,3316,1998,1318,2.49,1.73,3316,286,1230,768
19096,70,5805,4345,1460,2.85,1.68,5805,228,2875,1470
19102,615,3425,885,2540,1.46,1.38,3425,1714,564,321
19103,2834,16337,4960,11377,1.72,1.43,16337,9042,2388,2572
19104,4102,18053,3629,14424,2.51,2.01,18053,9679,1876,1753
19106,1053,8155,3911,4244,1.63,1.54,8155,2335,2568,1343
19107,1113,8459,1541,6918,2.04,1.48,8459,4792,949,592
19108,,57,48,9,1.23,2.0,57,26,48,
19109,,,,0,,,,0,,
19111,1700,25828,14305,11523,2.79,2.43,25828,3961,9079,5226
19112,,,,0,,,,0,,
19113,,,,0,,,,0,,
19114,850,13553,9062,4491,2.54,1.87,13553,1101,5336,3726
19115,493,14642,8986,5656,2.67,2.02,14642,1871,4992,3994
19116,613,13402,7663,5739,2.68,2.14,13402,1398,4745,2918
19118,319,4875,2356,2519,2.38,1.64,4875,416,1511,845
19119,1156,12564,8076,4488,2.49,1.84,12564,1900,5327,2749
19120,1202,24592,15519,9073,2.95,3.08,24592,5152,10015,5504
19121,3457,14597,4645,9952,2.51,2.2,14597,6503,2247,2398
19122,1140,7814,3265,4549,2.27,2.41,7814,2690,2238,1027
19123,732,8978,2802,6176,2.36,1.77,8978,2566,2201,601
19124,2127,24377,15085,9292,3.01,2.74,24377,7034,10237,4848
19125,890,11422,6867,4555,2.29,1.98,11422,2025,5164,1703
19126,685,6704,4033,2671,3.17,1.78,6704,1653,2434,1599
19127,350,2830,1175,1655,1.88,1.98,2830,265,900,275
19128,764,18018,10225,7793,2.28,1.93,18018,1757,7191,3034
19129,459,5149,2524,2625,2.07,2.04,5149,987,1646,878
19130,1513,15446,5901,9545,2.07,1.72,15446,3823,4065,1836
19131,3613,18164,8612,9552,2.62,2.06,18164,5489,4443,4169
19132,3255,14384,7185,7199,2.27,2.25,14384,7307,2281,4904
19133,1565,9461,3888,5573,2.87,2.61,9461,4051,1100,2788
19134,3009,21942,12118,9824,2.69,2.7,21942,7071,6977,5141
19135,1035,13379,7983,5396,2.69,2.74,13379,2516,5306,2677
19136,804,13124,7936,5188,2.71,2.59,13124,2031,5106,2830
19137,405,3236,2605,631,2.65,2.38,3236,549,1503,1102
19138,1507,12492,7818,4674,2.66,2.53,12492,3373,4786,3032
19139,3971,18957,7677,11280,2.36,2.36,18957,8597,3719,3958
19140,2964,20384,10275,10109,2.48,2.82,20384,9775,3161,7114
19141,1242,14413,7331,7082,2.48,2.05,14413,6040,3260,4071
19142,1368,10908,5098,5810,2.68,2.74,10908,3242,3344,1754
19143,4400,26259,12820,13439,2.4,2.42,26259,10666,6388,6432
19144,2821,19792,7181,12611,2.81,1.89,19792,6157,4728,2453
19145,2019,18976,11237,7739,2.44,2.27,18976,5594,6632,4605
19146,2927,18101,9586,8515,2.32,2.14,18101,5847,6373,3213
19147,1824,18970,10837,8133,2.27,1.79,18970,5543,7303,3534
19148,1706,20449,13302,7147,2.33,2.77,20449,5265,8094,5208
19149,1275,19381,11217,8164,2.91,3.33,19381,3042,7184,4033
19150,687,10003,7852,2151,2.35,1.99,10003,1662,4938,2914
19151,1820,12766,8159,4607,2.66,2.13,12766,3780,5619,2540
19152,557,13456,7969,5487,2.65,2.46,13456,2131,4144,3825
19153,478,5682,2921,2761,2.39,2.11,5682,1296,1998,923
19154,661,12760,9867,2893,2.79,2.42,12760,1002,6440,3427
19301,88,2913,2381,532,2.63,2.03,2913,124,1371,1010
19310,19,934,723,211,3.42,3.27,934,158,434,289
19311,155,3414,2773,641,3.06,3.42,3414,87,2061,712
19312,134,4318,3673,645,2.85,1.87,4318,212,2504,1169
19316,,13,13,0,1.62,,13,0,13,
19317,56,4012,3346,666,2.83,2.03,4012,65,2136,1210
19319,15,76,76,0,4.04,,76,0,61,15
19320,1158,19960,14605,5355,2.65,2.79,19960,1355,10460,4145
19330,56,2005,1780,225,2.77,2.29,2005,52,1124,656
19333,160,3055,1917,1138,2.79,2.21,3055,149,1074,843
19335,509,19489,15607,3882,2.79,1.88,19489,704,12101,3506
19341,393,8182,4536,3646,2.78,2.01,8182,107,3332,1204
19342,375,7833,5632,2201,2.79,1.61,7833,818,3609,2023
19343,48,2832,2410,422,2.82,1.99,2832,57,1655,755
19344,143,4576,3339,1237,2.75,2.14,4576,553,2055,1284
19345,,,,0,,,,0,,
19348,387,8939,6252,2687,2.63,2.27,8939,394,4034,2218
19350,276,3853,3505,348,2.9,1.98,3853,41,2530,975
19352,142,3028,2823,205,3.03,3.41,3028,55,2182,641
19355,448,10707,7999,2708,2.72,2.31,10707,359,5431,2568
19358,12,129,32,97,1.97,3.7,129,4,17,15
19362,72,2068,1675,393,2.78,2.44,2068,53,1064,611
19363,398,5783,4045,1738,3.16,2.66,5783,386,2669,1376
19365,129,2729,2042,687,2.87,2.44,2729,171,1372,670
19367,,22,22,0,3.23,,22,0,15,7
19369,,52,7,45,2.0,1.47,52,0,7,
19372,20,865,507,358,3.28,2.56,865,33,371,136
19373,,683,683,0,2.83,,683,0,593,90
19374,32,244,214,30,2.74,2.53,244,0,94,120
19375,,64,54,10,2.37,,64,0,,54
19380,805,20741,14926,5815,2.63,1.86,20741,938,9821,5105
19382,734,20216,14188,6028,2.68,2.0,20216,929,9729,4459
19383,20,126,,126,,3.02,126,20,,
19390,282,4652,3631,1021,2.77,2.79,4652,259,2391,1240
19401,1800,16862,7629,9233,2.76,2.19,16862,2879,5516,2113
19403,920,18542,13447,5095,2.45,2.03,18542,811,8822,4625
19405,256,2022,984,1038,2.37,2.32,2022,143,568,416
19406,1093,12322,6809,5513,2.58,1.96,12322,794,4195,2614
19422,317,7698,6239,1459,2.64,2.25,7698,191,4118,2121
19425,183,5718,5275,443,3.09,2.45,5718,73,4269,1006
19426,634,12968,11496,1472,2.84,1.99,12968,428,8437,3059
19428,601,9270,5012,4258,2.39,1.91,9270,328,3532,1480
19435,22,45,37,8,3.11,4.13,45,0,32,5
19436,,369,113,256,2.01,1.3,369,94,35,78
19437,,379,379,0,3.02,,379,0,265,114
19438,154,9236,7328,1908,2.81,2.1,9236,357,5166,2162
19440,203,7524,5137,2387,2.93,2.1,7524,180,3548,1589
19442,,,,0,,,,0,,
19444,234,4764,3513,1251,2.52,1.72,4764,180,2667,846
19446,788,23608,15705,7903,2.73,2.12,23608,1392,10730,4975
19453,,722,431,291,2.01,2.0,722,0,334,97
19454,245,11178,8791,2387,2.65,1.8,11178,554,5876,2915
19456,,71,71,0,2.34,,71,0,33,38
19457,,49,49,0,2.02,,49,0,26,23
19460,713,17208,12131,5077,2.61,1.97,17208,697,8451,3680
19462,241,6347,5129,1218,2.64,1.79,6347,214,3662,1467
19464,1718,18586,11970,6616,2.61,2.5,18586,1255,8467,3503
19465,271,7244,5754,1490,2.66,2.18,7244,175,4036,1718
19468,367,10572,7952,2620,2.61,2.12,10572,360,5554,2398
19472,,39,23,16,1.48,2.81,39,0,,23
19473,249,6424,5571,853,2.73,2.64,6424,130,4070,1501
19474,,215,190,25,1.64,,215,0,132,58
19475,220,4814,3345,1469,2.62,1.74,4814,129,2388,957
19477,,26,26,0,1.5,,26,0,,26
19490,51,115,115,0,2.37,,115,0,52,63
19492,29,409,89,320,1.89,1.14,409,174,62,27
19501,21,438,330,108,2.92,1.98,438,14,213,117
19503,23,452,327,125,2.78,1.96,452,16,252,75
19504,196,1921,1715,206,2.58,2.2,1921,33,916,799
19505,19,1522,1234,288,2.25,1.95,1522,29,691,543
19506,120,2478,2126,352,2.73,2.57,2478,75,1316,810
19507,57,1191,962,229,3.25,1.92,1191,23,647,315
19508,311,6084,5011,1073,2.69,1.74,6084,188,3203,1808
19510,,3320,2962,358,2.59,2.03,3320,128,2185,777
19511,,54,54,0,3.2,,54,23,28,26
19512,540,6876,5063,1813,2.56,1.94,6876,341,3253,1810
19516,,92,33,59,2.21,1.81,92,6,25,8
19518,185,5810,4938,872,2.89,2.4,5810,347,3531,1407
19520,134,2484,2089,395,2.58,2.11,2484,120,1179,910
19522,179,5560,4714,846,2.56,2.19,5560,373,2793,1921
19523,,,,0,,,,0,,
19525,168,5598,5135,463,3.04,2.6,5598,90,3881,1254
19526,252,4728,3563,1165,2.44,2.01,4728,208,2158,1405
19529,43,1183,1044,139,3.06,2.13,1183,8,616,428
19530,548,4748,3160,1588,2.36,2.26,4748,348,1686,1474
19533,44,2410,2106,304,2.68,1.68,2410,49,1475,631
19534,81,761,647,114,2.35,1.9,761,27,332,315
19535,,19,,19,,3.21,19,0,,
19536,4,248,175,73,2.15,1.88,248,5,135,40
19538,,33,25,8,2.28,3.0,33,0,15,10
19539,,1581,1386,195,2.56,2.7,1581,52,1012,374
19540,184,4246,3488,758,2.73,2.23,4246,217,2252,1236
19541,64,1610,1451,159,2.73,2.48,1610,59,925,526
19543,139,2023,1755,268,3.06,2.69,2023,61,1204,551
19544,13,60,60,0,2.62,,60,0,22,38
19545,,212,161,51,3.81,2.08,212,0,142,19
19547,250,1904,1629,275,2.41,2.29,1904,24,927,702
19549,22,125,89,36,2.6,3.61,125,0,42,47
19550,,158,125,33,2.25,1.82,158,0,90,35
19551,95,1757,1466,291,2.62,1.86,1757,56,879,587
19554,22,156,77,79,3.08,1.7,156,0,62,15
19555,69,1393,1032,361,2.5,2.2,1393,37,607,425
19559,24,115,97,18,2.39,3.5,115,2,46,51
19560,144,3806,3107,699,2.39,2.22,3806,47,2201,906
19562,63,1283,624,659,2.55,1.56,1283,117,396,228
19564,,59,32,27,3.78,,59,0,23,9
19565,73,3388,2718,670,2.37,1.81,3388,111,1693,1025
19567,60,2089,1578,511,2.83,2.33,2089,72,885,693
19601,1462,12390,4782,7608,3.05,2.7,12390,3154,2286,2496
19602,1016,6805,2169,4636,3.05,2.33,6805,2196,1068,1101
19604,788,9581,4387,5194,3.14,3.15,9581,2036,2647,1740
19605,337,7702,6364,1338,2.71,2.28,7702,312,4344,2020
19606,688,13771,10790,2981,2.64,2.44,13771,866,6896,3894
19607,487,9592,6204,3388,2.44,2.33,9592,713,4334,1870
19608,347,8662,6847,1815,2.77,2.44,8662,169,4695,2152
19609,275,4114,3479,635,2.59,2.71,4114,129,2542,937
19610,335,6783,4765,2018,2.5,1.56,6783,587,2611,2154
19611,370,4270,2044,2226,2.38,2.4,4270,560,1431,613
19701,595,16192,12276,3916,2.8,2.39,16192,546,8964,3312
19702,838,20724,12384,8340,2.7,2.67,20724,735,8973,3411
19703,340,6622,3324,3298,2.58,2.18,6622,721,2253,1071
19706,55,679,473,206,2.56,3.28,679,19,316,157
19707,243,6261,5303,958,2.73,1.92,6261,282,3792,1511
19709,380,16880,14655,2225,2.79,2.55,16880,321,11055,3600
19710,,17,17,0,1.59,,17,0,17,
19711,1519,19358,12523,6835,2.57,2.51,19358,1167,7939,4584
19713,819,11809,7369,4440,2.63,2.25,11809,657,4778,2591
19716,,,,0,,,,0,,
19717,,,,0,,,,0,,
19720,1406,22685,15417,7268,2.77,2.34,22685,1291,10638,4779
19730,18,168,145,23,2.76,2.43,168,2,119,26
19731,,114,106,8,2.25,4.25,114,8,34,72
19732,,132,132,0,2.0,,132,0,65,67
19733,31,76,57,19,1.39,4.26,76,0,32,25
19734,137,4271,3963,308,3.26,2.61,4271,16,3051,912
19735,,,,0,,,,0,,
19736,,13,13,0,,,13,0,,13
19801,1658,7463,2011,5452,2.37,1.97,7463,2403,1377,634
19802,1100,10740,4900,5840,2.48,2.26,10740,1899,3243,1657
19803,254,8523,7596,927,2.54,1.93,8523,254,5216,2380
19804,391,7443,5489,1954,2.39,2.56,7443,260,3612,1877
19805,1795,16059,8730,7329,2.44,2.41,16059,1794,6285,2445
19806,509,5932,2998,2934,1.92,1.35,5932,804,1999,999
19807,396,3379,2365,1014,2.44,1.77,3379,141,1339,1026
19808,643,15263,11769,3494,2.55,2.39,15263,495,7473,4296
19809,454,6198,4369,1829,2.51,2.19,6198,206,3268,1101
19810,510,10266,8244,2022,2.65,1.98,10266,630,5418,2826
19901,1136,14103,7996,6107,2.55,2.58,14103,1134,4669,3327
19902,,,,0,,,,0,,
19904,1352,14513,8990,5523,2.61,2.34,14513,1612,6183,2807
19930,7541,1405,1380,25,1.9,3.8,1405,43,752,628
19931,18,162,158,4,2.11,3.75,162,0,107,51
19933,248,3712,2884,828,2.68,3.24,3712,60,1603,1281
19934,417,4745,3997,748,2.99,2.84,4745,143,2495,1502
19936,17,115,56,59,2.8,2.25,115,15,27,29
19938,102,3001,2416,585,3.18,3.03,3001,52,1758,658
19939,1244,3078,2853,225,2.57,2.83,3078,44,1508,1345
19940,293,2144,1657,487,2.95,2.4,2144,117,1090,567
19941,104,1014,770,244,2.37,4.19,1014,30,609,161
19943,397,5032,4241,791,2.48,2.61,5032,73,2752,1489
19944,1428,298,279,19,2.28,1.05,298,2,103,176
19945,1889,3324,2909,415,2.35,3.01,3324,116,1647,1262
19946,297,2010,1694,316,2.58,2.76,2010,31,898,796
19947,406,6629,4466,2163,2.72,2.89,6629,201,2539,1927
19950,346,3016,2185,831,2.49,1.98,3016,125,1160,1025
19951,87,814,778,36,2.64,5.0,814,3,553,225
19952,406,3854,2678,1176,2.79,2.3,3854,147,1675,1003
19953,131,1731,1367,364,2.86,3.2,1731,91,689,678
19954,49,599,433,166,2.37,3.2,599,20,284,149
19955,7,97,83,14,4.4,3.36,97,0,77,6
19956,645,5625,3802,1823,2.59,3.0,5625,225,1878,1924
19958,4727,13249,10950,2299,2.13,1.91,13249,457,5377,5573
19960,124,2489,2104,385,2.82,2.82,2489,81,1502,602
19962,257,4142,3747,395,2.8,2.99,4142,148,2744,1003
19963,1137,8432,5482,2950,2.47,2.47,8432,801,3381,2101
19964,51,541,531,10,2.15,5.6,541,184,396,135
19966,4947,13797,11543,2254,2.2,2.59,13797,332,6431,5112
19967,532,924,856,68,1.78,2.68,924,3,392,464
19968,1206,5547,4829,718,2.45,2.75,5547,57,3062,1767
19970,4443,3666,3343,323,1.93,3.22,3666,48,2132,1211
19971,8899,7240,6298,942,1.94,1.99,7240,254,3321,2977
19973,745,9659,7294,2365,2.67,2.47,9659,673,4600,2694
19975,3802,4395,3763,632,2.2,2.12,4395,184,2009,1754
19977,494,8546,6869,1677,2.7,2.7,8546,208,5045,1824
19979,4,269,218,51,2.33,2.59,269,7,175,43
19980,5,100,90,10,1.74,1.1,100,0,28,62
20001,2850,22974,7875,15099,1.96,1.75,22974,9190,6612,1263
20002,3760,31832,12230,19602,2.28,1.95,31832,10045,10169,2061
20003,1882,15993,6770,9223,2.18,1.81,15993,3920,5269,1501
20004,287,1270,508,762,1.42,1.26,1270,682,379,129
20005,1051,8802,2469,6333,1.65,1.46,8802,5504,1990,479
20006,191,637,49,588,1.2,1.38,637,535,30,19
20007,1348,11668,6465,5203,2.05,1.84,11668,2619,4163,2302
20008,1296,16989,6229,10760,2.05,1.63,16989,5657,4205,2024
20009,2650,28382,9334,19048,1.99,1.69,28382,14176,7699,1635
20010,1305,14255,5649,8606,2.58,2.17,14255,6074,4704,945
20011,2841,26989,13980,13009,2.68,2.26,26989,7166,10573,3407
20012,390,6784,4072,2712,2.61,2.44,6784,1021,3381,691
20015,493,6072,4695,1377,2.72,1.89,6072,827,3302,1393
20016,1335,14092,9206,4886,2.4,1.81,14092,2487,5966,3240
20017,638,8108,4953,3155,2.36,2.3,8108,1611,3952,1001
20018,676,8858,4998,3860,2.57,1.74,8858,2518,3801,1197
20019,2959,26184,10270,15914,2.49,2.36,26184,9762,8083,2187
20020,2920,23071,7678,15393,2.36,2.3,23071,9214,5735,1943
20024,1082,8939,3246,5693,1.47,1.71,8939,3805,2283,963
20032,1817,17796,4028,13768,2.12,2.21,17796,7787,2879,1149
20036,471,3664,1606,2058,1.23,1.3,3664,2379,1250,356
20037,1930,6696,2410,4286,1.41,1.47,6696,3844,1338,1072
20045,,,,0,,,,0,,
20052,,,,0,,,,0,,
20057,,,,0,,,,0,,
20059,,,,0,,,,0,,
20064,,,,0,,,,0,,
20105,22,9366,8282,1084,3.38,2.72,9366,120,7213,1069
20106,250,1631,1438,193,2.7,3.07,1631,41,867,571
20109,619,14582,6322,8260,3.32,2.83,14582,596,5209,1113
20110,820,15263,10980,4283,3.19,3.12,15263,708,9066,1914
20111,574,11025,7108,3917,3.38,3.14,11025,244,5556,1552
20112,228,8894,8509,385,3.08,3.62,8894,166,7079,1430
20115,282,2713,1817,896,2.93,2.86,2713,95,1259,558
20117,228,1407,954,453,2.37,1.48,1407,72,700,254
20119,207,1208,961,247,3.11,3.35,1208,16,646,315
20120,372,14167,10636,3531,3.18,2.78,14167,615,8832,1804
20121,487,9458,6615,2843,2.93,2.83,9458,220,5408,1207
20124,76,5052,4594,458,3.07,2.9,5052,63,3532,1062
20129,100,213,188,25,3.02,1.92,213,0,155,33
20130,,107,66,41,2.86,1.61,107,0,35,31
20132,250,5710,5124,586,3.2,3.61,5710,71,4228,896
20135,166,1417,1143,274,2.4,2.18,1417,35,874,269
20136,149,8977,8220,757,3.47,3.25,8977,62,7352,868
20137,53,718,686,32,2.78,2.22,718,0,509,177
20141,97,2555,2282,273,3.41,1.8,2555,20,1967,315
20143,,231,214,17,2.67,1.35,231,0,126,88
20144,119,610,546,64,2.12,3.73,610,0,346,200
20147,900,23624,16440,7184,2.94,2.36,23624,1118,13132,3308
20148,167,18902,15306,3596,3.26,2.76,18902,313,13320,1986
20151,59,6681,5278,1403,3.14,3.99,6681,258,4088,1190
20152,32,10964,9172,1792,3.3,3.23,10964,162,7943,1229
20155,288,12052,10307,1745,3.02,3.28,12052,236,8328,1979
20158,26,1484,1226,258,3.15,4.14,1484,10,1011,215
20164,352,12583,9515,3068,3.38,3.41,12583,382,7559,1956
20165,299,11926,9384,2542,2.96,2.35,11926,352,7722,1662
20166,149,4672,2501,2171,2.85,2.78,4672,178,2183,318
20169,284,8820,8165,655,3.2,2.96,8820,27,6480,1685
20170,338,13764,9778,3986,3.15,3.05,13764,591,7928,1850
20171,501,17812,10331,7481,3.06,2.46,17812,422,8261,2070
20175,416,11500,8703,2797,3.05,2.25,11500,325,7419,1284
20176,571,16563,12445,4118,3.12,2.65,16563,594,10172,2273
20180,165,2573,2288,285,2.95,2.64,2573,69,1775,513
20181,214,2978,2633,345,3.28,2.28,2978,64,2016,617
20184,164,209,102,107,1.82,1.34,209,0,45,57
20186,495,5889,3926,1963,2.77,2.18,5889,295,2994,932
20187,245,6241,5451,790,3.12,2.64,6241,283,4461,990
20190,1000,10301,4943,5358,1.99,2.11,10301,573,3703,1240
20191,412,11898,8419,3479,2.46,2.72,11898,419,6152,2267
20194,154,5638,4004,1634,2.34,1.79,5638,106,3180,824
20197,,915,837,78,2.98,,915,8,656,181
20198,205,760,525,235,3.01,2.19,760,15,351,174
20204,,,,0,,,,0,,
20220,,,,0,,,,0,,
20230,,,,0,,,,0,,
20240,,,,0,,,,0,,
20245,,,,0,,,,0,,
20250,,,,0,,,,0,,
20260,,,,0,,,,0,,
20317,14,,,0,,,,0,,
20319,,,,0,,,,0,,
20373,16,49,,49,,5.35,49,0,,
20388,,,,0,,,,0,,
20390,,,,0,,,,0,,
20408,,,,0,,,,0,,
20415,,,,0,,,,0,,
20418,,,,0,,,,0,,
20422,,,,0,,,,0,,
20427,,,,0,,,,0,,
20431,,,,0,,,,0,,
20510,,,,0,,,,0,,
20515,,,,0,,,,0,,
20520,,,,0,,,,0,,
20530,,,,0,,,,0,,
20535,,,,0,,,,0,,
20540,,,,0,,,,0,,
20542,,,,0,,,,0,,
20551,,,,0,,,,0,,
20560,,,,0,,,,0,,
20565,,,,0,,,,0,,
20566,,,,0,,,,0,,
20591,,,,0,,,,0,,
20601,676,9544,7369,2175,2.72,3.07,9544,138,6150,1219
20602,477,10426,6821,3605,2.81,2.47,10426,556,5732,1089
20603,401,10944,8494,2450,2.96,2.76,10944,323,7117,1377
20606,60,52,52,0,1.94,,52,0,38,14
20607,101,3932,3791,141,2.86,2.0,3932,117,3161,630
20608,44,264,242,22,2.65,4.18,264,11,140,102
20609,82,508,471,37,3.14,3.54,508,30,336,135
20611,33,429,395,34,2.44,3.47,429,0,296,99
20612,,69,69,0,1.91,,69,0,,69
20613,309,5058,4755,303,2.91,2.48,5058,163,3845,910
20615,51,223,223,0,2.61,,223,0,164,59
20616,41,2468,2149,319,2.77,3.04,2468,31,1784,365
20617,,198,171,27,2.89,,198,0,135,36
20618,276,389,339,50,2.49,1.38,389,9,116,223
20619,522,5160,3149,2011,2.63,2.47,5160,52,2461,688
20620,48,520,433,87,3.06,1.71,520,20,359,74
20621,184,396,381,15,2.02,,396,0,326,55
20622,34,1609,1467,142,3.67,1.62,1609,144,991,476
20623,25,830,796,34,2.97,3.21,830,0,720,76
20624,11,306,291,15,2.74,4.2,306,0,251,40
20625,171,444,380,64,2.28,3.13,444,0,347,33
20626,88,109,109,0,2.06,,109,0,95,14
20628,84,257,207,50,2.43,1.66,257,7,56,151
20629,165,332,290,42,2.29,2.98,332,0,206,84
20630,37,167,101,66,2.12,1.38,167,0,58,43
20632,57,131,109,22,5.4,1.59,131,0,39,70
20634,228,2915,1832,1083,2.91,2.62,2915,107,1599,233
20636,509,3349,2991,358,3.2,2.38,3349,76,2472,519
20637,18,2035,1872,163,2.81,4.11,2035,43,1296,576
20639,247,4705,4319,386,3.11,3.59,4705,45,3432,887
20640,281,4042,3012,1030,2.6,2.66,4042,215,2238,774
20645,,268,256,12,2.68,2.08,268,0,205,51
20646,623,7001,5862,1139,2.9,2.43,7001,311,4531,1331
20650,571,5158,3836,1322,2.94,2.35,5158,343,2871,965
20653,956,10367,5754,4613,2.86,2.09,10367,704,3709,2045
20656,,50,41,9,1.34,3.22,50,9,41,
20657,812,7253,6206,1047,2.83,2.69,7253,111,5123,1083
20658,80,394,317,77,2.49,1.81,394,19,215,102
20659,432,7984,6970,1014,2.96,3.28,7984,379,5166,1804
20660,,,,0,,,,0,,
20661,,,,0,,,,0,,
20662,111,923,824,99,2.79,1.4,923,31,434,390
20664,323,1254,902,352,2.37,3.38,1254,12,619,283
20667,119,180,170,10,1.98,,180,0,170,
20670,34,298,,298,,3.87,298,0,,
20674,274,297,212,85,4.51,1.71,297,0,162,50
20675,,694,665,29,2.51,3.59,694,17,435,230
20676,208,1175,1022,153,2.46,3.35,1175,11,785,237
20677,30,786,699,87,2.74,2.9,786,68,566,133
20678,324,4506,3543,963,2.82,2.13,4506,241,2840,703
20680,61,225,204,21,2.97,2.9,225,0,166,38
20684,,339,256,83,2.51,1.52,339,0,166,90
20685,247,2460,2290,170,2.79,2.76,2460,36,1626,664
20686,,,,0,,,,0,,
20687,45,208,142,66,2.38,1.2,208,0,109,33
20688,81,716,408,308,2.2,1.46,716,96,172,236
20689,24,629,591,38,3.41,8.34,629,0,441,150
20690,197,329,254,75,2.77,2.43,329,0,94,160
20692,76,216,216,0,2.8,,216,15,190,26
20693,82,350,326,24,3.84,2.04,350,0,243,83
20695,179,4073,3251,822,3.04,2.35,4073,71,2851,400
20701,41,260,,260,,1.7,260,18,,
20705,514,8958,5816,3142,3.22,2.89,8958,544,4412,1404
20706,562,13111,9165,3946,3.41,3.28,13111,749,7072,2093
20707,973,13525,7600,5925,2.77,2.49,13525,668,5845,1755
20708,484,10279,3649,6630,2.74,2.55,10279,818,2714,935
20710,226,3497,678,2819,3.1,2.69,3497,531,433,245
20711,194,2272,2141,131,3.3,1.82,2272,125,954,1187
20712,238,4592,1160,3432,2.78,1.91,4592,1046,896,264
20714,231,1660,1176,484,2.76,2.95,1660,68,1019,157
20715,198,8996,8353,643,2.81,3.3,8996,228,6711,1642
20716,289,8805,6384,2421,2.67,2.14,8805,438,5221,1163
20720,145,8147,7490,657,3.18,2.8,8147,131,6503,987
20721,410,10364,9132,1232,3.01,2.5,10364,201,7829,1303
20722,78,2135,1444,691,2.98,2.62,2135,177,1149,295
20723,370,11878,8689,3189,3.15,2.49,11878,307,6645,2044
20724,191,6962,4301,2661,2.7,2.39,6962,218,3385,916
20732,264,4069,3221,848,2.66,2.23,4069,207,2528,693
20733,22,1085,939,146,2.82,1.97,1085,23,614,325
20735,585,13117,12045,1072,2.92,3.15,13117,319,9830,2215
20736,209,3363,3155,208,2.79,2.75,3363,114,2398,757
20737,306,6492,3386,3106,3.52,3.69,6492,875,2726,660
20740,1291,11182,4698,6484,3.0,2.53,11182,1679,3163,1535
20742,,,,0,,,,0,,
20743,880,15013,9953,5060,2.62,2.46,15013,2210,7921,2032
20744,1513,19724,16000,3724,2.86,2.76,19724,618,13256,2744
20745,1157,11674,4870,6804,2.79,2.37,11674,1521,3810,1060
20746,881,12447,4465,7982,2.37,2.14,12447,2252,3580,885
20747,829,16493,8114,8379,2.6,2.41,16493,2266,6805,1309
20748,1052,16075,8788,7287,2.71,2.29,16075,2078,6678,2110
20751,140,928,861,67,2.19,2.45,928,14,689,172
20754,,2277,2048,229,2.96,4.59,2277,21,1353,695
20755,374,2943,100,2843,1.9,3.34,2943,50,78,22
20758,27,240,225,15,2.47,5.13,240,0,141,84
20759,36,1903,1837,66,3.11,3.17,1903,0,1441,396
20762,191,841,,841,,3.56,841,52,,
20763,58,1093,516,577,2.42,2.2,1093,90,408,108
20764,296,1444,1266,178,2.32,2.42,1444,0,1030,236
20765,37,188,134,54,2.93,2.89,188,0,58,76
20769,108,2173,2051,122,3.18,2.5,2173,49,1506,545
20770,751,12019,5482,6537,2.0,2.71,12019,1560,4049,1433
20771,,,,0,,,,0,,
20772,571,18915,16548,2367,2.81,2.41,18915,682,14203,2345
20774,697,20011,15221,4790,2.64,2.11,20011,963,13081,2140
20776,137,1121,1051,70,2.56,3.09,1121,17,525,526
20777,53,1156,1133,23,2.87,2.7,1156,17,792,341
20778,,809,750,59,2.74,3.81,809,0,550,200
20779,130,514,497,17,2.06,,514,0,270,227
20781,385,4291,2470,1821,3.23,2.7,4291,572,1885,585
20782,560,12286,5497,6789,2.95,2.62,12286,2276,4176,1321
20783,675,13533,5645,7888,3.3,3.88,13533,2117,4060,1585
20784,521,10120,5884,4236,3.35,2.97,10120,1159,4480,1404
20785,944,15401,7901,7500,2.83,2.56,15401,1653,5925,1976
20794,278,3963,2647,1316,3.05,1.69,3963,43,2040,607
20812,14,99,90,9,2.99,2.44,99,0,60,30
20814,1240,13429,7127,6302,2.55,1.77,13429,1507,4678,2449
20815,887,13233,8552,4681,2.53,2.01,13233,1540,5403,3149
20816,421,6373,5154,1219,2.8,2.41,6373,177,3618,1536
20817,692,13619,11275,2344,2.81,2.77,13619,564,7806,3469
20818,55,755,712,43,2.5,3.53,755,31,521,191
20832,132,8485,7409,1076,3.04,3.0,8485,211,5566,1843
20833,46,2615,2442,173,3.07,2.88,2615,6,1827,615
20837,120,2229,2006,223,2.93,3.23,2229,24,1566,440
20838,4,90,90,0,4.02,,90,0,59,31
20839,,62,32,30,3.19,1.97,62,0,17,15
20841,120,2920,2804,116,3.12,2.94,2920,35,2184,620
20842,63,661,523,138,2.73,2.86,661,28,323,200
20850,1341,20766,11165,9601,2.67,2.17,20766,1917,7892,3273
20851,139,5168,3116,2052,2.74,3.05,5168,455,2154,962
20852,1337,21414,8969,12445,2.35,2.12,21414,2022,5587,3382
20853,326,9794,8185,1609,3.07,3.93,9794,346,5714,2471
20854,418,17030,15289,1741,2.91,2.76,17030,252,10145,5144
20855,186,6140,4877,1263,2.83,2.58,6140,368,3338,1539
20860,15,746,556,190,2.84,2.04,746,41,466,90
20861,,1135,1120,15,2.84,,1135,25,839,281
20862,,155,155,0,2.86,,155,11,146,9
20866,121,5006,4037,969,3.22,3.79,5006,188,3111,926
20868,,156,140,16,4.03,3.75,156,0,127,13
20871,252,8185,7072,1113,3.24,3.08,8185,219,6126,946
20872,245,4510,3988,522,2.82,2.94,4510,82,2839,1149
20874,709,22011,14507,7504,2.87,2.74,22011,1062,11515,2992
20876,265,8598,5500,3098,3.03,2.99,8598,509,4100,1400
20877,931,12496,5388,7108,3.38,2.62,12496,1407,3806,1582
20878,1002,24477,16607,7870,2.73,2.62,24477,908,11844,4763
20879,259,8836,6243,2593,3.16,2.86,8836,558,4500,1743
20880,12,319,306,13,2.09,4.62,319,3,196,110
20882,60,4657,4577,80,3.08,2.48,4657,17,3484,1093
20886,598,12305,8297,4008,2.77,2.82,12305,762,6581,1716
20889,,,,0,,,,0,,
20892,,,,0,,,,0,,
20894,,,,0,,,,0,,
20895,375,7082,5801,1281,2.8,1.96,7082,356,4456,1345
20896,8,336,324,12,2.56,2.83,336,0,239,85
20899,,217,,217,,1.48,217,97,,
20901,321,13012,9184,3828,2.81,2.78,13012,886,6961,2223
20902,1123,17776,11316,6460,2.97,3.01,17776,1909,8344,2972
20903,284,7211,2931,4280,3.46,3.86,7211,808,2056,875
20904,1303,20706,10792,9914,2.86,2.47,20706,2282,7419,3373
20905,284,5564,4768,796,3.15,3.67,5564,30,3526,1242
20906,1384,25547,16790,8757,2.7,2.88,25547,1861,11103,5687
20910,1258,21332,7416,13916,2.49,1.88,21332,4054,5640,1776
20912,453,9738,4025,5713,2.74,2.57,9738,1553,3170,855
21001,600,10275,6805,3470,2.67,2.17,10275,870,4620,2185
21005,168,758,13,745,2.23,3.39,758,0,13,
21009,395,12367,10018,2349,2.65,2.31,12367,425,8065,1953
21010,69,103,,103,,2.64,103,0,,
21012,399,8136,6926,1210,2.84,3.08,8136,84,5542,1384
21013,27,1855,1715,140,2.93,1.92,1855,83,1153,562
21014,565,14270,10981,3289,2.65,2.01,14270,644,7623,3358
21015,397,10916,9773,1143,2.88,2.26,10916,312,7323,2450
21017,71,2384,1580,804,2.46,2.25,2384,0,1236,344
21023,,30,24,6,1.92,2.0,30,0,24,
21028,112,965,827,138,2.82,1.68,965,21,513,314
21029,71,3964,3647,317,3.43,3.06,3964,28,2821,826
21030,580,10843,4991,5852,2.57,2.15,10843,693,3120,1871
21031,,18,,18,,1.44,18,0,,
21032,229,2902,2532,370,2.57,2.28,2902,26,1701,831
21034,51,1203,1076,127,2.47,2.46,1203,18,657,419
21035,106,2897,2788,109,2.92,2.14,2897,17,2100,688
21036,36,744,710,34,2.7,,744,75,501,209
21037,747,7981,6732,1249,2.65,2.78,7981,127,4936,1796
21040,638,9162,6417,2745,2.77,2.54,9162,810,5055,1362
21042,390,14748,12551,2197,2.99,2.39,14748,442,9060,3491
21043,627,17098,11831,5267,2.98,2.23,17098,655,8792,3039
21044,1162,18237,11315,6922,2.62,2.1,18237,1134,8235,3080
21045,482,15307,10837,4470,2.63,2.67,15307,1005,8067,2770
21046,261,6189,3548,2641,2.55,2.42,6189,285,2679,869
21047,35,4643,4498,145,2.86,2.86,4643,0,2843,1655
21048,156,3715,3427,288,2.78,1.93,3715,57,2324,1103
21050,144,6399,5772,627,2.88,2.2,6399,119,4048,1724
21051,,63,63,0,2.37,,63,0,31,32
21052,,249,179,70,2.72,2.63,249,0,167,12
21053,128,1123,1026,97,2.84,2.14,1123,7,844,182
21054,179,4946,4029,917,3.12,2.06,4946,377,3119,910
21056,134,127,127,0,2.16,,127,0,109,18
21057,130,1614,1389,225,2.99,1.37,1614,88,865,524
21060,669,15007,11269,3738,2.58,2.0,15007,925,8693,2576
21061,1216,22311,12466,9845,2.63,2.33,22311,1976,9462,3004
21071,,158,127,31,3.4,,158,0,94,33
21074,150,6005,5187,818,2.5,2.32,6005,225,3895,1292
21075,184,12322,8118,4204,3.05,2.54,12322,292,5833,2285
21076,342,7932,5329,2603,2.84,1.72,7932,216,4204,1125
21077,,43,43,0,1.77,,43,0,43,
21078,713,8004,5977,2027,2.59,2.03,8004,592,4028,1949
21082,16,272,260,12,2.71,3.0,272,0,148,112
21084,110,2675,2418,257,2.74,2.48,2675,34,1495,923
21085,648,6451,5120,1331,2.6,2.25,6451,111,3294,1826
21087,131,2197,1962,235,2.67,2.05,2197,112,1256,706
21090,279,3703,3129,574,2.79,2.0,3703,73,2143,986
21093,745,15769,12510,3259,2.58,1.99,15769,582,8108,4402
21102,82,4342,4007,335,2.84,2.17,4342,82,2769,1238
21104,16,2030,1919,111,3.12,1.77,2030,14,1382,537
21105,,,,0,,,,0,,
21108,303,6092,5260,832,2.85,2.46,6092,111,3953,1307
21111,93,1854,1784,70,2.74,3.77,1854,0,1128,656
21113,670,14974,8988,5986,2.49,2.14,14974,368,7093,1895
21114,178,9334,7284,2050,2.77,2.73,9334,251,5814,1470
21117,1526,23142,12902,10240,2.51,2.49,23142,1818,10124,2778
21120,143,2427,2308,119,3.01,2.33,2427,12,1815,493
21122,1145,22734,19524,3210,2.72,2.5,22734,469,14984,4540
21128,321,5437,4585,852,2.9,1.97,5437,240,3086,1499
21130,22,21,,21,,3.14,21,0,,
21131,116,2696,2607,89,2.87,2.24,2696,1,1608,999
21132,83,1007,998,9,3.1,2.11,1007,72,679,319
21133,329,11674,7905,3769,2.92,2.07,11674,1141,6541,1364
21136,703,13746,10550,3196,2.54,2.56,13746,863,7087,3463
21140,,1474,1421,53,2.76,2.64,1474,7,1166,255
21144,606,12781,10550,2231,2.84,2.98,12781,399,8057,2493
21146,518,9990,9028,962,2.88,2.25,9990,191,6790,2238
21152,115,2651,1961,690,2.65,1.77,2651,28,1318,643
21153,,318,299,19,2.22,,318,59,96,203
21154,274,2429,2262,167,2.85,3.18,2429,87,1437,825
21155,134,978,791,187,2.93,2.6,978,33,568,223
21156,,126,126,0,3.02,,126,0,76,50
21157,705,14410,10826,3584,2.8,2.11,14410,1200,7638,3188
21158,297,8355,6489,1866,2.78,2.18,8355,256,4598,1891
21160,63,984,764,220,2.92,2.63,984,0,384,380
21161,109,2125,1936,189,2.82,2.52,2125,27,1040,896
21162,149,1423,1247,176,3.29,2.94,1423,34,887,360
21163,117,2535,2052,483,2.57,2.31,2535,72,1526,526
21201,1140,10068,1181,8887,2.13,1.62,10068,4724,966,215
21202,1838,10095,2240,7855,1.74,1.62,10095,3537,1596,644
21204,914,8363,4258,4105,2.47,1.86,8363,401,2587,1671
21205,1396,5265,1827,3438,3.16,2.76,5265,2198,895,932
21206,1872,20047,10975,9072,2.64,2.44,20047,3437,8162,2813
21207,1400,19360,11850,7510,2.86,2.34,19360,2165,8857,2993
21208,1008,15289,10342,4947,2.46,2.05,15289,1627,6690,3652
21209,660,11511,6915,4596,2.87,2.23,11511,691,4379,2536
21210,328,5337,3327,2010,2.43,1.76,5337,621,2149,1178
21211,658,8333,4553,3780,2.03,1.78,8333,1329,3104,1449
21212,1159,12679,8786,3893,2.85,2.33,12679,1516,6331,2455
21213,3369,11288,6447,4841,2.54,2.71,11288,3658,4456,1991
21214,570,8381,6454,1927,2.69,2.23,8381,598,4920,1534
21215,4150,21287,11341,9946,2.56,2.23,21287,6730,7359,3982
21216,4573,11196,5419,5777,2.74,2.08,11196,4247,2916,2503
21217,6632,14392,4873,9519,2.32,2.03,14392,6326,3076,1797
21218,3787,18180,8845,9335,2.45,2.08,18180,5408,5988,2857
21219,364,3449,2914,535,2.81,2.06,3449,148,1982,932
21220,1587,15970,10510,5460,2.56,2.67,15970,1087,6697,3813
21221,1347,16827,10151,6676,2.73,2.33,16827,2203,7235,2916
21222,1808,22322,13846,8476,2.58,2.79,22322,3130,8656,5190
21223,5510,8292,2804,5488,2.6,2.36,8292,3986,1323,1481
21224,3420,19254,11624,7630,2.26,2.55,19254,2725,9094,2530
21225,1655,12648,6549,6099,2.77,2.63,12648,3131,4209,2340
21226,414,2369,1561,808,2.09,3.57,2369,307,1169,392
21227,639,13731,8893,4838,2.56,2.36,13731,1580,6326,2567
21228,832,19582,14047,5535,2.71,2.03,19582,1907,9777,4270
21229,2682,17811,9647,8164,2.6,2.22,17811,4103,6551,3096
21230,2110,15308,7935,7373,2.22,2.21,15308,2371,5725,2210
21231,1280,7975,2631,5344,2.13,1.88,7975,2034,2079,552
21233,,,,0,,,,0,,
21234,2331,27842,17681,10161,2.56,1.99,27842,2604,11574,6107
21236,728,15504,10680,4824,2.63,2.43,15504,897,7224,3456
21237,998,11946,7899,4047,2.75,2.15,11946,784,5584,2315
21239,827,11617,6341,5276,2.74,2.08,11617,2049,4858,1483
21240,,,,0,,,,0,,
21244,540,13934,6515,7419,2.8,2.68,13934,770,4991,1524
21250,,,,0,,,,0,,
21251,,,,0,,,,0,,
21252,,,,0,,,,0,,
21285,,,,0,,,,0,,
21286,575,9270,5825,3445,2.46,1.89,9270,1279,3648,2177
21287,,,,0,,,,0,,
21401,1445,17347,11121,6226,2.24,2.17,17347,984,7246,3875
21402,26,363,,363,,3.01,363,0,,
21403,875,14138,9626,4512,2.34,2.2,14138,640,7126,2500
21405,110,179,179,0,2.51,,179,0,114,65
21409,237,7466,6674,792,2.68,2.47,7466,48,5014,1660
21502,2779,16681,11282,5399,2.23,1.96,16681,1560,6767,4515
21520,159,865,683,182,2.42,2.17,865,88,343,340
21521,89,640,512,128,2.22,2.45,640,20,227,285
21523,,99,53,46,2.15,1.89,99,29,53,
21524,34,289,211,78,2.79,1.96,289,21,115,96
21529,40,261,216,45,2.32,1.22,261,17,82,134
21530,179,806,681,125,2.2,2.94,806,48,264,417
21531,338,954,753,201,2.03,1.76,954,20,342,411
21532,1063,4867,3115,1752,2.4,2.03,4867,367,1819,1296
21536,223,1470,1126,344,2.62,2.17,1470,96,620,506
21538,45,310,270,40,1.76,2.83,310,10,174,96
21539,211,992,660,332,2.37,2.35,992,147,332,328
21540,30,25,17,8,2.47,3.0,25,8,5,12
21541,1388,800,575,225,1.74,1.32,800,83,400,175
21542,7,62,18,44,2.56,2.45,62,19,13,5
21543,40,202,187,15,1.71,,202,0,54,133
21545,92,770,636,134,2.06,2.36,770,85,263,373
21550,2335,5908,4634,1274,2.45,1.98,5908,403,2715,1919
21555,354,636,491,145,2.2,2.54,636,18,333,158
21557,107,764,560,204,2.31,1.1,764,33,271,289
21560,,8,8,0,,,8,0,,8
21561,1438,1061,959,102,2.11,2.72,1061,19,479,480
21562,253,1195,925,270,2.69,1.95,1195,124,495,430
21601,1171,10094,6799,3295,2.33,2.17,10094,1062,4218,2581
21607,15,200,143,57,3.39,2.72,200,10,79,64
21610,141,170,131,39,2.4,2.44,170,6,75,56
21612,211,283,276,7,2.54,2.0,283,0,137,139
21613,1817,7439,4145,3294,2.14,2.53,7439,984,2293,1852
21617,451,3560,2951,609,2.91,2.39,3560,159,2303,648
21619,462,2362,1795,567,2.37,2.63,2362,63,1330,465
21620,859,5369,3509,1860,2.23,2.02,5369,465,2265,1244
21622,88,234,156,78,2.19,3.9,234,19,69,87
21623,48,939,841,98,2.39,2.8,939,0,686,155
21624,61,116,72,44,2.11,1.48,116,0,21,51
21625,101,796,668,128,3.12,3.08,796,0,491,177
21626,23,34,34,0,1.94,,34,0,16,18
21627,12,15,15,0,1.53,,15,0,15,
21628,,189,158,31,2.3,1.23,189,0,64,94
21629,501,3413,2629,784,2.82,2.86,3413,132,1688,941
21631,170,1033,841,192,2.72,2.46,1033,15,461,380
21632,291,2493,1539,954,2.42,2.47,2493,266,863,676
21634,155,190,190,0,1.96,,190,5,80,110
21635,127,874,697,177,2.24,1.75,874,8,406,291
21636,23,348,250,98,2.53,2.85,348,35,137,113
21638,284,1955,1549,406,2.64,2.5,1955,80,1233,316
21639,159,1723,1178,545,2.96,2.54,1723,112,821,357
21640,16,539,508,31,2.99,3.48,539,12,281,227
21641,8,56,32,24,2.81,1.33,56,3,26,6
21643,295,2009,1748,261,2.6,2.92,2009,133,1191,557
21644,,7,7,0,2.14,,7,3,3,4
21645,175,478,330,148,2.57,2.74,478,15,198,132
21647,12,183,166,17,2.51,1.82,183,0,129,37
21648,15,44,40,4,2.08,3.5,44,0,32,8
21649,126,570,449,121,3.8,4.7,570,35,223,226
21650,,92,84,8,2.63,2.13,92,9,28,56
21651,214,1056,809,247,2.28,2.62,1056,29,642,167
21652,57,103,98,5,1.39,4.0,103,0,84,14
21653,21,50,50,0,2.0,,50,0,42,8
21654,296,616,503,113,1.82,2.36,616,6,330,173
21655,268,1854,1456,398,2.55,2.33,1854,54,990,466
21657,14,435,379,56,2.64,4.04,435,1,170,209
21658,281,1456,1296,160,2.43,3.29,1456,7,901,395
21659,82,393,356,37,2.94,3.14,393,12,198,158
21660,135,1502,1039,463,2.58,2.51,1502,80,786,253
21661,595,1222,824,398,2.08,2.29,1222,92,361,463
21662,174,275,227,48,2.07,3.58,275,0,139,88
21663,445,1630,1310,320,2.1,2.36,1630,62,761,549
21664,38,221,143,78,2.27,4.14,221,3,93,50
21665,141,58,58,0,2.6,,58,0,36,22
21666,346,5315,4234,1081,2.7,2.14,5315,119,3355,879
21667,60,89,89,0,2.54,,89,0,29,60
21668,48,599,448,151,2.6,3.11,599,15,281,167
21669,128,73,73,0,2.04,,73,13,45,28
21671,131,368,323,45,2.23,2.13,368,19,190,133
21672,117,82,82,0,1.98,,82,0,31,51
21673,376,1197,952,245,2.45,2.17,1197,66,656,296
21675,84,35,35,0,1.77,,35,0,13,22
21676,111,238,229,9,1.45,1.67,238,5,98,131
21677,73,201,160,41,2.25,5.12,201,7,91,69
21678,203,817,758,59,1.98,2.22,817,69,447,311
21679,26,151,142,9,1.77,,151,0,61,81
21701,1094,17029,11161,5868,2.46,1.99,17029,1133,8372,2789
21702,877,17018,10962,6056,2.8,2.21,17018,991,8215,2747
21703,631,14415,9651,4764,2.8,2.58,14415,279,7902,1749
21704,106,5381,4342,1039,3.29,2.63,5381,240,3757,585
21705,,,,0,,,,0,,
21710,49,1740,1394,346,2.94,1.8,1740,32,1004,390
21711,43,497,490,7,2.15,5.0,497,0,185,305
21713,138,3799,3164,635,2.42,2.72,3799,170,2181,983
21714,33,109,109,0,2.68,,109,0,99,10
21715,,11,11,0,3.09,,11,0,11,
21716,112,2535,1974,561,2.62,2.53,2535,105,1684,290
21717,10,89,52,37,1.35,3.0,89,0,9,43
21718,2,61,43,18,2.35,1.67,61,4,35,8
21719,207,358,323,35,2.87,1.23,358,0,220,103
21722,35,2202,1854,348,2.89,2.65,2202,60,1146,708
21723,,251,235,16,3.02,,251,0,160,75
21727,103,1882,1477,405,2.61,2.29,1882,32,877,600
21733,,361,361,0,2.53,,361,0,251,110
21734,40,506,303,203,1.81,1.57,506,38,186,117
21737,,705,705,0,3.33,,705,30,561,144
21738,9,1316,1275,41,3.14,4.34,1316,0,956,319
21740,2172,24763,13203,11560,2.59,2.13,24763,3574,8399,4804
21742,728,13341,9079,4262,2.61,2.38,13341,550,6023,3056
21746,,,,0,,,,0,,
21750,201,1567,1093,474,2.29,2.69,1567,109,661,432
21754,60,2218,2117,101,3.05,3.77,2218,96,1553,564
21755,105,2017,1809,208,2.64,4.2,2017,9,1252,557
21756,83,1192,1136,56,2.59,2.05,1192,13,586,550
21757,47,1000,811,189,2.52,2.62,1000,35,511,300
21758,93,1691,1512,179,2.58,3.07,1691,48,1117,395
21762,,79,79,0,2.33,,79,0,49,30
21766,277,290,234,56,1.94,1.21,290,22,75,159
21767,108,416,208,208,1.79,1.06,416,39,108,100
21769,124,4211,3688,523,3.03,2.53,4211,78,2704,984
21770,58,2220,2163,57,3.29,2.93,2220,26,1818,345
21771,507,10602,9762,840,3.0,2.7,10602,231,7451,2311
21773,228,1875,1733,142,2.92,2.09,1875,13,1241,492
21774,14,4929,4645,284,2.9,3.44,4929,128,3855,790
21776,119,2366,2018,348,2.63,2.41,2366,29,1429,589
21777,,734,724,10,3.09,4.0,734,0,608,116
21778,43,322,294,28,2.12,2.11,322,46,152,142
21779,,583,384,199,2.87,3.3,583,14,298,86
21780,15,769,622,147,2.61,2.07,769,24,347,275
21781,,,,0,,,,0,,
21782,112,1699,1465,234,2.57,2.52,1699,45,1026,439
21783,322,3491,2807,684,2.74,3.01,3491,46,1964,843
21784,454,13094,11317,1777,2.83,2.08,13094,301,8409,2908
21787,255,4141,3260,881,2.77,1.85,4141,89,2245,1015
21788,306,4699,3917,782,2.48,2.41,4699,96,2589,1328
21790,,5,,5,,2.2,5,5,,
21791,106,1924,1562,362,2.56,2.19,1924,60,1042,520
21793,113,3994,3322,672,2.68,2.8,3994,235,2375,947
21794,,717,713,4,3.0,,717,0,574,139
21795,535,3638,2379,1259,2.65,2.14,3638,196,1558,821
21797,27,2859,2577,282,3.13,2.41,2859,58,1874,703
21798,89,875,673,202,3.01,2.99,875,6,476,197
21801,1073,11285,6114,5171,2.62,2.36,11285,1943,4335,1779
21804,1519,15264,7146,8118,2.4,2.45,15264,764,4588,2558
21810,,150,150,0,2.89,,150,0,51,99
21811,4989,10235,8238,1997,2.32,2.44,10235,415,5143,3095
21813,354,1095,956,139,2.41,2.55,1095,11,685,271
21814,57,55,55,0,3.27,,55,0,47,8
21817,622,1794,1124,670,2.36,2.11,1794,221,610,514
21821,353,369,354,15,1.95,2.8,369,16,165,189
21822,66,953,709,244,2.55,2.29,953,114,290,419
21824,53,86,72,14,1.79,,86,11,17,55
21826,191,1923,1136,787,2.9,2.74,1923,22,864,272
21829,45,163,163,0,2.24,,163,12,52,111
21830,163,1711,1471,240,2.64,2.69,1711,69,995,476
21835,,150,150,0,2.19,,150,10,52,98
21837,70,1188,972,216,2.6,2.92,1188,46,640,332
21838,290,766,699,67,2.61,1.58,766,8,450,249
21840,196,165,105,60,2.7,3.03,165,0,59,46
21841,58,427,289,138,2.6,2.41,427,19,250,39
21842,27222,5498,4084,1414,1.96,2.02,5498,434,2048,2036
21849,130,1423,1131,292,2.52,3.19,1423,47,674,457
21850,87,1364,1167,197,2.52,2.35,1364,30,838,329
21851,592,3027,1814,1213,2.41,2.4,3027,231,1015,799
21853,1333,3649,2056,1593,2.4,2.32,3649,325,1418,638
21856,149,349,256,93,2.82,2.47,349,0,122,134
21861,43,283,236,47,2.48,3.26,283,0,159,77
21862,,,,0,,,,0,,
21863,227,1836,1387,449,2.49,2.28,1836,101,938,449
21864,53,253,226,27,2.66,1.41,253,0,126,100
21865,,172,161,11,2.09,1.91,172,0,82,79
21866,44,56,56,0,1.7,,56,9,32,24
21867,46,,,0,,,,0,,
21869,172,362,319,43,2.55,4.12,362,34,173,146
21871,97,704,618,86,2.39,2.51,704,20,351,267
21872,66,212,199,13,2.68,3.08,212,14,169,30
21874,70,744,548,196,2.97,3.12,744,17,378,170
21875,277,2939,2074,865,2.4,2.4,2939,161,1283,791
21890,,,,0,,,,0,,
21901,845,6633,4953,1680,2.89,2.56,6633,438,3672,1281
21902,,73,,73,,,73,0,,
21903,443,2196,1530,666,2.73,2.22,2196,147,964,566
21904,397,2442,2163,279,2.65,2.2,2442,113,1501,662
21911,227,4074,3228,846,2.78,2.33,4074,78,2270,958
21912,,553,529,24,2.45,3.96,553,87,382,147
21913,17,382,232,150,2.56,2.28,382,2,157,75
21914,124,353,239,114,2.14,1.84,353,0,104,135
21915,257,1225,1046,179,2.37,1.58,1225,22,774,272
21917,45,617,565,52,3.15,3.13,617,31,430,135
21918,123,1611,1469,142,2.76,2.46,1611,29,1089,380
21919,1217,1398,1325,73,2.46,1.74,1398,33,894,431
21920,,278,239,39,3.55,1.56,278,7,180,59
21921,1362,16825,11754,5071,2.65,2.52,16825,1050,8286,3468
21930,58,12,12,0,2.0,,12,0,12,
22003,612,19077,13245,5832,2.91,3.4,19077,952,8978,4267
22015,264,15023,12486,2537,2.96,3.25,15023,322,9707,2779
22025,240,6453,5299,1154,2.94,3.45,6453,60,4074,1225
22026,315,5644,4026,1618,3.49,2.97,5644,75,3516,510
22027,12,665,596,69,3.06,2.57,665,0,488,108
22030,450,21246,12112,9134,2.85,2.23,21246,883,9277,2835
22031,752,14272,7145,7127,2.6,2.36,14272,771,5104,2041
22032,237,9911,8423,1488,3.06,2.88,9911,527,6458,1965
22033,634,15389,9663,5726,2.7,2.17,15389,454,7418,2245
22035,,,,0,,,,0,,
22039,26,5718,5507,211,3.04,4.34,5718,34,3922,1585
22041,473,11098,5513,5585,2.25,2.92,11098,1068,3662,1851
22042,501,12180,7812,4368,2.75,3.08,12180,464,5849,1963
22043,683,9467,5976,3491,2.64,2.58,9467,590,4165,1811
22044,263,5275,2497,2778,2.58,2.64,5275,667,1519,978
22046,314,6886,4659,2227,2.78,2.44,6886,310,3512,1147
22060,463,2542,211,2331,3.62,3.5,2542,134,148,63
22066,213,5587,5307,280,2.99,3.33,5587,71,3624,1683
22079,636,11933,8947,2986,3.19,3.06,11933,397,7288,1659
22101,645,10656,9043,1613,2.93,2.62,10656,398,5895,3148
22102,1082,12387,6000,6387,2.47,2.02,12387,691,3971,2029
22124,133,6553,5707,846,2.82,2.44,6553,127,4316,1391
22125,43,462,321,141,2.11,1.4,462,23,283,38
22134,163,1316,62,1254,3.24,2.73,1316,127,34,28
22150,229,9540,6017,3523,3.24,2.43,9540,840,4297,1720
22151,322,5548,4618,930,3.1,3.23,5548,94,3040,1578
22152,266,9817,8001,1816,2.99,3.39,9817,286,5809,2192
22153,192,10817,9806,1011,2.95,3.37,10817,115,7733,2073
22172,326,3624,2228,1396,3.85,2.44,3624,198,1732,496
22180,557,9295,6636,2659,2.84,2.59,9295,525,5035,1601
22181,134,5736,4880,856,2.73,2.71,5736,153,3724,1156
22182,198,9729,7235,2494,2.9,2.45,9729,297,5139,2096
22191,1724,24324,14866,9458,3.24,2.57,24324,543,11841,3025
22192,764,20229,15042,5187,2.98,2.83,20229,341,11919,3123
22193,601,24613,19946,4667,3.42,3.3,24613,617,16452,3494
22201,1236,19946,6256,13690,2.22,1.81,19946,3390,4567,1689
22202,2310,15178,3190,11988,1.99,1.69,15178,3282,2149,1041
22203,998,12946,4307,8639,2.18,1.77,12946,3114,2998,1309
22204,918,22847,9496,13351,2.43,2.26,22847,2321,7550,1946
22205,88,6835,5465,1370,2.82,2.31,6835,371,3895,1570
22206,964,10794,4667,6127,1.87,2.01,10794,555,3729,938
22207,388,12014,9632,2382,2.86,2.32,12014,473,7006,2626
22209,1159,7584,2407,5177,1.54,1.72,7584,1696,1345,1062
22211,8,47,,47,,2.7,47,0,,
22213,10,1719,1113,606,2.78,2.03,1719,0,834,279
22214,,,,0,,,,0,,
22301,240,6242,3499,2743,2.65,1.85,6242,400,2892,607
22302,707,8661,5102,3559,1.98,2.14,8661,571,4004,1098
22303,538,7950,3741,4209,2.32,1.84,7950,633,2661,1080
22304,1868,23148,9217,13931,2.13,2.16,23148,2441,6840,2377
22305,401,7444,2684,4760,2.54,2.22,7444,1417,2166,518
22306,547,11305,5624,5681,2.72,3.17,11305,1109,4083,1541
22307,225,4533,3454,1079,2.45,1.52,4533,430,2711,743
22308,100,4675,4309,366,2.78,3.04,4675,52,3210,1099
22309,732,12560,8505,4055,2.89,2.88,12560,1053,6560,1945
22310,245,10751,8198,2553,2.88,2.23,10751,307,6537,1661
22311,784,8354,1690,6664,2.07,2.36,8354,1110,1308,382
22312,964,10482,5427,5055,2.47,2.75,10482,847,4022,1405
22314,1620,18846,8979,9867,1.9,1.8,18846,1988,6604,2375
22315,358,11514,8584,2930,2.68,2.39,11514,299,6722,1862
22401,763,11154,4345,6809,2.54,2.13,11154,1015,3126,1219
22405,730,11665,9425,2240,3.03,2.69,11665,218,7253,2172
22406,357,9151,6766,2385,2.92,2.36,9151,198,5269,1497
22407,1045,20866,15766,5100,2.92,2.91,20866,620,12641,3125
22408,345,11548,8738,2810,2.72,2.4,11548,314,6627,2111
22427,143,1387,853,534,2.51,2.15,1387,195,561,292
22432,149,87,58,29,,2.07,87,0,,58
22433,,78,78,0,2.51,,78,0,78,
22435,419,888,801,87,2.63,2.56,888,49,458,343
22436,58,313,290,23,2.53,2.96,313,0,185,105
22437,188,278,211,67,2.51,3.97,278,0,81,130
22438,21,107,82,25,2.35,4.48,107,10,28,54
22443,1104,4296,3292,1004,2.31,2.33,4296,238,2110,1182
22448,23,181,,181,,3.04,181,0,,
22454,429,745,472,273,2.6,2.66,745,0,260,212
22460,292,674,586,88,2.38,1.89,674,10,328,258
22469,649,1050,821,229,2.4,1.75,1050,22,438,383
22472,,,,0,,,,0,,
22473,1759,2224,2076,148,2.37,3.44,2224,122,888,1188
22476,52,105,105,0,1.3,,105,0,55,50
22480,187,420,248,172,1.97,1.31,420,7,152,96
22482,511,1591,1097,494,1.84,2.07,1591,129,487,610
22485,780,9264,7076,2188,2.85,2.56,9264,170,5133,1943
22488,329,200,145,55,2.89,1.67,200,14,20,125
22503,1102,1751,1521,230,1.98,3.74,1751,73,884,637
22504,33,112,93,19,2.78,1.58,112,0,60,33
22508,469,5723,5537,186,2.59,2.88,5723,16,3882,1655
22509,,50,39,11,1.79,,50,11,8,31
22511,339,543,523,20,1.93,3.8,543,52,217,306
22514,107,898,745,153,2.68,1.78,898,25,503,242
22520,1033,1919,1442,477,2.36,2.19,1919,126,728,714
22529,48,12,12,0,3.17,,12,0,12,
22534,33,974,852,122,3.37,3.99,974,14,691,161
22535,41,188,138,50,2.41,1.78,188,7,92,46
22538,,92,92,0,1.79,,92,0,,92
22539,880,926,821,105,2.37,2.61,926,0,428,393
22542,30,808,752,56,2.67,1.43,808,22,577,175
22546,800,6021,5059,962,2.66,3.12,6021,183,3807,1252
22548,,38,38,0,,,38,0,,38
22551,722,7022,6113,909,2.96,2.84,7022,212,4341,1772
22553,310,5462,4266,1196,3.08,3.08,5462,113,3243,1023
22554,1038,18963,14785,4178,3.13,2.82,18963,306,11931,2854
22556,353,9750,7734,2016,3.37,3.24,9750,164,6358,1376
22560,664,2690,1674,1016,2.45,2.27,2690,159,922,752
22567,208,1055,841,214,2.61,3.98,1055,30,635,206
22572,838,2388,1395,993,2.87,2.18,2388,190,678,717
22576,201,751,675,76,2.17,1.68,751,18,241,434
22578,606,1250,1029,221,2.23,1.76,1250,19,514,515
22580,167,2108,1716,392,2.63,2.83,2108,114,1061,655
22601,1336,11474,5304,6170,2.59,2.31,11474,908,3359,1945
22602,727,10993,8623,2370,2.84,2.83,10993,274,6052,2571
22603,599,6360,4418,1942,2.68,1.8,6360,507,2431,1987
22610,79,706,663,43,2.46,2.0,706,0,399,264
22611,222,3345,2399,946,2.86,2.26,3345,96,1861,538
22620,177,969,856,113,2.66,2.83,969,2,554,302
22623,17,267,203,64,3.22,3.61,267,8,145,58
22624,,1001,842,159,3.49,2.02,1001,0,549,293
22625,213,1307,1165,142,2.66,2.74,1307,50,842,323
22627,131,281,224,57,2.32,4.25,281,0,89,135
22630,1178,12843,9359,3484,2.62,2.54,12843,825,6774,2585
22637,131,935,641,294,3.0,1.49,935,34,424,217
22639,6,249,202,47,2.24,3.68,249,8,89,113
22640,131,176,81,95,1.42,3.87,176,15,56,25
22641,38,101,89,12,2.3,,101,0,40,49
22642,417,1692,1405,287,2.46,3.3,1692,10,1168,237
22643,26,117,117,0,1.78,,117,0,49,68
22644,163,1023,882,141,2.32,2.84,1023,64,539,343
22645,152,1672,1258,414,2.72,2.46,1672,69,762,496
22646,24,13,13,0,2.08,,13,0,,13
22650,204,346,338,8,2.07,,346,0,193,145
22652,181,575,518,57,2.47,1.61,575,0,411,107
22654,178,395,372,23,2.37,,395,0,179,193
22655,561,7835,5664,2171,2.93,2.69,7835,177,4262,1402
22656,,1644,1425,219,2.82,2.0,1644,111,933,492
22657,356,4220,3159,1061,2.75,2.31,4220,161,2063,1096
22660,125,640,521,119,2.63,2.07,640,28,323,198
22663,89,403,313,90,2.06,3.18,403,19,83,230
22664,419,3677,2118,1559,2.48,2.79,3677,197,1160,958
22701,898,12505,8467,4038,2.85,2.68,12505,465,6391,2076
22709,,433,335,98,2.75,3.44,433,28,254,81
22711,,15,,15,,,15,0,,
22712,137,2893,2233,660,3.1,2.92,2893,143,1691,542
22713,15,607,443,164,2.65,3.59,607,0,318,125
22714,28,320,235,85,3.53,1.59,320,0,152,83
22715,,586,553,33,2.5,5.79,586,0,304,249
22716,77,449,432,17,2.1,7.0,449,0,371,61
22718,44,293,232,61,2.61,1.95,293,10,93,139
22719,54,79,70,9,1.93,,79,0,58,12
22720,59,296,279,17,3.6,1.47,296,6,183,96
22722,,199,199,0,2.64,,199,20,166,33
22723,,71,71,0,1.25,,71,0,,71
22724,37,764,659,105,3.18,1.88,764,0,472,187
22725,,16,16,0,4.38,,16,0,16,
22726,25,352,251,101,2.53,2.55,352,0,169,82
22727,316,2205,1709,496,2.59,2.6,2205,51,1053,656
22728,216,1178,954,224,2.67,2.44,1178,20,583,371
22729,70,80,55,25,2.18,,80,0,28,27
22730,38,27,14,13,5.36,2.15,27,0,14,
22731,14,78,78,0,4.31,,78,0,78,
22732,,86,86,0,2.16,,86,0,73,13
22733,76,511,387,124,3.13,2.35,511,0,281,106
22734,97,1286,809,477,2.86,3.22,1286,47,583,226
22735,182,792,704,88,2.79,3.76,792,0,448,256
22736,,241,232,9,3.13,,241,0,169,63
22737,74,1080,1005,75,3.11,4.28,1080,44,743,262
22738,61,472,402,70,2.9,2.13,472,11,254,148
22740,295,358,244,114,2.0,2.35,358,8,92,152
22741,26,77,77,0,3.01,,77,0,65,12
22742,18,529,432,97,2.4,2.89,529,8,345,87
22743,33,96,87,9,3.25,,96,9,17,70
22746,12,102,102,0,6.14,,102,0,90,12
22747,226,481,334,147,2.47,2.43,481,15,181,153
22749,19,80,50,30,1.68,3.03,80,0,24,26
22801,1318,13938,6479,7459,2.45,2.79,13938,789,3789,2690
22802,752,11031,5819,5212,2.81,2.51,11031,815,3450,2369
22807,,1,,1,,25.0,1,0,,
22810,808,279,271,8,2.11,4.13,279,7,200,71
22811,44,222,143,79,2.62,2.06,222,0,68,75
22812,213,3200,2191,1009,2.69,2.06,3200,354,1293,898
22815,364,3392,2452,940,2.68,2.66,3392,147,1546,906
22820,45,100,85,15,2.08,4.73,100,0,4,81
22821,136,2190,1758,432,2.72,2.26,2190,179,928,830
22824,348,2551,1997,554,2.49,2.61,2551,78,1073,924
22827,386,4376,3441,935,2.39,2.31,4376,165,1659,1782
22830,123,741,651,90,2.76,3.18,741,22,377,274
22831,26,304,244,60,2.86,2.53,304,9,143,101
22832,25,390,368,22,2.79,,390,8,204,164
22834,21,452,375,77,2.89,3.86,452,0,254,121
22835,1328,4986,3415,1571,2.47,2.09,4986,466,1617,1798
22840,1784,1867,1597,270,2.53,2.44,1867,27,945,652
22841,60,1240,933,307,2.7,2.5,1240,37,393,540
22842,845,2102,1608,494,2.73,2.62,2102,115,880,728
22843,81,987,807,180,2.71,2.16,987,28,400,407
22844,173,2171,1315,856,2.37,1.87,2171,163,803,512
22845,52,58,58,0,,,58,0,,58
22846,25,643,551,92,3.11,3.68,643,0,371,180
22847,47,265,181,84,2.06,2.86,265,3,124,57
22849,482,1833,1401,432,2.66,3.32,1833,154,766,635
22850,122,472,402,70,3.06,2.87,472,8,168,234
22851,348,2098,1405,693,2.48,3.32,2098,104,698,707
22853,141,1792,1299,493,2.66,3.41,1792,109,742,557
22901,1102,15900,8911,6989,2.36,2.06,15900,1023,5446,3465
22902,838,11099,5705,5394,2.45,2.01,11099,1044,3759,1946
22903,1646,15466,6079,9387,2.37,2.39,15466,1390,4125,1954
22904,,26,,26,,2.81,26,0,,
22908,,,,0,,,,0,,
22911,360,7377,5154,2223,2.67,2.02,7377,389,3668,1486
22920,417,1727,1376,351,2.21,2.05,1727,28,913,463
22922,63,892,813,79,2.68,1.84,892,76,609,204
22923,206,2581,1697,884,2.49,2.35,2581,28,1269,428
22931,26,93,65,28,2.18,2.86,93,0,32,33
22932,673,2979,2499,480,2.61,1.97,2979,120,1667,832
22935,131,285,285,0,2.29,,285,16,65,220
22936,67,2185,1963,222,2.89,2.94,2185,36,1209,754
22937,79,832,741,91,2.85,1.2,832,8,499,242
22938,97,383,299,84,2.41,2.5,383,49,199,100
22939,183,2411,1746,665,2.49,1.97,2411,244,1294,452
22940,79,371,341,30,2.97,,371,0,196,145
22942,794,3905,2918,987,2.63,2.18,3905,119,2180,738
22943,77,222,157,65,2.93,2.05,222,13,82,75
22946,13,55,55,0,3.11,,55,0,29,26
22947,261,2101,1758,343,2.32,1.78,2101,9,908,850
22948,,62,62,0,2.03,,62,0,13,49
22949,178,576,275,301,1.94,1.54,576,75,180,95
22952,89,609,560,49,2.62,1.88,609,0,413,147
22957,,,,0,,,,0,,
22958,2071,965,871,94,2.08,1.11,965,0,464,407
22959,132,680,571,109,2.65,1.8,680,0,339,232
22960,535,3821,2368,1453,2.68,2.51,3821,303,1386,982
22963,596,6334,5816,518,2.56,2.51,6334,112,4141,1675
22964,45,138,77,61,2.96,2.8,138,0,43,34
22967,420,873,614,259,2.5,3.41,873,77,334,280
22968,71,3678,3044,634,2.81,3.55,3678,118,2023,1021
22969,132,636,503,133,2.99,4.28,636,4,252,251
22971,278,736,564,172,3.38,2.44,736,23,350,214
22972,42,189,127,62,1.5,2.71,189,0,20,107
22973,722,2570,2046,524,2.41,2.39,2570,129,1112,934
22974,141,1282,1099,183,2.86,2.14,1282,63,743,356
22976,93,116,98,18,3.38,,116,0,46,52
22980,940,13645,9237,4408,2.47,2.15,13645,762,5922,3315
22989,,29,,29,,2.31,29,0,,
23002,349,4172,3388,784,2.36,3.11,4172,153,2010,1378
23004,71,466,378,88,2.12,3.57,466,0,177,201
23005,513,6540,4730,1810,2.61,2.59,6540,266,3095,1635
23009,97,2763,2488,275,2.76,2.78,2763,101,1813,675
23011,64,390,283,107,2.18,1.19,390,0,283,
23015,263,1639,1566,73,2.76,2.85,1639,69,935,631
23021,,12,12,0,3.17,,12,0,12,
23022,20,461,350,111,3.03,1.74,461,35,244,106
23023,22,115,108,7,2.85,,115,0,60,48
23024,1046,3897,3396,501,2.57,1.95,3897,177,2447,949
23025,144,382,329,53,1.96,2.17,382,6,75,254
23027,86,500,432,68,3.13,3.57,500,29,201,231
23030,224,1896,1568,328,2.3,2.52,1896,132,817,751
23032,13,97,86,11,1.91,,97,8,38,48
23035,343,605,580,25,2.32,5.32,605,0,361,219
23038,372,763,648,115,2.18,2.74,763,15,334,314
23039,80,499,499,0,2.48,,499,5,319,180
23040,219,1776,1268,508,2.28,2.11,1776,26,632,636
23043,720,737,597,140,1.99,3.21,737,0,294,303
23045,,33,33,0,2.06,,33,0,,33
23047,254,684,609,75,2.47,2.44,684,45,270,339
23050,,246,246,0,2.02,,246,0,98,148
23055,189,413,190,223,2.17,1.69,413,0,107,83
23056,136,56,27,29,2.3,1.66,56,0,12,15
23059,525,14897,11494,3403,2.91,2.21,14897,513,8608,2886
23060,707,13655,10888,2767,2.68,2.36,13655,312,8290,2598
23061,1328,8502,7174,1328,2.61,2.64,8502,296,4880,2294
23062,94,953,620,333,3.23,1.65,953,27,448,172
23063,233,1637,1305,332,2.53,2.64,1637,52,801,504
23065,10,590,538,52,2.49,2.56,590,25,296,242
23066,319,348,229,119,1.77,2.61,348,0,122,107
23068,43,109,109,0,1.24,,109,0,109,
23069,119,1115,1021,94,2.38,1.97,1115,0,654,367
23070,23,345,326,19,1.87,3.21,345,0,173,153
23071,398,774,698,76,2.27,3.11,774,42,451,247
23072,599,4879,3672,1207,2.68,2.1,4879,57,2460,1212
23075,395,3680,2062,1618,2.27,2.47,3680,395,1446,616
23076,168,181,167,14,1.41,4.86,181,0,141,26
23079,57,151,125,26,2.88,3.77,151,0,64,61
23081,,,,0,,,,0,,
23083,116,850,771,79,2.76,2.73,850,68,242,529
23084,46,600,469,131,2.12,2.93,600,24,284,185
23085,59,176,176,0,3.31,,176,0,128,48
23086,188,1323,1148,175,2.65,2.31,1323,32,863,285
23089,179,2227,1779,448,2.15,2.83,2227,47,1060,719
23091,47,195,106,89,1.65,3.52,195,14,56,50
23092,92,370,346,24,1.64,,370,42,97,249
23093,748,5197,3825,1372,2.66,2.57,5197,310,2392,1433
23102,57,1246,1120,126,2.78,2.36,1246,11,759,361
23103,108,2570,2386,184,2.48,2.36,2570,69,1530,856
23106,63,473,460,13,2.68,,473,17,311,149
23108,,31,26,5,1.73,2.2,31,0,26,
23109,150,937,718,219,3.14,2.68,937,12,310,408
23110,33,409,351,58,1.84,3.41,409,33,198,153
23111,777,14693,11603,3090,2.59,2.26,14693,659,8067,3536
23112,608,20264,16025,4239,2.75,2.44,20264,488,12365,3660
23113,439,9761,8235,1526,2.74,2.05,9761,266,5735,2500
23114,413,7999,6397,1602,2.75,2.24,7999,287,4935,1462
23116,397,11283,10007,1276,2.93,2.76,11283,180,7340,2667
23117,1485,3843,3370,473,2.74,2.62,3843,139,2221,1149
23119,96,39,39,0,2.72,,39,0,39,
23120,103,4460,4295,165,3.12,3.24,4460,42,3330,965
23123,143,656,382,274,3.02,2.87,656,56,245,137
23124,109,1804,1764,40,2.69,3.63,1804,0,1197,567
23126,9,214,202,12,2.57,2.25,214,7,170,32
23128,16,161,107,54,1.55,1.65,161,0,41,66
23129,,182,155,27,2.15,2.48,182,0,115,40
23130,81,62,62,0,1.89,,62,0,22,40
23138,400,397,346,51,2.24,2.82,397,0,119,227
23139,661,9802,8879,923,2.69,2.11,9802,124,6147,2732
23140,146,2698,2408,290,2.61,3.02,2698,87,1649,759
23141,280,2583,2343,240,2.7,2.66,2583,57,1800,543
23146,77,1203,1124,79,2.75,2.92,1203,0,767,357
23147,,,,0,,,,0,,
23148,107,599,523,76,1.95,4.0,599,11,290,233
23149,248,1041,755,286,2.11,2.76,1041,78,389,366
23150,259,5218,3755,1463,2.4,2.33,5218,306,2502,1253
23153,30,516,460,56,2.74,1.73,516,11,365,95
23156,275,572,496,76,2.14,4.3,572,35,230,266
23160,,,,0,,,,0,,
23161,46,38,,38,,2.61,38,0,,
23163,48,46,46,0,3.3,,46,0,46,
23168,148,3028,2670,358,2.84,2.5,3028,117,1995,675
23169,268,426,401,25,2.56,1.64,426,39,200,201
23173,,,,0,,,,0,,
23175,468,812,580,232,2.34,1.74,812,8,269,311
23176,200,160,160,0,2.23,,160,13,97,63
23177,29,316,204,112,1.97,2.73,316,29,131,73
23180,127,236,184,52,2.51,4.37,236,5,71,113
23181,289,2134,1730,404,2.47,2.44,2134,64,1137,593
23185,4120,18682,13317,5365,2.61,2.3,18682,1008,8951,4366
23188,2154,17190,12671,4519,2.57,2.42,17190,613,8579,4092
23192,102,2404,2096,308,2.7,3.27,2404,0,1504,592
23219,430,3003,223,2780,1.61,1.38,3003,918,162,61
23220,1924,14099,4792,9307,2.24,2.12,14099,2604,3529,1263
23221,368,7419,3812,3607,2.13,1.71,7419,354,2656,1156
23222,1277,10789,5680,5109,2.56,2.68,10789,1626,4145,1535
23223,2464,23486,10509,12977,2.39,2.18,23486,3689,7983,2526
23224,1570,15987,5734,10253,2.2,2.51,15987,2448,4251,1483
23225,2243,18722,9187,9535,2.35,2.09,18722,1420,6835,2352
23226,559,7328,5752,1576,2.12,2.33,7328,123,3801,1951
23227,1440,11870,6466,5404,2.4,1.86,11870,2081,5021,1445
23228,1070,14990,7873,7117,2.36,2.25,14990,737,5875,1998
23229,564,13451,9409,4042,2.65,2.61,13451,541,6409,3000
23230,364,3794,1457,2337,2.16,1.77,3794,488,1055,402
23231,1007,15307,10507,4800,2.43,2.31,15307,1212,7831,2676
23233,559,12401,7859,4542,2.79,1.95,12401,438,5853,2006
23234,1161,16124,8826,7298,2.84,2.78,16124,1085,6513,2313
23235,586,13977,9839,4138,2.43,2.24,13977,451,6809,3030
23236,297,10247,8967,1280,2.48,2.83,10247,234,6537,2430
23237,360,9091,5992,3099,2.87,3.46,9091,413,4129,1863
23238,782,11388,7019,4369,2.5,2.07,11388,728,4494,2525
23250,,,,0,,,,0,,
23284,,7,,7,,,7,0,,
23294,459,8260,2985,5275,2.47,2.23,8260,308,1948,1037
23298,,,,0,,,,0,,
23301,269,753,410,343,2.68,2.81,753,63,148,262
23302,,,,0,,,,0,,
23303,,163,107,56,3.33,,163,56,74,33
23304,,,,0,,,,0,,
23306,133,442,235,207,2.21,2.04,442,7,137,98
23307,45,236,132,104,1.8,2.5,236,48,87,45
23308,142,831,533,298,2.96,2.62,831,105,302,231
23310,1086,2323,1385,938,2.34,2.19,2323,179,690,695
23314,303,3629,2566,1063,2.75,2.41,3629,125,1920,646
23315,54,617,514,103,2.08,2.4,617,10,294,220
23316,12,32,23,9,2.7,1.56,32,0,9,14
23320,1196,24387,15254,9133,2.56,2.25,24387,819,11660,3594
23321,768,13815,10615,3200,2.84,2.54,13815,542,7839,2776
23322,728,21294,18678,2616,2.92,2.75,21294,541,14173,4505
23323,510,14236,11486,2750,2.93,2.83,14236,258,9238,2248
23324,1051,8492,4349,4143,2.77,2.71,8492,1135,3014,1335
23325,369,7297,4696,2601,2.59,2.42,7297,582,3395,1301
23336,2633,1908,1412,496,1.71,1.74,1908,157,575,837
23337,141,284,142,142,2.02,2.33,284,22,61,81
23347,114,274,158,116,2.59,2.5,274,0,62,96
23350,467,1485,867,618,2.13,2.47,1485,172,454,413
23354,48,100,100,0,2.3,,100,0,51,49
23356,635,541,464,77,2.7,2.99,541,21,349,115
23357,75,186,118,68,2.07,5.4,186,0,77,41
23358,47,54,54,0,2.31,,54,0,10,44
23359,56,344,320,24,2.58,2.58,344,7,91,229
23389,,58,58,0,3.48,,58,0,58,
23395,853,215,215,0,2.04,,215,0,15,200
23398,,12,5,7,2.4,2.57,12,0,5,
23401,25,114,60,54,1.82,2.85,114,20,6,54
23405,132,445,430,15,2.19,1.8,445,0,332,98
23407,,193,133,60,3.48,3.13,193,0,50,83
23408,,10,10,0,,,10,0,,10
23409,18,60,54,6,2.48,,60,11,33,21
23410,169,712,435,277,2.61,2.46,712,7,240,195
23413,133,347,192,155,2.45,1.83,347,65,124,68
23414,,57,,57,,1.63,57,57,,
23415,156,757,478,279,2.16,3.21,757,0,241,237
23416,60,42,16,26,1.19,,42,26,,16
23417,630,1850,1296,554,1.81,2.01,1850,84,571,725
23418,187,381,242,139,1.85,3.09,381,8,176,66
23420,303,1106,582,524,2.38,2.64,1106,203,248,334
23421,372,1699,1007,692,2.12,2.61,1699,228,608,399
23422,30,107,83,24,2.22,1.96,107,0,44,39
23423,79,116,50,66,2.74,2.45,116,0,21,29
23426,36,27,20,7,1.65,2.43,27,0,13,7
23427,118,116,105,11,2.22,1.73,116,2,53,52
23430,526,7088,5806,1282,2.57,2.19,7088,391,4029,1777
23432,95,533,502,31,2.46,1.32,533,17,384,118
23433,49,501,473,28,2.57,1.43,501,0,239,234
23434,1967,18960,12550,6410,2.68,2.55,18960,1376,9147,3403
23435,591,12175,8411,3764,2.77,2.52,12175,567,6758,1653
23436,25,355,349,6,2.82,2.0,355,0,261,88
23437,19,1938,1592,346,2.43,2.15,1938,24,1127,465
23438,26,679,596,83,2.34,3.43,679,9,402,194
23440,49,216,204,12,1.93,1.42,216,137,43,161
23441,40,,,0,,,,0,,
23442,61,447,352,95,2.19,2.79,447,0,144,208
23451,3647,20835,11007,9828,2.12,2.05,20835,1278,7339,3668
23452,1136,22182,13408,8774,2.66,2.37,22182,662,9762,3646
23453,583,12647,8957,3690,2.81,2.71,12647,1001,7440,1517
23454,851,23165,15096,8069,2.55,2.36,23165,1025,10857,4239
23455,1539,20801,12588,8213,2.41,2.27,20801,1100,8548,4040
23456,1845,19965,17691,2274,2.96,2.95,19965,202,14572,3119
23457,75,1635,1441,194,2.97,2.1,1635,14,1062,379
23459,,,,0,,,,0,,
23460,,,,0,,,,0,,
23461,,,,0,,,,0,,
23462,1475,27278,14686,12592,2.44,2.45,27278,1288,11508,3178
23464,990,28538,20124,8414,2.72,2.59,28538,1061,15672,4452
23480,92,156,144,12,1.87,2.08,156,13,64,80
23486,25,28,16,12,,2.67,28,16,16,
23487,320,2330,1834,496,2.59,2.43,2330,53,1001,833
23488,100,217,134,83,1.52,2.43,217,0,,134
23502,498,8280,4330,3950,2.44,2.24,8280,761,3339,991
23503,994,13999,6129,7870,2.35,2.02,13999,1221,4452,1677
23504,1069,8379,2744,5635,2.53,2.43,8379,2226,2256,488
23505,1233,12286,4003,8283,2.28,2.28,12286,1521,2907,1096
23507,215,3313,1380,1933,2.32,1.57,3313,175,896,484
23508,602,6691,3069,3622,2.46,2.42,6691,593,2474,595
23509,572,5241,3114,2127,2.59,2.14,5241,390,2343,771
23510,307,4633,896,3737,1.58,1.72,4633,685,524,372
23511,4,326,,326,,3.54,326,0,,
23513,919,12009,6429,5580,2.54,2.48,12009,1510,4401,2028
23517,168,2414,538,1876,2.28,1.57,2414,363,399,139
23518,1017,12542,6898,5644,2.35,2.2,12542,740,5015,1883
23523,472,2764,909,1855,2.76,2.34,2764,758,674,235
23551,,,,0,,,,0,,
23601,955,11663,6119,5544,2.33,2.05,11663,1176,4339,1780
23602,902,17737,9080,8657,2.37,2.25,17737,960,6514,2566
23603,234,1439,865,574,2.43,2.63,1439,33,712,153
23604,106,773,12,761,,3.67,773,14,,12
23605,720,6393,2755,3638,2.41,1.98,6393,669,2072,683
23606,831,11873,5457,6416,2.41,2.11,11873,1092,3310,2147
23607,1511,9521,2766,6755,2.29,2.43,9521,2837,1583,1183
23608,1349,16889,8897,7992,2.69,2.43,16889,1378,6665,2232
23651,7,242,,242,,1.82,242,29,,
23661,534,5868,4056,1812,2.2,2.58,5868,430,3049,1007
23662,289,4617,3782,835,2.73,2.41,4617,116,2693,1089
23663,581,5424,2820,2604,2.46,2.63,5424,576,1847,973
23664,428,4550,3102,1448,2.25,2.15,4550,179,2008,1094
23665,67,1610,67,1543,2.61,3.45,1610,84,38,29
23666,1711,23074,11868,11206,2.5,2.09,23074,1389,8660,3208
23667,,,,0,,,,0,,
23668,,,,0,,,,0,,
23669,1699,16342,9556,6786,2.46,2.09,16342,1999,6310,3246
23681,,,,0,,,,0,,
23690,93,1535,1176,359,2.98,1.88,1535,118,926,250
23691,,15,,15,,4.47,15,0,,
23692,253,7303,5989,1314,2.51,2.68,7303,88,4103,1886
23693,164,8791,6284,2507,2.76,2.51,8791,194,4531,1753
23696,94,1321,1152,169,2.97,3.21,1321,30,811,341
23701,969,9518,6178,3340,2.32,2.82,9518,806,3950,2228
23702,451,4832,2174,2658,2.49,2.55,4832,475,1566,608
23703,1021,9836,6694,3142,2.68,2.61,9836,411,4912,1782
23704,1116,8037,2907,5130,2.45,2.05,8037,1685,2062,845
23707,824,6325,3510,2815,2.17,2.24,6325,896,2453,1057
23708,,5,,5,,,5,0,,
23709,,,,0,,,,0,,
23801,92,1470,3,1467,6.0,3.92,1470,50,,3
23803,3411,16379,8185,8194,2.53,2.23,16379,2256,5521,2664
23805,841,8282,4533,3749,2.75,2.23,8282,567,3297,1236
23821,316,722,565,157,2.33,3.17,722,61,247,318
23824,583,2583,1754,829,2.6,2.4,2583,108,965,789
23827,120,441,269,172,2.92,2.36,441,79,186,83
23828,68,261,247,14,2.82,1.07,261,0,141,106
23829,97,500,445,55,2.16,2.05,500,7,323,122
23830,13,533,503,30,2.74,,533,0,283,220
23831,504,13744,10138,3606,2.69,2.43,13744,433,7417,2721
23832,306,13025,11345,1680,2.92,3.1,13025,169,8770,2575
23833,45,835,726,109,2.67,1.64,835,30,496,230
23834,884,10925,7543,3382,2.6,2.29,10925,609,5045,2498
23836,231,5272,3657,1615,2.81,2.22,5272,10,2683,974
23837,55,1773,1298,475,2.62,2.42,1773,92,734,564
23838,149,5777,5542,235,2.84,3.16,5777,76,3921,1621
23839,92,314,237,77,2.98,2.81,314,33,178,59
23840,80,755,650,105,2.65,2.54,755,62,366,284
23841,157,1328,1112,216,2.49,3.7,1328,58,783,329
23842,352,2664,2407,257,2.76,2.81,2664,180,1466,941
23843,41,258,221,37,1.67,1.35,258,0,59,162
23844,86,201,142,59,2.46,4.42,201,0,69,73
23845,80,166,116,50,1.64,1.64,166,13,84,32
23846,39,340,266,74,1.8,3.53,340,0,179,87
23847,1381,5094,3010,2084,2.32,3.17,5094,713,1454,1556
23850,156,510,497,13,2.5,,510,0,295,202
23851,800,5350,3139,2211,2.36,2.46,5350,543,1761,1378
23856,169,404,272,132,1.96,2.52,404,0,114,158
23857,43,140,70,70,2.76,2.67,140,0,49,21
23860,1214,10877,5906,4971,2.48,2.71,10877,938,3997,1909
23866,141,744,535,209,2.08,3.4,744,6,250,285
23867,244,857,617,240,2.06,2.08,857,25,297,320
23868,452,1948,1266,682,2.36,2.67,1948,250,677,589
23870,,,,0,,,,0,,
23872,243,943,730,213,2.52,3.11,943,43,320,410
23874,126,402,333,69,2.02,1.48,402,25,118,215
23875,193,4711,3313,1398,2.74,2.82,4711,148,2355,958
23876,,86,77,9,2.14,,86,9,32,45
23878,,646,581,65,2.54,2.38,646,64,337,244
23879,67,253,115,138,2.05,2.09,253,0,68,47
23881,256,867,587,280,2.34,2.34,867,53,383,204
23882,153,688,573,115,2.32,2.75,688,52,329,244
23883,180,790,606,184,2.59,2.05,790,9,411,195
23884,,,,0,,,,0,,
23885,153,1033,929,104,2.44,2.36,1033,13,666,263
23887,321,269,219,50,1.79,,269,0,155,64
23888,180,867,596,271,2.6,2.82,867,90,316,280
23889,52,229,183,46,1.4,4.35,229,37,123,60
23890,428,1645,1179,466,2.73,3.16,1645,133,673,506
23891,,,,0,,,,0,,
23893,55,182,172,10,2.4,5.5,182,0,113,59
23894,75,143,108,35,2.93,2.49,143,0,78,30
23897,48,325,210,115,1.7,3.52,325,67,40,170
23898,,1078,810,268,3.06,1.32,1078,0,560,250
23899,54,204,179,25,1.89,2.56,204,45,56,123
23901,1364,5634,3457,2177,2.56,1.84,5634,637,2207,1250
23909,,,,0,,,,0,,
23915,137,402,276,126,3.47,2.48,402,9,135,141
23917,732,1068,865,203,2.59,2.91,1068,95,483,382
23919,1974,865,735,130,1.91,3.46,865,0,457,278
23920,338,1285,1142,143,2.29,2.27,1285,86,622,520
23921,259,813,594,219,2.51,2.43,813,66,212,382
23922,263,808,587,221,2.49,3.27,808,17,290,297
23923,244,1009,744,265,2.14,2.95,1009,67,328,416
23924,774,2520,1939,581,2.39,2.12,2520,215,942,997
23927,1502,1983,1536,447,2.07,2.25,1983,85,700,836
23930,471,2193,1632,561,2.36,2.85,2193,235,922,710
23934,,243,175,68,2.11,2.6,243,12,43,132
23936,498,2015,1545,470,2.36,2.26,2015,172,680,865
23937,194,805,552,253,2.73,2.81,805,94,211,341
23938,8,102,102,0,1.75,,102,0,46,56
23942,69,521,399,122,3.01,1.25,521,23,118,281
23943,50,,,0,,,,0,,
23944,574,1315,870,445,2.56,2.88,1315,109,359,511
23947,551,1486,857,629,2.66,2.07,1486,133,346,511
23950,461,1303,826,477,2.62,2.67,1303,87,348,478
23952,30,65,65,0,3.06,,65,0,40,25
23954,181,925,537,388,2.8,2.38,925,18,321,216
23955,,9,9,0,1.78,,9,0,9,
23958,343,996,782,214,2.42,3.61,996,53,395,387
23959,135,489,387,102,2.47,3.27,489,4,134,253
23960,196,764,572,192,2.66,1.89,764,23,439,133
23962,107,180,163,17,2.53,1.82,180,0,78,85
23963,48,101,93,8,2.9,2.0,101,0,65,28
23964,132,484,347,137,2.13,2.56,484,59,125,222
23966,196,831,623,208,2.01,2.7,831,0,433,190
23967,251,391,259,132,3.1,3.05,391,32,75,184
23968,62,351,211,140,2.43,1.41,351,10,71,140
23970,465,3447,1943,1504,2.36,2.15,3447,537,1145,798
23974,577,1511,1017,494,2.7,2.62,1511,135,511,506
23976,19,64,7,57,,,64,0,,7
24011,67,475,46,429,2.2,1.25,475,32,29,17
24012,1261,12427,7147,5280,2.47,2.22,12427,1472,4585,2562
24013,637,2662,1289,1373,2.82,3.25,2662,331,794,495
24014,1015,7615,4926,2689,2.36,1.73,7615,344,3037,1889
24015,545,6866,3944,2922,2.58,1.88,6866,615,2824,1120
24016,942,4556,981,3575,2.17,1.89,4556,939,495,486
24017,1509,9477,4945,4532,2.47,2.41,9477,1424,3145,1800
24018,1463,15958,11416,4542,2.53,2.04,15958,698,7388,4028
24019,503,11808,9265,2543,2.46,2.2,11808,337,6124,3141
24020,,28,,28,,4.29,28,0,,
24022,,,,0,,,,0,,
24053,247,1095,851,244,2.09,2.55,1095,24,335,516
24054,651,2143,1746,397,2.78,2.14,2143,75,847,899
24055,1187,4948,3668,1280,2.43,1.92,4948,406,1318,2350
24058,,92,78,14,1.36,6.86,92,0,33,45
24059,14,477,477,0,2.07,,477,0,245,232
24060,3418,18160,8053,10107,2.49,2.74,18160,1266,3803,4250
24061,,,,0,,,,0,,
24064,151,1814,1770,44,2.9,2.43,1814,117,1123,647
24065,169,2698,2212,486,2.52,1.57,2698,34,1302,910
24066,574,2045,1746,299,2.43,2.89,2045,111,879,867
24067,174,842,684,158,2.6,2.89,842,14,390,294
24069,225,691,590,101,2.18,3.11,691,45,304,286
24070,131,580,572,8,2.87,2.0,580,0,291,281
24072,59,450,439,11,2.32,4.82,450,0,258,181
24073,1415,12661,8173,4488,2.44,2.18,12661,443,4996,3177
24076,139,478,382,96,2.48,2.74,478,0,194,188
24077,76,452,228,224,2.49,1.66,452,0,185,43
24078,576,2852,1526,1326,2.47,2.69,2852,192,845,681
24079,83,772,551,221,2.21,3.8,772,15,284,267
24082,,217,170,47,2.93,1.26,217,0,95,75
24083,121,1370,1196,174,3.01,2.16,1370,55,841,355
24084,696,4402,3092,1310,2.28,2.16,4402,164,1664,1428
24085,313,1087,1013,74,1.94,3.11,1087,41,436,577
24086,,80,48,32,3.25,,80,12,4,44
24087,206,1610,1115,495,2.88,2.01,1610,71,449,666
24088,308,1635,1242,393,2.49,2.15,1635,144,518,724
24089,266,1291,986,305,2.4,1.47,1291,28,383,603
24090,193,1974,1689,285,2.41,2.55,1974,36,934,755
24091,579,3387,2853,534,2.15,2.51,3387,335,1109,1744
24092,341,1263,1072,191,3.12,2.46,1263,47,723,349
24093,,39,34,5,2.38,3.8,39,2,14,20
24095,374,1741,1557,184,1.97,2.62,1741,9,895,662
24101,541,2382,2052,330,2.41,3.58,2382,45,1304,748
24102,292,630,572,58,2.75,1.97,630,25,185,387
24104,1006,1301,1254,47,1.98,1.87,1301,25,620,634
24105,45,211,211,0,1.99,,211,17,99,112
24112,3150,12697,8571,4126,2.38,2.24,12697,1217,4019,4552
24120,426,815,637,178,1.95,2.52,815,11,191,446
24121,2803,4711,4151,560,2.26,2.76,4711,10,2500,1651
24122,83,595,575,20,2.35,2.4,595,39,362,213
24124,363,1834,1460,374,2.42,3.05,1834,88,657,803
24127,543,1576,1190,386,2.72,2.12,1576,145,532,658
24128,133,842,732,110,2.4,2.01,842,10,370,362
24129,,102,102,0,1.18,,102,0,24,78
24131,32,45,8,37,2.0,1.49,45,0,,8
24132,45,209,125,84,1.35,,209,51,110,15
24133,183,924,704,220,2.82,2.05,924,54,244,460
24134,437,2230,1672,558,2.48,2.81,2230,181,767,905
24136,330,1267,995,272,2.32,1.83,1267,78,486,509
24137,832,1356,1188,168,2.03,3.24,1356,197,449,739
24138,86,568,486,82,2.94,2.13,568,22,359,127
24139,126,392,306,86,1.79,,392,128,147,159
24141,1590,8747,5112,3635,2.38,2.43,8747,293,2831,2281
24142,,,,0,,,,0,,
24147,108,421,212,209,2.86,2.6,421,28,84,128
24148,819,3143,2458,685,2.62,3.07,3143,130,1264,1194
24149,132,1446,1244,202,2.41,3.25,1446,0,660,584
24150,131,310,243,67,2.43,1.43,310,8,96,147
24151,1324,7580,5398,2182,2.49,2.19,7580,584,2623,2775
24153,1405,14924,10749,4175,2.48,1.89,14924,881,6534,4215
24161,87,128,82,46,3.91,2.67,128,19,65,17
24162,288,886,485,401,2.72,1.87,886,45,239,246
24165,159,573,422,151,2.32,2.2,573,29,189,233
24167,39,65,31,34,2.13,1.35,65,20,,31
24168,,97,52,45,1.31,4.18,97,45,35,17
24171,1073,3710,2881,829,2.3,1.76,3710,229,1309,1572
24174,123,1155,1006,149,2.76,1.68,1155,80,525,481
24175,411,2980,2561,419,2.62,2.0,2980,96,1411,1150
24176,557,547,510,37,2.18,2.3,547,18,339,171
24179,650,8052,5823,2229,2.45,2.12,8052,449,3797,2026
24184,340,1629,1439,190,2.41,2.03,1629,97,644,795
24185,91,326,307,19,2.23,,326,0,94,213
24201,1240,6806,4125,2681,2.3,2.27,6806,761,2502,1623
24202,1064,5212,4371,841,2.32,2.53,5212,152,2302,2069
24210,693,7299,4932,2367,2.3,2.01,7299,446,2294,2638
24211,610,4204,3562,642,2.39,2.0,4204,122,1943,1619
24216,259,1019,654,365,2.48,2.62,1019,105,244,410
24217,102,122,100,22,2.28,1.91,122,22,29,71
24219,604,4018,2779,1239,2.67,2.04,4018,279,1615,1164
24220,155,301,301,0,2.77,,301,5,91,210
24221,243,275,272,3,2.48,1.67,275,11,100,172
24224,513,2194,1697,497,2.41,2.55,2194,98,647,1050
24225,310,911,598,313,2.82,1.89,911,26,257,341
24226,180,613,456,157,2.37,2.86,613,38,201,255
24228,805,2424,1830,594,2.46,2.01,2424,240,604,1226
24230,1150,2914,2033,881,2.45,2.7,2914,352,862,1171
24236,473,1228,847,381,2.65,2.22,1228,122,350,497
24237,120,388,358,30,2.06,2.8,388,7,121,237
24239,19,24,24,0,4.92,,24,0,9,15
24243,266,637,556,81,2.29,3.53,637,5,299,257
24244,863,1947,1461,486,2.81,2.25,1947,206,447,1014
24245,275,341,210,131,2.26,2.5,341,71,48,162
24246,,103,19,84,2.74,2.51,103,0,8,11
24248,304,1072,939,133,2.26,1.27,1072,142,317,622
24250,214,467,402,65,2.1,2.62,467,11,110,292
24251,1022,3324,2616,708,2.41,2.09,3324,218,1009,1607
24256,376,1336,961,375,2.34,2.58,1336,93,324,637
24258,98,559,497,62,2.39,1.15,559,19,147,350
24260,524,2082,1479,603,2.35,2.53,2082,215,511,968
24263,538,2356,1492,864,2.41,2.27,2356,189,458,1034
24265,155,354,307,47,3.77,2.51,354,0,21,286
24266,710,3551,2702,849,2.38,2.5,3551,250,874,1828
24269,,139,115,24,3.37,2.0,139,8,28,87
24270,22,160,160,0,3.14,,160,0,115,45
24271,362,1140,972,168,2.21,2.19,1140,54,288,684
24272,178,291,259,32,2.36,,291,30,100,159
24273,351,2354,1493,861,2.58,2.31,2354,172,581,912
24277,663,1883,1063,820,2.45,2.65,1883,336,387,676
24279,378,1656,1430,226,2.49,1.88,1656,154,515,915
24280,80,272,220,52,3.36,6.31,272,0,108,112
24281,204,795,566,229,2.84,3.53,795,114,283,283
24282,122,228,195,33,3.63,2.21,228,4,59,136
24283,105,843,576,267,2.56,1.96,843,89,234,342
24290,207,775,492,283,2.74,3.03,775,85,172,320
24292,94,173,146,27,2.32,1.85,173,15,46,100
24293,630,3710,2713,997,2.23,2.31,3710,225,944,1769
24301,869,5903,3600,2303,2.32,2.38,5903,425,1878,1722
24311,142,692,494,198,1.92,2.41,692,92,137,357
24312,220,701,429,272,2.59,1.98,701,152,179,250
24313,58,282,257,25,2.64,2.0,282,0,72,185
24314,265,588,525,63,2.16,2.41,588,18,140,385
24315,304,1235,982,253,2.1,2.79,1235,34,308,674
24316,,13,13,0,3.0,,13,0,,13
24317,624,1530,1217,313,2.53,1.72,1530,9,350,867
24318,370,199,188,11,2.55,6.45,199,14,38,150
24319,592,2547,1769,778,2.46,2.3,2547,162,777,992
24322,37,23,23,0,,,23,0,,23
24323,120,417,371,46,2.42,3.83,417,0,196,175
24324,175,976,833,143,2.36,1.6,976,17,540,293
24325,267,579,482,97,2.0,1.58,579,16,137,345
24326,255,427,357,70,2.14,1.14,427,0,103,254
24327,,,,0,,,,0,,
24328,573,947,917,30,1.91,1.37,947,4,372,545
24330,525,1180,1037,143,2.29,2.87,1180,33,392,645
24333,1773,7281,5652,1629,2.54,2.29,7281,431,2934,2718
24340,368,2201,1647,554,2.9,2.53,2201,113,754,893
24343,1347,3420,2525,895,2.33,2.57,3420,152,1111,1414
24347,225,752,564,188,2.1,2.2,752,42,325,239
24348,684,1649,1180,469,2.21,2.66,1649,88,406,774
24350,110,602,526,76,2.89,1.14,602,20,177,349
24351,57,255,123,132,1.33,1.71,255,0,36,87
24352,333,429,334,95,2.96,2.11,429,0,115,219
24354,1007,6112,3876,2236,2.34,2.13,6112,542,1750,2126
24360,316,2352,2040,312,2.36,2.75,2352,87,805,1235
24361,307,1832,1340,492,2.52,2.73,1832,90,575,765
24363,561,553,502,51,1.96,1.65,553,7,116,386
24366,71,187,175,12,2.44,,187,12,83,92
24368,374,1945,1667,278,2.64,2.27,1945,53,681,986
24370,614,2504,1892,612,2.35,2.77,2504,217,829,1063
24374,48,299,254,45,1.9,2.36,299,56,123,131
24375,361,725,530,195,2.35,2.56,725,30,361,169
24377,120,159,151,8,3.46,2.75,159,14,63,88
24378,209,417,391,26,2.04,2.23,417,30,143,248
24380,262,1179,1101,78,2.08,2.49,1179,37,321,780
24381,395,1247,837,410,2.61,2.6,1247,83,478,359
24382,881,6532,4449,2083,2.23,2.14,6532,654,1823,2626
24401,1591,16220,10164,6056,2.25,2.06,16220,1242,6261,3903
24411,,3,3,0,,,3,0,3,
24412,40,106,106,0,1.63,,106,0,17,89
24413,35,114,110,4,2.27,6.5,114,0,36,74
24415,,13,13,0,2.0,,13,0,13,
24416,429,3612,2285,1327,2.53,2.49,3612,120,1133,1152
24421,208,1485,1285,200,2.55,2.02,1485,19,809,476
24422,536,2377,1653,724,2.45,2.37,2377,244,776,877
24426,1325,5839,4786,1053,2.24,2.3,5839,310,1929,2857
24430,106,694,389,305,2.42,2.21,694,80,262,127
24431,43,1039,943,96,2.43,2.81,1039,26,520,423
24432,211,170,159,11,1.7,,170,0,62,97
24433,14,30,24,6,2.42,4.0,30,0,,24
24435,140,783,766,17,1.98,,783,0,394,372
24437,,581,533,48,2.52,3.54,581,0,318,215
24439,237,532,380,152,2.33,1.63,532,38,153,227
24440,161,1046,883,163,2.72,1.6,1046,0,469,414
24441,87,2557,2028,529,2.45,2.2,2557,116,1328,700
24442,95,36,27,9,1.48,4.67,36,0,,27
24445,615,1071,795,276,2.07,2.52,1071,46,294,501
24448,52,177,171,6,2.14,2.17,177,13,76,95
24450,1229,5689,3627,2062,2.28,2.62,5689,320,1885,1742
24457,21,138,68,70,2.99,1.8,138,25,49,19
24458,90,152,145,7,1.88,3.29,152,29,14,131
24459,32,257,214,43,2.07,3.21,257,13,118,96
24460,480,506,390,116,2.05,2.93,506,0,201,189
24464,92,107,17,90,2.0,2.08,107,68,4,13
24465,468,585,468,117,2.29,2.21,585,29,192,276
24467,,975,828,147,2.72,2.8,975,0,541,287
24469,,,,0,,,,0,,
24471,56,698,590,108,2.2,1.63,698,0,255,335
24472,312,873,631,242,2.69,1.64,873,152,235,396
24473,226,300,247,53,2.5,2.6,300,0,183,64
24474,45,170,164,6,2.66,4.67,170,18,42,122
24476,33,99,84,15,2.2,1.93,99,0,50,34
24477,280,4541,3404,1137,2.65,2.31,4541,223,1983,1421
24479,83,746,660,86,2.17,4.07,746,44,384,276
24482,106,1846,1399,447,2.23,3.19,1846,93,738,661
24483,63,365,326,39,2.36,2.85,365,0,136,190
24484,423,242,222,20,2.6,,242,0,117,105
24485,53,180,180,0,2.31,,180,0,89,91
24486,127,1144,855,289,3.2,2.49,1144,21,665,190
24487,132,171,150,21,2.64,1.1,171,0,87,63
24501,1894,10063,4749,5314,2.56,2.3,10063,1440,2419,2330
24502,1752,16688,8672,8016,2.54,2.22,16688,1011,5455,3217
24503,837,7922,5800,2122,2.43,2.15,7922,301,3415,2385
24504,1040,3977,2213,1764,2.35,2.27,3977,561,1148,1065
24515,,,,0,,,,0,,
24517,397,2004,1438,566,2.53,2.37,2004,148,697,741
24520,214,990,872,118,2.33,1.58,990,20,443,429
24521,546,3920,2945,975,2.37,2.11,3920,177,1809,1136
24522,601,3698,2826,872,2.6,2.45,3698,183,1599,1227
24523,1260,8358,6346,2012,2.45,2.59,8358,263,3599,2747
24526,94,624,534,90,2.28,2.26,624,19,266,268
24527,122,1128,927,201,2.79,2.97,1128,37,618,309
24528,301,1471,1096,375,2.12,3.14,1471,128,497,599
24529,382,623,535,88,2.25,2.57,623,6,183,352
24530,143,462,360,102,1.75,2.67,462,0,156,204
24531,714,3297,2639,658,2.47,2.49,3297,214,1084,1555
24534,222,649,510,139,2.68,1.79,649,67,241,269
24536,,77,77,0,2.65,,77,0,48,29
24538,269,1971,1624,347,2.45,2.54,1971,87,890,734
24539,14,170,107,63,2.78,,170,7,40,67
24540,2141,13311,7839,5472,2.25,2.33,13311,1607,3924,3915
24541,2133,12350,6936,5414,2.27,2.25,12350,1544,3602,3334
24549,329,1589,1248,341,2.59,2.49,1589,36,526,722
24550,381,2825,2142,683,2.81,2.49,2825,82,1332,810
24551,380,10155,8178,1977,2.71,2.11,10155,310,5348,2830
24553,257,867,574,293,2.38,2.94,867,21,370,204
24554,415,1430,1157,273,2.24,2.71,1430,83,536,621
24555,113,984,762,222,2.41,2.96,984,161,435,327
24556,42,1138,1074,64,2.41,3.34,1138,62,539,535
24557,801,3477,2535,942,2.02,2.45,3477,206,823,1712
24558,754,2547,1937,610,2.48,2.15,2547,273,992,945
24562,139,226,200,26,2.53,,226,40,81,119
24563,571,2240,1506,734,2.29,2.62,2240,95,637,869
24565,164,402,346,56,2.72,2.48,402,19,110,236
24566,47,531,449,82,2.46,2.71,531,16,270,179
24569,156,295,245,50,2.64,2.26,295,8,123,122
24570,,,,0,,,,0,,
24571,260,851,727,124,2.5,2.49,851,33,390,337
24572,630,6488,4819,1669,2.4,2.33,6488,369,2682,2137
24574,311,1602,1375,227,2.51,3.37,1602,47,800,575
24577,612,1909,1542,367,2.25,2.49,1909,183,434,1108
24578,69,345,285,60,2.4,2.52,345,0,176,109
24579,219,436,289,147,2.23,1.52,436,0,138,151
24580,33,309,261,48,2.1,1.71,309,11,92,169
24581,,,,0,,,,0,,
24586,432,1911,1485,426,2.45,2.07,1911,74,725,760
24588,256,3873,2658,1215,2.55,2.13,3873,241,1295,1363
24589,169,892,710,182,2.8,1.98,892,44,269,441
24590,276,2997,2329,668,2.59,2.49,2997,84,1391,938
24592,1378,5246,3409,1837,2.62,2.5,5246,256,1856,1553
24593,199,951,789,162,2.87,2.6,951,18,510,279
24594,148,661,534,127,2.91,3.24,661,7,295,239
24595,,64,30,34,1.63,2.59,64,0,14,16
24597,102,342,298,44,2.68,2.2,342,0,151,147
24598,284,517,425,92,2.95,2.02,517,14,200,225
24599,105,280,220,60,2.04,3.45,280,8,40,180
24601,20,,,0,,,,0,,
24602,152,281,194,87,2.54,5.48,281,11,89,105
24603,302,282,282,0,2.16,,282,18,116,166
24604,98,104,104,0,2.34,,104,9,,104
24605,699,3585,2775,810,2.21,1.97,3585,262,1015,1760
24606,23,59,59,0,2.59,,59,0,,59
24607,55,116,96,20,2.14,2.95,116,24,5,91
24609,677,2484,1877,607,2.51,2.42,2484,168,778,1099
24612,14,98,44,54,3.32,2.69,98,15,21,23
24613,,234,222,12,2.37,,234,17,79,143
24614,961,2760,2243,517,2.38,2.83,2760,97,590,1653
24620,245,730,618,112,3.44,4.54,730,91,88,530
24622,240,284,228,56,2.09,3.07,284,4,39,189
24630,667,2481,1593,888,2.67,2.69,2481,191,776,817
24631,287,628,389,239,2.97,2.14,628,0,105,284
24634,77,166,154,12,2.38,5.0,166,0,46,108
24635,193,187,132,55,1.67,1.51,187,33,42,90
24637,141,1302,1076,226,2.77,2.79,1302,51,412,664
24639,282,1302,1021,281,3.03,2.33,1302,85,243,778
24641,510,2317,1505,812,2.22,2.6,2317,178,601,904
24646,96,394,377,17,1.98,,394,24,19,358
24649,226,782,688,94,2.3,3.93,782,0,208,480
24651,691,2105,1664,441,2.77,1.95,2105,56,763,901
24656,461,987,882,105,2.79,2.48,987,42,163,719
24657,28,135,55,80,1.75,3.0,135,12,6,49
24701,1649,7826,5146,2680,2.19,2.34,7826,978,1862,3284
24712,188,672,517,155,2.75,4.03,672,33,180,337
24714,16,119,119,0,3.18,,119,21,37,82
24715,58,117,112,5,2.66,6.8,117,2,35,77
24716,,144,102,42,2.37,,144,62,,102
24719,79,27,27,0,3.07,,27,0,17,10
24724,45,53,41,12,2.22,1.42,53,2,8,33
24726,,171,109,62,3.69,1.65,171,33,,109
24729,115,45,45,0,1.33,,45,0,,45
24731,,40,40,0,2.98,,40,20,20,20
24733,13,98,98,0,1.88,,98,0,53,45
24736,128,279,238,41,2.48,2.63,279,11,26,212
24737,158,442,290,152,3.33,2.46,442,61,49,241
24738,,,,0,,,,0,,
24739,632,5700,4224,1476,2.25,2.6,5700,290,1879,2345
24740,1336,6838,4213,2625,2.5,2.13,6838,556,1764,2449
24747,151,1382,940,442,2.62,2.79,1382,43,416,524
24801,592,1274,960,314,2.7,2.67,1274,138,161,799
24808,160,217,186,31,3.08,1.16,217,3,15,171
24811,63,234,168,66,1.9,2.74,234,0,55,113
24813,,,,0,,,,0,,
24815,67,158,141,17,3.18,1.94,158,6,6,135
24816,36,,,0,,,,0,,
24817,144,543,474,69,3.2,2.01,543,21,81,393
24818,142,366,323,43,2.72,2.37,366,90,41,282
24822,42,492,404,88,2.12,2.24,492,17,197,207
24823,24,203,171,32,2.75,2.09,203,0,31,140
24826,8,8,8,0,,,8,8,,8
24827,31,496,452,44,2.6,3.3,496,23,67,385
24828,85,248,233,15,3.19,1.4,248,33,3,230
24830,46,51,32,19,1.59,2.21,51,0,,32
24831,63,96,85,11,4.42,1.36,96,19,11,74
24834,,298,298,0,3.05,,298,0,136,162
24836,135,232,197,35,2.19,5.26,232,11,26,171
24839,47,356,331,25,2.75,3.48,356,98,49,282
24843,11,31,31,0,2.32,,31,0,,31
24844,269,394,347,47,2.52,3.94,394,56,18,329
24845,87,116,96,20,1.94,9.3,116,0,18,78
24846,56,104,56,48,3.93,2.0,104,0,,56
24847,14,51,51,0,3.2,,51,16,16,35
24848,25,47,37,10,1.95,1.9,47,9,,37
24849,83,142,142,0,1.94,,142,0,32,110
24850,10,,,0,,,,0,,
24851,49,183,155,28,2.8,1.43,183,0,,155
24853,185,150,93,57,2.66,1.47,150,25,25,68
24854,94,263,176,87,1.81,4.75,263,53,63,113
24855,9,53,17,36,2.29,2.81,53,36,,17
24857,156,347,284,63,3.35,2.1,347,44,128,156
24860,81,48,16,32,2.44,,48,0,6,10
24861,64,48,16,32,8.25,1.72,48,18,,16
24862,45,219,201,18,2.24,3.89,219,36,,201
24866,61,258,241,17,2.66,3.59,258,17,58,183
24867,80,58,58,0,5.84,,58,0,,58
24868,400,464,427,37,2.24,5.11,464,81,19,408
24869,50,161,150,11,1.87,,161,11,10,140
24870,104,564,477,87,2.3,2.78,564,76,180,297
24871,68,177,138,39,4.04,4.72,177,45,38,100
24872,99,292,193,99,2.18,2.03,292,18,12,181
24873,37,197,188,9,3.37,3.56,197,0,17,171
24874,332,915,546,369,2.55,3.48,915,181,173,373
24878,46,113,72,41,1.74,4.2,113,10,32,40
24879,80,181,151,30,2.95,2.5,181,0,1,150
24880,,102,82,20,2.49,3.95,102,0,,82
24881,51,110,110,0,2.15,,110,19,15,95
24882,79,386,386,0,2.79,,386,0,70,316
24884,16,12,6,6,3.67,,12,6,,6
24887,7,,,0,,,,0,,
24888,14,32,32,0,1.47,,32,9,,32
24892,260,448,316,132,2.4,5.39,448,70,41,275
24894,49,119,79,40,3.0,4.23,119,8,8,71
24895,3,29,29,0,2.48,,29,0,,29
24898,54,83,83,0,3.47,,83,0,62,21
24901,512,4225,2540,1685,2.48,1.74,4225,524,1421,1119
24910,436,1665,1368,297,2.28,2.89,1665,98,562,806
24915,200,192,169,23,2.16,3.7,192,0,41,128
24916,41,261,243,18,2.09,3.11,261,0,136,107
24918,243,534,365,169,1.98,4.25,534,27,125,240
24920,136,83,75,8,3.55,,83,8,32,43
24924,149,278,260,18,2.05,1.78,278,29,99,161
24925,157,276,204,72,2.23,2.42,276,51,107,97
24927,250,133,103,30,3.18,1.3,133,12,18,85
24931,195,473,398,75,2.62,1.81,473,0,204,194
24934,210,156,117,39,1.71,2.49,156,0,9,108
24935,204,170,148,22,1.43,4.32,170,0,47,101
24938,116,609,476,133,3.15,1.66,609,48,203,273
24941,405,382,304,78,2.71,2.47,382,38,69,235
24943,,39,39,0,2.54,,39,0,19,20
24944,180,153,138,15,2.5,4.33,153,0,44,94
24945,54,124,124,0,1.9,,124,0,14,110
24946,466,362,302,60,2.45,1.55,362,25,73,229
24951,105,630,589,41,2.31,3.61,630,46,255,334
24954,773,1142,971,171,2.88,3.47,1142,173,462,509
24957,28,213,174,39,2.02,2.03,213,25,127,47
24962,13,34,34,0,1.68,,34,0,,34
24963,323,1279,997,282,2.91,2.53,1279,48,483,514
24966,232,512,489,23,2.08,2.22,512,0,240,249
24970,332,1897,1407,490,2.19,2.02,1897,127,493,914
24974,20,101,101,0,3.78,,101,11,60,41
24976,40,407,360,47,2.31,2.83,407,45,213,147
24977,,193,162,31,2.45,2.06,193,0,96,66
24981,56,249,123,126,3.14,1.91,249,0,59,64
24983,327,814,702,112,2.59,2.5,814,57,238,464
24984,279,50,27,23,1.07,5.43,50,0,24,3
24985,45,115,97,18,2.39,8.11,115,0,45,52
24986,1001,2165,1515,650,2.14,2.44,2165,131,562,953
24991,49,282,282,0,1.79,,282,8,119,163
24993,,28,28,0,2.29,,28,28,,28
25002,22,,,0,,,,0,,
25003,123,901,667,234,2.08,2.11,901,55,251,416
25005,12,78,78,0,1.71,,78,0,16,62
25007,59,168,168,0,2.99,,168,34,,168
25008,,86,56,30,2.48,3.17,86,0,19,37
25009,35,389,304,85,3.74,2.52,389,52,37,267
25011,38,251,178,73,2.42,1.52,251,8,116,62
25015,375,1502,1143,359,2.19,1.93,1502,58,440,703
25019,47,150,138,12,2.51,2.08,150,17,60,78
25021,21,182,134,48,1.51,2.21,182,5,5,129
25022,,53,36,17,2.08,5.65,53,0,11,25
25024,13,205,136,69,2.0,3.04,205,39,47,89
25025,17,5,5,0,2.2,,5,0,,5
25028,39,161,161,0,1.67,,161,45,21,140
25030,28,96,96,0,3.4,,96,0,56,40
25031,116,427,311,116,2.3,1.59,427,36,138,173
25033,173,681,576,105,2.68,1.71,681,27,225,351
25035,26,229,141,88,3.08,4.35,229,0,9,132
25036,36,67,67,0,2.67,,67,0,,67
25039,57,244,204,40,2.84,2.2,244,15,66,138
25040,35,219,184,35,3.39,,219,0,152,32
25043,241,504,322,182,2.78,3.5,504,73,141,181
25044,43,74,56,18,2.25,2.28,74,0,14,42
25045,557,1480,1050,430,3.06,2.44,1480,153,286,764
25047,66,56,56,0,2.86,,56,0,12,44
25048,,64,61,3,2.36,11.0,64,0,14,47
25049,120,123,107,16,2.98,,123,0,8,99
25051,13,73,73,0,3.55,,73,0,25,48
25053,449,1496,1079,417,2.81,1.99,1496,100,429,650
25054,53,48,30,18,3.33,4.11,48,18,20,10
25057,28,66,66,0,3.64,,66,0,51,15
25059,40,95,87,8,1.84,3.63,95,0,31,56
25060,36,91,55,36,2.47,2.33,91,0,,55
25061,12,200,163,37,2.24,4.76,200,11,104,59
25062,28,108,108,0,1.5,,108,42,5,103
25063,176,659,546,113,2.97,2.39,659,9,166,380
25064,875,4358,2710,1648,2.25,1.85,4358,452,1024,1686
25067,54,340,269,71,2.85,2.13,340,15,141,128
25070,71,665,539,126,2.56,2.12,665,21,330,209
25071,556,4406,3460,946,2.6,2.31,4406,296,1543,1917
25075,18,335,177,158,2.53,3.47,335,146,,177
25076,,71,59,12,2.81,3.33,71,0,24,35
25081,78,541,510,31,2.55,5.26,541,0,228,282
25082,118,686,649,37,2.6,2.11,686,16,316,333
25083,42,150,137,13,3.29,,150,22,50,87
25085,124,290,163,127,2.63,2.61,290,39,60,103
25086,61,302,241,61,2.33,2.57,302,26,94,147
25088,11,93,93,0,1.69,,93,0,54,39
25090,41,99,65,34,2.34,1.94,99,10,20,45
25093,36,56,28,28,3.5,2.82,56,0,,28
25102,36,116,114,2,4.15,5.0,116,7,34,80
25103,57,53,40,13,2.1,,53,0,,40
25106,16,312,232,80,1.71,3.75,312,34,54,178
25107,149,183,166,17,2.4,,183,33,27,139
25108,91,146,126,20,2.98,,146,6,40,86
25109,119,258,258,0,2.91,,258,0,41,217
25110,,240,219,21,2.53,3.05,240,0,13,206
25111,81,163,136,27,2.61,2.7,163,0,13,123
25112,,,,0,,,,0,,
25113,84,185,174,11,1.91,3.18,185,25,52,122
25114,46,92,57,35,2.89,3.29,92,7,6,51
25115,,57,57,0,2.91,,57,0,18,39
25118,82,206,154,52,3.19,1.02,206,23,30,124
25119,59,143,110,33,3.3,,143,22,11,99
25121,61,367,316,51,2.96,4.35,367,11,91,225
25123,181,1128,993,135,2.25,3.79,1128,83,428,565
25124,48,608,583,25,2.33,2.4,608,22,120,463
25125,122,343,295,48,3.15,6.92,343,13,57,238
25126,34,194,184,10,1.83,,194,120,56,128
25130,393,1204,942,262,2.8,3.02,1204,101,320,622
25132,53,137,74,63,1.85,3.63,137,63,21,53
25133,96,284,239,45,2.76,2.27,284,24,80,159
25134,106,104,104,0,1.2,,104,63,,104
25136,229,670,257,413,2.19,2.11,670,203,89,168
25139,13,66,66,0,4.09,,66,0,13,53
25140,46,392,287,105,2.31,4.92,392,75,67,220
25141,,70,70,0,2.4,,70,14,7,63
25142,,98,98,0,4.78,,98,0,82,16
25143,684,3744,2666,1078,2.57,2.48,3744,420,1421,1245
25148,86,145,145,0,2.76,,145,14,55,90
25149,112,56,56,0,1.63,,56,0,,56
25152,46,186,176,10,2.82,,186,10,89,87
25154,40,252,198,54,3.53,3.07,252,9,79,119
25156,36,12,12,0,,,12,0,,12
25159,325,1571,1337,234,2.57,2.98,1571,79,577,760
25160,11,170,128,42,2.75,1.9,170,0,23,105
25161,67,154,137,17,2.23,3.12,154,19,,137
25162,63,131,95,36,2.81,1.97,131,12,38,57
25164,268,395,332,63,2.48,2.11,395,29,87,245
25165,65,284,251,33,3.67,1.45,284,17,110,141
25168,171,1372,1194,178,2.64,2.78,1372,20,575,619
25169,30,144,120,24,2.57,2.92,144,0,64,56
25173,,99,54,45,2.0,1.49,99,0,,54
25174,76,96,96,0,1.9,,96,35,23,73
25177,1614,9604,6773,2831,2.46,2.49,9604,859,3361,3412
25180,18,109,109,0,2.94,,109,0,52,57
25181,122,461,445,16,2.68,,461,38,183,262
25183,20,35,35,0,2.23,,35,0,,35
25185,21,,,0,,,,0,,
25186,45,404,262,142,2.76,2.12,404,72,76,186
25187,46,350,328,22,2.52,,350,78,128,200
25193,88,184,135,49,3.74,3.53,184,22,43,92
25201,,32,32,0,2.16,,32,0,7,25
25202,91,455,384,71,2.86,2.23,455,0,127,257
25203,,24,24,0,4.67,,24,0,15,9
25204,59,27,19,8,2.84,2.75,27,0,5,14
25205,51,49,40,9,2.13,,49,9,24,16
25206,57,60,37,23,2.16,1.83,60,5,,37
25208,92,274,167,107,3.58,3.04,274,14,30,137
25209,246,278,239,39,2.46,1.79,278,50,68,171
25211,,21,21,0,3.67,,21,9,,21
25213,153,2445,2124,321,2.61,2.84,2445,133,1357,767
25214,,238,217,21,3.89,,238,21,123,94
25231,,,,0,,,,0,,
25234,110,351,296,55,2.54,3.15,351,26,82,214
25235,110,411,303,108,1.88,5.28,411,0,119,184
25239,137,580,502,78,3.1,4.79,580,19,155,347
25241,57,603,557,46,2.98,3.46,603,0,213,344
25243,229,252,199,53,2.64,1.85,252,0,74,125
25244,26,198,172,26,3.29,1.54,198,0,114,58
25245,96,350,350,0,1.65,,350,0,85,265
25247,47,196,162,34,2.51,2.29,196,0,29,133
25248,142,1456,1223,233,2.71,1.98,1456,152,420,803
25251,29,214,192,22,4.17,,214,0,143,49
25252,259,460,394,66,2.31,2.48,460,0,109,285
25253,123,803,687,116,2.76,2.5,803,42,257,430
25259,117,258,237,21,3.18,2.9,258,24,130,107
25260,237,614,498,116,2.07,2.62,614,102,111,387
25261,24,27,27,0,1.78,,27,0,12,15
25262,26,444,413,31,2.96,1.74,444,0,278,135
25264,18,194,123,71,2.63,2.77,194,16,11,112
25265,99,665,575,90,2.44,1.7,665,68,259,316
25266,61,230,169,61,3.58,2.16,230,0,73,96
25267,113,241,224,17,2.0,1.41,241,0,34,190
25268,123,239,189,50,2.72,2.94,239,0,54,135
25270,117,312,234,78,3.01,1.49,312,10,107,127
25271,340,3528,2168,1360,2.67,1.85,3528,423,1085,1083
25275,265,664,616,48,2.47,,664,90,144,472
25276,833,3087,2119,968,2.55,2.15,3087,408,843,1276
25285,60,215,152,63,3.16,2.33,215,0,41,111
25286,218,570,477,93,2.62,1.12,570,118,195,282
25287,88,271,213,58,2.5,,271,0,109,104
25301,352,1365,258,1107,1.78,1.55,1365,609,147,111
25302,1314,6343,3591,2752,2.14,2.0,6343,1287,1661,1930
25303,476,3178,2164,1014,2.39,2.16,3178,267,1272,892
25304,597,3508,2272,1236,2.16,2.75,3508,243,1136,1136
25305,,,,0,,,,0,,
25306,628,2812,1831,981,2.37,2.06,2812,269,898,933
25309,400,5527,3995,1532,2.25,2.12,5527,342,1735,2260
25311,764,4836,2857,1979,2.32,1.68,4836,940,1343,1514
25312,406,3979,3329,650,2.82,2.51,3979,238,1219,2110
25313,996,5051,3909,1142,2.27,2.01,5051,164,1879,2030
25314,607,6539,5493,1046,2.34,1.95,6539,276,3448,2045
25315,188,1438,1041,397,2.47,2.3,1438,189,401,640
25320,516,1968,1442,526,2.7,2.59,1968,156,473,969
25387,840,2210,1370,840,2.26,2.31,2210,286,577,793
25401,524,6095,3066,3029,2.39,2.55,6095,817,1830,1236
25403,224,5565,4538,1027,2.52,2.19,5565,75,3514,1024
25404,548,8821,5353,3468,2.64,2.23,8821,940,3671,1682
25405,186,5446,4530,916,2.65,3.11,5446,139,3113,1417
25411,1241,4892,4053,839,2.49,1.99,4892,176,2645,1408
25413,190,2951,2281,670,2.64,2.83,2951,98,1673,608
25414,608,7437,5637,1800,2.84,1.99,7437,600,4294,1343
25419,441,4748,3830,918,2.51,2.61,4748,154,2864,966
25420,54,2018,1556,462,2.6,1.92,2018,133,1101,455
25421,,34,34,0,3.47,,34,0,20,14
25422,963,660,610,50,2.32,2.62,660,9,329,281
25425,864,5247,4489,758,2.58,2.43,5247,206,3247,1242
25427,1094,6110,5309,801,2.54,2.68,6110,83,3183,2126
25428,163,5288,4450,838,2.61,3.17,5288,300,3521,929
25430,220,2791,2268,523,2.85,2.64,2791,81,1529,739
25431,43,155,141,14,3.83,8.93,155,0,96,45
25432,13,38,28,10,3.29,3.2,38,0,5,23
25434,518,923,752,171,3.76,2.07,923,14,346,406
25437,78,110,89,21,2.24,,110,0,25,64
25438,226,2558,1761,797,2.53,3.19,2558,119,1303,458
25442,34,841,741,100,3.22,3.53,841,35,541,200
25443,356,2625,2062,563,2.67,1.82,2625,156,1384,678
25444,124,91,91,0,2.49,,91,0,51,40
25446,157,331,319,12,2.76,3.5,331,0,275,44
25501,61,543,473,70,2.12,3.39,543,37,76,397
25502,209,240,240,0,2.83,,240,17,48,192
25503,43,274,185,89,2.17,4.74,274,15,67,118
25504,605,5105,3934,1171,2.61,2.2,5105,208,2147,1787
25505,15,139,127,12,3.59,3.08,139,28,34,93
25506,590,1904,1357,547,2.9,1.65,1904,395,373,984
25507,118,402,360,42,2.55,1.93,402,11,109,251
25508,661,3639,2844,795,2.66,2.36,3639,303,1099,1745
25510,140,2026,1654,372,2.72,2.39,2026,180,950,704
25511,163,229,177,52,3.07,1.21,229,13,44,133
25512,206,408,360,48,2.43,3.38,408,51,93,267
25514,432,1480,1112,368,2.81,2.58,1480,141,219,893
25515,303,639,531,108,2.82,2.15,639,69,168,363
25517,201,642,437,205,2.41,1.72,642,43,47,390
25520,280,744,724,20,2.41,2.0,744,0,190,534
25521,71,347,334,13,2.9,1.77,347,0,136,198
25523,158,1006,675,331,2.96,3.13,1006,69,231,444
25524,178,1016,900,116,2.72,2.88,1016,142,204,696
25526,1035,8802,6829,1973,2.78,1.88,8802,411,3720,3109
25529,96,336,254,82,2.56,2.09,336,60,70,184
25530,391,2655,1805,850,2.56,2.39,2655,115,787,1018
25534,87,98,53,45,1.58,2.09,98,28,24,29
25535,222,866,815,51,3.61,,866,71,529,286
25537,102,607,455,152,1.77,1.78,607,58,125,330
25540,,156,144,12,1.91,6.08,156,21,57,87
25541,418,4503,3319,1184,2.42,2.11,4503,306,1611,1708
25544,,31,31,0,3.84,,31,0,,31
25545,219,1550,1455,95,2.96,2.74,1550,139,833,622
25547,63,168,168,0,2.8,,168,0,9,159
25550,686,3775,3096,679,2.37,2.66,3775,307,1199,1897
25555,210,716,531,185,3.65,3.15,716,10,151,380
25557,241,691,556,135,2.29,1.94,691,68,104,452
25559,90,696,557,139,2.69,1.29,696,0,281,276
25560,324,2979,2410,569,2.57,2.0,2979,185,1209,1201
25564,114,393,393,0,3.21,,393,28,279,114
25565,68,291,217,74,2.27,2.54,291,19,50,167
25567,92,295,223,72,3.24,,295,14,68,155
25570,756,1654,1263,391,3.15,2.12,1654,180,385,878
25571,181,752,664,88,3.25,2.33,752,32,326,338
25573,145,165,131,34,2.81,3.79,165,0,39,92
25601,466,1964,1268,696,2.56,2.38,1964,290,410,858
25606,26,398,263,135,3.13,1.94,398,60,131,132
25607,24,345,200,145,2.88,2.74,345,46,51,149
25608,139,309,252,57,2.33,2.53,309,9,15,237
25611,45,406,377,29,2.66,,406,0,147,230
25612,28,197,130,67,2.01,2.3,197,0,67,63
25617,6,63,59,4,2.98,,63,4,10,49
25621,222,724,575,149,2.52,1.83,724,59,79,496
25624,,212,212,0,1.5,,212,206,33,179
25625,62,350,290,60,2.07,2.6,350,24,70,220
25628,61,200,126,74,1.67,1.77,200,36,43,83
25630,29,124,104,20,2.33,1.6,124,29,20,84
25632,79,192,148,44,3.3,7.02,192,10,41,107
25634,58,566,441,125,2.1,2.5,566,39,161,280
25635,103,465,320,145,3.49,3.19,465,36,137,183
25637,98,530,341,189,2.47,2.49,530,95,24,317
25638,105,227,216,11,3.05,,227,11,70,146
25639,82,174,134,40,2.51,2.65,174,0,26,108
25644,50,191,142,49,2.5,3.86,191,34,13,129
25646,71,284,248,36,2.89,6.53,284,0,82,166
25647,52,114,64,50,2.03,1.78,114,7,30,34
25649,204,523,375,148,2.61,2.45,523,40,144,231
25650,12,15,15,0,1.8,,15,0,,15
25651,124,244,192,52,2.02,2.58,244,41,37,155
25652,36,469,349,120,2.64,2.56,469,55,91,258
25653,,54,54,0,3.24,,54,0,19,35
25654,,37,11,26,4.0,4.12,37,0,,11
25661,460,2150,1193,957,2.18,2.27,2150,464,304,889
25666,34,71,71,0,2.99,,71,0,8,63
25667,18,195,141,54,3.48,4.65,195,30,58,83
25669,79,359,297,62,3.44,1.52,359,66,20,277
25670,324,1378,1173,205,2.7,2.07,1378,134,296,877
25671,192,528,372,156,3.77,3.28,528,53,30,342
25672,,171,145,26,2.32,,171,86,,145
25674,215,734,484,250,2.4,2.44,734,92,188,296
25676,214,397,324,73,2.76,1.82,397,16,51,273
25678,192,577,398,179,2.42,1.81,577,95,114,284
25685,14,179,137,42,3.64,5.38,179,13,22,115
25688,24,111,47,64,2.11,2.14,111,6,30,17
25690,32,198,178,20,4.93,2.35,198,11,64,114
25692,94,542,443,99,3.13,3.83,542,0,103,340
25696,182,512,426,86,2.47,2.17,512,21,94,332
25699,37,24,24,0,3.13,,24,0,,24
25701,2524,9710,5476,4234,2.39,1.8,9710,1845,2399,3077
25702,776,3222,1768,1454,2.43,2.17,3222,389,763,1005
25703,579,2148,482,1666,2.16,2.06,2148,402,212,270
25704,991,6154,4098,2056,2.55,2.27,6154,553,1962,2136
25705,987,8939,6026,2913,2.44,2.04,8939,543,3303,2723
25755,,6,,6,,,6,0,,
25801,2237,12688,8756,3932,2.41,2.47,12688,1525,3965,4791
25810,43,28,28,0,,,28,0,,28
25811,,15,15,0,1.93,,15,0,15,
25812,159,563,426,137,2.38,3.42,563,38,124,302
25813,259,2652,2198,454,2.22,3.09,2652,69,1001,1197
25817,,140,140,0,2.11,,140,0,91,49
25818,41,196,38,158,3.74,2.22,196,0,20,18
25820,78,187,166,21,2.48,2.0,187,0,41,125
25823,97,245,138,107,1.86,1.49,245,51,39,99
25825,55,1057,1006,51,2.49,3.45,1057,0,647,359
25826,,122,122,0,3.84,,122,0,44,78
25827,172,776,681,95,2.53,1.84,776,22,342,339
25831,118,626,527,99,2.8,2.37,626,84,265,262
25832,226,1757,1529,228,2.33,1.95,1757,51,898,631
25836,43,434,434,0,2.88,,434,0,226,208
25837,23,140,140,0,2.16,,140,0,42,98
25839,18,305,167,138,2.83,,305,0,51,116
25840,285,2989,2431,558,2.49,2.2,2989,146,1192,1239
25841,78,152,127,25,4.23,3.4,152,0,52,75
25843,43,397,287,110,2.32,1.47,397,29,225,62
25844,,524,333,191,2.39,2.24,524,107,68,265
25845,,131,113,18,2.61,5.5,131,18,15,98
25846,46,41,41,0,1.88,,41,0,,41
25848,74,35,35,0,3.26,,35,11,11,24
25849,54,262,108,154,1.11,,262,0,,108
25851,,,,0,,,,0,,
25853,,42,25,17,1.96,,42,0,25,
25854,84,431,337,94,2.45,2.87,431,23,91,246
25855,,46,46,0,3.24,,46,0,,46
25857,100,15,15,0,1.93,,15,0,,15
25862,24,85,85,0,1.41,,85,0,19,66
25864,24,,,0,,,,0,,
25865,121,548,485,63,2.65,2.27,548,22,202,283
25866,25,121,79,42,3.04,2.79,121,0,28,51
25868,13,178,169,9,2.5,2.0,178,5,43,126
25870,39,52,52,0,1.88,,52,0,,52
25871,43,429,264,165,2.32,2.53,429,47,77,187
25873,,434,401,33,1.64,3.09,434,33,252,149
25875,33,266,250,16,4.48,,266,16,79,171
25876,,26,26,0,2.42,,26,0,,26
25878,20,539,398,141,2.3,1.76,539,0,122,276
25879,37,40,24,16,4.04,2.56,40,16,24,
25880,210,2093,1436,657,2.7,2.39,2093,332,738,698
25882,283,745,652,93,3.1,3.54,745,24,192,460
25901,819,4312,3263,1049,2.57,2.11,4312,623,1548,1715
25902,,102,102,0,1.95,,102,0,38,64
25904,112,281,221,60,2.07,1.5,281,16,52,169
25907,23,21,21,0,7.9,,21,0,,21
25908,,20,20,0,1.7,,20,0,,20
25909,,248,133,115,2.18,2.96,248,0,72,61
25911,44,96,96,0,1.85,,96,14,25,71
25913,,121,121,0,1.99,,121,0,,121
25915,61,84,70,14,2.33,1.21,84,21,9,61
25916,,61,61,0,3.44,,61,0,,61
25917,169,627,506,121,2.81,1.74,627,61,198,308
25918,263,1896,1693,203,2.35,3.23,1896,43,943,750
25920,,82,82,0,5.99,,82,0,34,48
25921,228,1242,755,487,2.26,2.02,1242,205,246,509
25922,,68,68,0,2.13,,68,0,17,51
25928,30,196,196,0,1.73,,196,13,,196
25932,,113,96,17,3.61,3.06,113,16,62,34
25936,59,4,,4,,,4,0,,
25938,316,545,475,70,2.57,2.1,545,65,223,252
25942,22,53,53,0,3.49,,53,17,,53
25943,,,,0,,,,0,,
25951,915,2443,1730,713,2.25,2.29,2443,319,874,856
25958,67,251,195,56,2.77,3.91,251,8,122,73
25962,226,1369,1015,354,2.04,1.87,1369,180,330,685
25966,10,35,35,0,3.49,,35,0,14,21
25969,81,564,507,57,2.4,2.3,564,10,222,285
25971,185,598,584,14,2.39,2.43,598,28,349,235
25972,50,101,73,28,1.85,5.46,101,0,14,59
25976,141,997,853,144,2.29,1.95,997,96,358,495
25977,37,,,0,,,,0,,
25978,55,174,165,9,2.96,,174,8,116,49
25979,120,285,229,56,2.03,1.79,285,29,43,186
25981,50,254,208,46,2.05,2.11,254,52,78,130
25984,78,665,471,194,2.34,3.49,665,35,210,261
25985,74,154,66,88,2.59,3.49,154,0,18,48
25986,35,113,113,0,2.57,,113,0,40,73
25989,32,62,62,0,4.11,,62,0,41,21
26003,3459,17383,12157,5226,2.47,1.86,17383,1942,5789,6368
26030,51,249,197,52,2.35,2.48,249,3,69,128
26031,137,727,504,223,2.28,2.7,727,73,217,287
26032,13,207,175,32,1.85,1.84,207,4,81,94
26033,716,695,631,64,2.52,2.05,695,31,192,439
26034,335,2206,1702,504,2.02,1.88,2206,47,689,1013
26035,96,726,687,39,2.18,1.26,726,13,257,430
26036,95,117,100,17,6.05,,117,0,61,39
26037,203,2712,1975,737,2.39,1.63,2712,150,895,1080
26038,43,1281,1174,107,2.82,2.64,1281,24,500,674
26039,158,182,148,34,2.47,2.76,182,8,64,84
26040,234,628,443,185,3.01,2.23,628,68,220,223
26041,1302,5989,4542,1447,2.58,2.25,5989,565,1864,2678
26047,438,2390,1735,655,2.31,2.44,2390,92,720,1015
26050,52,691,339,352,2.01,2.05,691,206,78,261
26055,276,463,421,42,2.26,3.6,463,21,105,316
26056,,109,109,0,3.31,,109,0,74,35
26058,11,28,28,0,5.29,,28,0,27,1
26059,218,1115,843,272,2.48,2.32,1115,100,392,451
26060,161,652,576,76,2.99,4.42,652,9,285,291
26062,610,9382,6371,3011,2.35,2.03,9382,921,2979,3392
26070,481,3669,2867,802,2.38,2.07,3669,160,1328,1539
26074,84,180,140,40,2.94,2.3,180,14,40,100
26075,61,275,243,32,2.19,4.84,275,4,77,166
26101,2153,11914,7777,4137,2.43,2.22,11914,1609,3904,3873
26104,950,7488,5350,2138,2.28,1.87,7488,854,2990,2360
26105,566,5168,3817,1351,2.43,2.09,5168,315,1893,1924
26133,108,457,423,34,2.79,2.26,457,9,180,243
26134,,271,195,76,2.4,2.47,271,13,70,125
26136,100,134,128,6,2.52,3.0,134,12,51,77
26137,108,248,208,40,3.0,2.3,248,11,23,185
26138,,91,52,39,1.63,,91,39,12,40
26141,81,117,114,3,3.44,,117,13,52,62
26142,24,914,823,91,2.46,3.9,914,0,450,373
26143,485,1574,1283,291,2.56,2.74,1574,143,571,712
26146,253,344,342,2,2.8,4.0,344,5,82,260
26147,258,701,527,174,2.15,3.37,701,91,295,232
26148,72,88,88,0,2.4,,88,0,5,83
26149,484,735,579,156,2.74,2.13,735,38,149,430
26150,318,2353,1839,514,2.61,2.43,2353,50,1028,811
26151,81,281,214,67,2.64,2.67,281,18,48,166
26152,67,16,9,7,,,16,0,,9
26155,761,2809,2270,539,2.58,3.05,2809,235,833,1437
26159,186,946,745,201,2.6,2.63,946,43,311,434
26160,168,396,380,16,2.29,1.5,396,27,120,260
26161,104,221,221,0,2.95,,221,0,62,159
26162,35,,,0,,,,0,,
26164,571,2997,2231,766,2.41,2.54,2997,372,916,1315
26167,90,395,359,36,2.6,,395,44,60,299
26169,19,303,226,77,3.04,1.35,303,24,154,72
26170,487,2185,1845,340,2.71,2.63,2185,127,838,1007
26175,241,1198,1019,179,2.88,2.59,1198,130,346,673
26178,214,86,73,13,2.3,4.54,86,0,8,65
26180,148,791,616,175,2.75,1.65,791,24,222,394
26181,370,2473,2061,412,2.78,2.02,2473,108,987,1074
26184,166,862,756,106,3.0,3.7,862,15,358,398
26187,211,2590,2364,226,2.38,1.56,2590,133,1287,1077
26201,968,7777,5727,2050,2.42,2.07,7777,695,3142,2585
26202,13,174,174,0,2.43,,174,17,26,148
26203,33,190,156,34,3.12,5.0,190,20,,156
26205,286,1289,1008,281,2.71,2.13,1289,109,567,441
26206,305,928,681,247,2.94,3.31,928,105,231,450
26208,151,308,259,49,2.37,3.45,308,56,121,138
26209,1441,79,55,24,1.47,5.0,79,10,23,32
26210,,,,0,,,,0,,
26215,23,44,44,0,2.0,,44,0,18,26
26217,44,36,12,24,5.42,1.96,36,0,,12
26218,282,1065,935,130,2.94,2.24,1065,43,327,608
26222,282,71,47,24,,1.83,71,18,35,12
26224,74,107,107,0,1.85,,107,0,13,94
26228,20,,,0,,,,0,,
26230,75,59,49,10,,,59,42,17,32
26234,184,565,553,12,1.89,2.58,565,53,128,425
26236,,8,8,0,1.88,,8,0,,8
26237,110,205,184,21,2.07,3.19,205,0,73,111
26238,121,468,455,13,2.18,4.69,468,0,124,331
26241,1154,5252,3508,1744,2.76,2.0,5252,731,1505,2003
26250,336,1694,1332,362,2.92,3.4,1694,167,596,736
26253,336,1268,920,348,2.94,3.02,1268,73,389,531
26254,158,56,50,6,2.0,6.33,56,0,5,45
26257,30,298,275,23,3.17,2.65,298,26,171,104
26259,24,51,51,0,2.14,,51,0,,51
26260,1094,588,483,105,2.24,2.06,588,77,205,278
26261,503,1183,959,224,2.65,2.28,1183,171,305,654
26263,251,99,86,13,1.74,3.15,99,17,18,68
26264,190,241,218,23,2.54,3.78,241,9,76,142
26266,,,,0,,,,0,,
26267,25,195,101,94,4.46,3.4,195,0,25,76
26268,107,18,18,0,3.22,,18,0,18,
26269,83,436,385,51,2.45,1.96,436,28,193,192
26270,123,217,164,53,1.7,2.87,217,3,32,132
26271,86,186,156,30,2.4,3.13,186,23,70,86
26273,196,277,232,45,3.33,3.51,277,18,116,116
26275,27,222,174,48,2.81,2.54,222,17,72,102
26276,84,260,260,0,3.56,,260,0,101,159
26278,12,299,246,53,2.23,,299,29,60,186
26280,217,560,399,161,2.39,2.65,560,22,124,275
26282,87,61,61,0,2.2,,61,0,16,45
26283,217,618,534,84,2.28,3.35,618,26,235,299
26285,61,106,92,14,1.85,,106,11,25,67
26287,360,1122,846,276,2.74,2.18,1122,77,424,422
26288,717,1337,964,373,2.98,2.09,1337,257,297,667
26289,12,42,42,0,2.02,,42,0,6,36
26291,82,45,45,0,2.18,,45,0,38,7
26292,146,255,184,71,2.27,1.94,255,14,32,152
26293,,193,134,59,2.46,3.12,193,0,28,106
26294,135,244,244,0,1.88,,244,42,60,184
26296,11,36,36,0,2.19,,36,0,,36
26298,41,34,34,0,2.97,,34,13,13,21
26301,1991,11588,7710,3878,2.65,2.07,11588,1509,3781,3929
26320,227,253,248,5,2.48,3.2,253,4,42,206
26321,50,100,72,28,1.89,,100,12,12,60
26323,35,231,122,109,1.76,1.54,231,38,30,92
26325,53,86,75,11,1.84,2.91,86,13,15,60
26327,24,42,42,0,2.26,,42,0,6,36
26330,686,6108,4539,1569,2.58,2.19,6108,335,2390,2149
26335,180,579,506,73,2.54,2.21,579,22,182,324
26337,100,368,329,39,2.81,3.54,368,10,145,184
26338,99,235,171,64,3.57,3.45,235,0,33,138
26339,110,42,33,9,2.82,2.33,42,0,15,18
26342,54,179,148,31,3.14,1.45,179,9,70,78
26343,126,186,147,39,2.22,1.9,186,24,18,129
26346,32,205,167,38,2.77,3.68,205,9,53,114
26347,71,759,663,96,2.91,3.4,759,18,265,398
26348,39,159,123,36,2.36,,159,0,,123
26349,19,58,28,30,2.29,3.33,58,8,9,19
26351,384,1026,610,416,3.2,2.42,1026,53,314,296
26354,678,3965,3247,718,2.52,2.54,3965,298,1324,1923
26361,38,11,11,0,,,11,0,11,
26362,287,1080,820,260,2.43,3.14,1080,82,331,489
26366,,24,24,0,2.42,,24,0,24,
26369,,259,147,112,2.03,3.47,259,12,67,80
26372,62,326,280,46,2.3,3.76,326,0,196,84
26374,63,673,626,47,2.71,3.85,673,14,245,381
26376,103,168,127,41,3.57,,168,15,36,91
26377,105,297,268,29,2.76,1.69,297,0,33,235
26378,241,1676,1520,156,2.42,2.14,1676,88,843,677
26384,45,194,181,13,2.88,,194,44,39,142
26385,277,1297,1183,114,2.46,2.67,1297,52,680,503
26386,183,1041,838,203,2.85,2.56,1041,66,414,424
26404,76,120,120,0,1.94,,120,0,21,99
26405,195,392,363,29,2.73,5.66,392,32,95,268
26408,141,888,837,51,2.68,2.49,888,15,406,431
26410,84,324,289,35,2.43,2.69,324,18,135,154
26411,126,233,176,57,2.38,6.54,233,0,31,145
26412,51,159,159,0,2.74,,159,0,72,87
26415,393,946,844,102,3.26,2.49,946,31,251,593
26416,538,2915,1994,921,2.43,1.97,2915,171,738,1256
26419,151,223,162,61,2.57,2.07,223,14,43,119
26421,13,65,43,22,2.58,3.41,65,1,7,36
26422,53,173,146,27,2.09,3.41,173,0,64,82
26424,37,13,,13,,,13,13,,
26425,167,403,334,69,2.49,2.06,403,33,54,280
26426,574,2388,2109,279,2.69,2.61,2388,70,683,1426
26430,26,115,68,47,2.07,2.91,115,22,9,59
26431,368,2268,1744,524,2.56,2.99,2268,132,787,957
26435,,32,32,0,4.06,,32,0,10,22
26436,,82,82,0,2.88,,82,0,16,66
26437,69,170,149,21,3.48,1.14,170,11,72,77
26438,,63,63,0,1.19,,63,0,25,38
26440,68,472,375,97,2.79,2.54,472,27,143,232
26443,107,101,101,0,4.38,,101,0,53,48
26444,304,1383,1160,223,2.76,1.52,1383,184,314,846
26447,150,502,284,218,2.77,1.94,502,106,101,183
26448,96,463,445,18,2.88,3.0,463,56,102,343
26451,58,194,173,21,2.31,2.71,194,0,106,67
26452,881,3772,2535,1237,2.67,2.21,3772,418,964,1571
26456,643,1130,990,140,2.89,3.25,1130,31,400,590
26463,64,105,79,26,3.05,,105,0,28,51
26501,787,8846,5063,3783,2.3,2.11,8846,790,2855,2208
26505,2995,15859,5211,10648,2.34,1.92,15859,1828,2888,2323
26506,,,,0,,,,0,,
26508,1136,15203,11438,3765,2.6,2.43,15203,539,7025,4413
26519,39,708,484,224,2.6,2.38,708,80,122,362
26520,31,281,281,0,2.86,,281,5,177,104
26521,25,60,48,12,2.19,1.08,60,0,5,43
26524,39,72,59,13,3.31,,72,7,,59
26525,448,2017,1818,199,2.42,2.31,2017,51,956,862
26534,34,420,243,177,2.22,1.82,420,100,69,174
26537,422,2409,1755,654,2.46,2.06,2409,177,826,929
26541,194,1571,1437,134,2.42,2.02,1571,0,968,469
26542,142,821,703,118,2.4,2.19,821,49,305,398
26543,24,108,34,74,,2.24,108,36,,34
26544,39,20,20,0,,,20,11,,20
26546,,12,12,0,2.0,,12,0,12,
26547,109,1107,827,280,3.01,2.19,1107,73,429,398
26554,2099,17687,12430,5257,2.33,2.24,17687,1532,6151,6279
26559,88,628,564,64,2.57,1.86,628,72,275,289
26560,20,40,40,0,3.75,,40,0,40,
26562,83,226,196,30,2.68,5.6,226,0,55,141
26563,,110,57,53,2.72,2.3,110,9,25,32
26568,36,239,209,30,2.59,4.5,239,9,42,167
26570,243,1217,1045,172,2.68,2.22,1217,103,409,636
26571,55,634,547,87,2.67,3.01,634,18,322,225
26572,39,111,72,39,2.53,7.92,111,28,9,63
26574,19,164,133,31,2.7,1.87,164,18,68,65
26575,110,319,281,38,2.01,1.95,319,18,50,231
26576,58,394,394,0,2.01,,394,0,130,264
26581,166,372,322,50,2.45,1.98,372,0,56,266
26582,281,1597,1347,250,2.52,2.02,1597,56,519,828
26585,65,197,157,40,2.99,2.98,197,13,25,132
26586,,37,37,0,1.57,,37,0,,37
26587,,121,79,42,3.35,1.67,121,12,30,49
26588,162,1286,1048,238,2.4,2.42,1286,53,567,481
26590,96,298,298,0,2.29,,298,0,64,234
26591,39,610,533,77,3.23,2.18,610,4,290,243
26601,763,1211,917,294,2.54,3.83,1211,112,392,525
26610,94,276,213,63,2.39,1.35,276,0,59,154
26611,31,48,41,7,3.59,2.0,48,11,,41
26615,12,15,,15,,,15,0,,
26617,20,40,40,0,3.3,,40,0,37,3
26619,60,156,156,0,2.89,,156,0,43,113
26621,43,263,240,23,3.14,3.17,263,11,66,174
26623,118,412,392,20,3.08,,412,46,144,248
26624,325,1108,877,231,2.42,1.79,1108,109,328,549
26627,12,100,51,49,2.53,4.71,100,0,51,
26629,18,118,118,0,2.92,,118,0,28,90
26631,114,88,88,0,2.0,,88,31,28,60
26636,116,173,161,12,2.68,5.08,173,15,25,136
26638,11,65,54,11,2.35,4.18,65,0,7,47
26651,596,3631,2658,973,2.55,2.53,3631,192,988,1670
26656,37,121,121,0,2.56,,121,17,59,62
26660,42,175,152,23,2.55,,175,28,102,50
26662,105,220,220,0,2.38,,220,0,180,40
26667,21,29,20,9,1.7,,29,0,,20
26671,19,198,198,0,1.92,,198,0,38,160
26676,254,128,128,0,3.01,,128,0,25,103
26678,185,510,510,0,2.95,,510,74,220,290
26679,481,564,502,62,2.48,3.37,564,25,215,287
26680,11,156,135,21,3.15,3.29,156,0,64,71
26681,98,561,476,85,2.17,1.98,561,31,177,299
26684,,134,74,60,3.11,4.05,134,0,61,13
26690,31,260,218,42,2.98,6.55,260,0,124,94
26691,50,144,141,3,2.98,,144,20,39,102
26704,814,1761,1558,203,2.62,3.14,1761,24,728,830
26705,84,252,166,86,2.74,2.51,252,12,68,98
26707,32,93,72,21,2.67,2.95,93,4,29,43
26710,159,824,731,93,3.13,2.3,824,0,219,512
26711,297,943,773,170,2.65,3.49,943,57,436,337
26714,265,167,137,30,3.48,4.03,167,0,66,71
26716,14,318,231,87,3.08,1.94,318,7,92,139
26717,102,357,333,24,3.9,3.75,357,15,108,225
26719,159,960,795,165,2.51,1.43,960,16,434,361
26720,38,46,46,0,4.61,,46,0,42,4
26722,167,119,100,19,2.14,3.0,119,24,17,83
26726,1164,5039,3678,1361,2.6,1.96,5039,541,1926,1752
26731,33,137,137,0,1.58,,137,0,55,82
26739,290,330,294,36,2.67,3.33,330,7,90,204
26743,197,645,595,50,2.57,1.92,645,37,217,378
26750,127,296,152,144,3.39,2.49,296,37,45,107
26753,242,2233,1876,357,2.43,2.78,2233,170,1023,853
26755,156,170,162,8,2.35,5.25,170,0,30,132
26757,970,2442,1792,650,3.0,2.13,2442,200,863,929
26761,103,325,307,18,2.03,6.94,325,0,62,245
26763,654,439,322,117,2.68,3.94,439,13,110,212
26764,717,1781,1433,348,2.52,2.49,1781,98,667,766
26767,96,200,151,49,2.7,3.94,200,0,84,67
26801,304,456,368,88,2.45,1.3,456,38,173,195
26802,223,390,293,97,1.76,2.8,390,25,109,184
26804,71,169,140,29,2.67,4.83,169,16,41,99
26807,446,845,701,144,2.76,1.99,845,52,292,409
26808,55,232,201,31,1.76,5.0,232,0,116,85
26810,266,227,219,8,2.31,8.75,227,20,45,174
26812,336,681,559,122,2.27,4.75,681,27,237,322
26814,67,168,168,0,3.04,,168,3,57,111
26815,243,259,233,26,2.55,1.73,259,23,69,164
26817,63,196,196,0,3.31,,196,0,58,138
26818,66,428,247,181,3.3,3.66,428,54,132,115
26823,36,58,27,31,2.07,,58,0,,27
26833,239,888,824,64,2.58,2.5,888,51,418,406
26836,650,2629,1867,762,2.15,2.9,2629,168,665,1202
26838,12,20,20,0,4.1,,20,0,20,
26845,39,280,247,33,2.23,4.45,280,0,175,72
26847,676,2249,1645,604,2.69,2.13,2249,252,762,883
26851,581,825,702,123,2.06,1.63,825,28,400,302
26852,193,358,299,59,2.88,3.76,358,10,179,120
26855,124,257,218,39,2.72,4.23,257,0,105,113
26865,168,143,119,24,2.96,5.46,143,0,63,56
26866,264,262,250,12,3.01,3.58,262,6,57,193
26884,108,98,79,19,2.8,2.89,98,5,17,62
26886,36,84,66,18,1.86,2.22,84,13,5,61
27006,508,6176,5632,544,2.54,2.54,6176,379,3291,2341
27007,139,819,687,132,2.96,1.95,819,16,449,238
27009,133,1191,1135,56,2.92,3.79,1191,0,685,450
27011,289,2273,1705,568,2.36,1.75,2273,173,876,829
27012,736,11171,9163,2008,2.57,1.96,11171,172,6268,2895
27013,528,2307,1808,499,2.59,2.66,2307,45,981,827
27014,68,301,195,106,2.29,2.78,301,24,112,83
27016,223,761,614,147,2.12,2.12,761,0,305,309
27017,745,3328,2505,823,2.79,2.19,3328,93,1223,1282
27018,498,3018,2511,507,2.65,2.32,3018,44,1174,1337
27019,166,1668,1332,336,2.39,2.05,1668,113,597,735
27020,456,2373,1741,632,2.46,2.84,2373,175,892,849
27021,652,7243,5361,1882,2.26,2.36,7243,91,3627,1734
27022,195,473,356,117,2.26,2.79,473,25,161,195
27023,300,4766,4046,720,2.66,3.4,4766,27,2653,1393
27024,288,1085,935,150,2.56,2.05,1085,50,461,474
27025,746,4357,3548,809,2.3,3.16,4357,170,1794,1754
27027,134,1872,1154,718,2.4,1.84,1872,150,586,568
27028,1529,9757,7541,2216,2.54,2.85,9757,329,4054,3487
27030,2416,14784,10223,4561,2.41,2.33,14784,953,5316,4907
27040,641,4653,4310,343,2.68,3.16,4653,68,2956,1354
27041,405,3294,2408,886,2.54,2.26,3294,110,1000,1408
27042,36,96,96,0,1.95,,96,7,7,89
27043,179,2532,2167,365,2.7,2.19,2532,59,1275,892
27045,247,4102,3279,823,2.43,2.4,4102,81,2163,1116
27046,137,1148,915,233,1.91,2.2,1148,41,672,243
27047,21,459,406,53,3.35,2.28,459,31,184,222
27048,436,3227,2686,541,2.54,2.54,3227,114,1284,1402
27050,246,1609,1457,152,2.41,2.24,1609,0,1036,421
27051,556,3021,2090,931,2.39,2.58,3021,114,1292,798
27052,481,4110,2971,1139,2.54,2.7,4110,219,1564,1407
27053,292,1365,1178,187,2.41,1.38,1365,44,414,764
27054,159,876,775,101,2.37,2.53,876,66,472,303
27055,845,5223,4037,1186,2.65,2.64,5223,199,2162,1875
27101,2042,9266,3049,6217,2.6,1.79,9266,1625,1940,1109
27103,1999,16075,8484,7591,2.33,2.03,16075,1328,5526,2958
27104,1285,13310,8150,5160,2.49,1.69,13310,885,5009,3141
27105,3105,14900,7479,7421,2.76,2.61,14900,2552,4435,3044
27106,2787,19076,10512,8564,2.73,1.97,19076,1213,6617,3895
27107,1873,18438,12782,5656,2.63,2.85,18438,1447,7892,4890
27109,,,,0,,,,0,,
27110,,,,0,,,,0,,
27127,1212,16190,10141,6049,2.65,2.52,16190,529,7066,3075
27201,,39,27,12,2.63,2.5,39,4,14,13
27202,,26,26,0,,,26,0,26,
27203,1044,9025,3964,5061,2.57,2.27,9025,781,2023,1941
27205,1158,13886,11033,2853,2.52,2.62,13886,366,5771,5262
27207,249,1338,1071,267,2.86,2.51,1338,13,559,512
27208,229,612,537,75,2.55,3.36,612,0,232,305
27209,308,1386,842,544,3.13,3.68,1386,67,367,475
27212,110,459,337,122,3.0,1.41,459,39,146,191
27213,,52,43,9,1.65,,52,0,11,32
27214,642,5042,3510,1532,3.01,2.5,5042,18,2283,1227
27215,1423,19186,11679,7507,2.48,2.11,19186,958,7117,4562
27217,2042,14131,8928,5203,2.75,2.58,14131,883,5038,3890
27229,207,918,747,171,3.5,2.73,918,28,376,371
27231,105,992,780,212,2.49,1.48,992,28,491,289
27233,90,1193,1016,177,2.77,3.02,1193,8,671,345
27235,16,1894,1594,300,2.46,1.87,1894,64,899,695
27239,603,3362,2662,700,2.31,2.59,3362,152,1313,1349
27242,343,611,353,258,2.6,1.72,611,130,108,245
27243,263,2042,1788,254,2.77,1.96,2042,25,1263,525
27244,546,4942,3670,1272,2.6,2.52,4942,202,2306,1364
27247,15,64,26,38,4.19,2.18,64,0,,26
27248,276,1197,911,286,2.95,2.87,1197,15,490,421
27249,759,5173,4183,990,2.57,2.01,5173,95,2339,1844
27252,159,644,466,178,2.09,2.96,644,11,297,169
27253,1104,13127,9055,4072,2.47,2.25,13127,617,5605,3450
27256,,67,67,0,,,67,0,67,
27258,376,2713,2263,450,2.67,2.91,2713,77,1301,962
27259,57,35,22,13,4.36,4.77,35,0,22,
27260,1811,9407,3637,5770,2.73,2.45,9407,1925,1749,1888
27262,1188,9010,5404,3606,2.54,2.6,9010,358,3627,1777
27263,659,8580,5956,2624,2.56,2.68,8580,247,3303,2653
27265,1318,20559,14141,6418,2.55,2.25,20559,607,9644,4497
27268,,,,0,,,,0,,
27278,1040,11338,8788,2550,2.53,1.89,11338,299,6067,2721
27281,258,1303,1098,205,2.51,3.17,1303,28,640,458
27282,296,6089,4642,1447,2.47,2.42,6089,71,3206,1436
27283,160,1212,1029,183,2.57,2.52,1212,65,649,380
27284,1719,22910,16261,6649,2.59,2.11,22910,744,10502,5759
27288,1735,9866,5955,3911,2.57,2.15,9866,714,3077,2878
27291,276,628,549,79,2.22,3.73,628,18,368,181
27292,2712,16550,10789,5761,2.4,2.46,16550,1159,5740,5049
27295,1202,15647,11450,4197,2.52,2.35,15647,737,5863,5587
27298,324,4094,2826,1268,2.68,2.74,4094,195,1329,1497
27299,244,1706,1339,367,2.92,3.13,1706,28,861,478
27301,287,3811,3313,498,2.66,2.99,3811,80,2457,856
27302,1022,12915,9092,3823,2.73,2.19,12915,260,6390,2702
27305,113,779,572,207,2.33,2.73,779,32,265,307
27306,1974,2304,1827,477,2.37,2.59,2304,138,804,1023
27310,97,2824,2721,103,2.99,2.55,2824,0,2139,582
27311,315,1261,847,414,2.39,2.51,1261,72,294,553
27312,895,9505,7680,1825,2.39,2.29,9505,303,4866,2814
27313,357,2582,2219,363,2.58,1.83,2582,143,1547,672
27314,101,304,264,40,2.63,2.08,304,0,184,80
27315,100,751,649,102,2.5,2.55,751,64,297,352
27316,528,2738,1884,854,2.63,3.12,2738,157,1027,857
27317,656,6686,5157,1529,2.59,3.15,6686,140,2996,2161
27320,2229,16033,11406,4627,2.32,2.19,16033,1310,6095,5311
27325,509,2538,1890,648,2.76,3.36,2538,110,542,1348
27326,259,1311,946,365,2.58,2.64,1311,57,360,586
27330,1778,15002,9357,5645,2.72,2.46,15002,710,6066,3291
27332,1575,12181,8372,3809,2.63,3.09,12181,509,4903,3469
27340,,15,7,8,,1.63,15,0,7,
27341,544,1764,1506,258,2.28,1.9,1764,52,775,731
27342,,22,18,4,3.44,1.75,22,0,15,3
27343,580,549,501,48,2.28,5.23,549,0,163,338
27344,901,6718,4383,2335,2.63,2.89,6718,354,1925,2458
27349,217,2492,2044,448,2.5,2.4,2492,130,1227,817
27350,265,2424,2092,332,2.5,2.19,2424,48,1215,877
27351,,68,68,0,3.09,,68,0,,68
27355,165,886,551,335,3.05,1.74,886,5,349,202
27356,473,875,623,252,2.94,3.79,875,9,285,338
27357,344,3551,2966,585,2.66,2.81,3551,245,2083,883
27358,242,5328,4663,665,2.94,2.45,5328,157,3196,1467
27360,1899,18108,12131,5977,2.52,2.59,18108,790,7472,4659
27370,533,5392,4742,650,2.61,2.59,5392,276,2769,1973
27371,1005,2873,1998,875,2.52,2.28,2873,151,900,1098
27374,38,115,29,86,2.93,1.4,115,45,,29
27376,778,3480,3094,386,2.38,2.65,3480,34,1589,1505
27377,257,3738,2868,870,2.55,2.47,3738,54,2131,737
27379,534,1887,1229,658,2.48,2.18,1887,255,567,662
27401,1793,7590,2585,5005,2.48,2.04,7590,1399,1444,1141
27403,1207,7815,4138,3677,2.27,2.41,7815,586,2589,1549
27405,2378,19497,8865,10632,2.8,2.48,19497,2423,6045,2820
27406,2645,24710,13623,11087,2.65,2.34,24710,2005,8674,4949
27407,1800,21662,10257,11405,2.58,2.26,21662,1202,7264,2993
27408,624,7575,5321,2254,2.24,2.21,7575,264,3532,1789
27409,1241,8076,2882,5194,2.01,1.98,8076,662,1902,980
27410,1830,24349,15461,8888,2.4,2.06,24349,960,10281,5180
27411,,,,0,,,,0,,
27412,,,,0,,,,0,,
27455,901,11726,8560,3166,2.56,2.06,11726,287,6260,2300
27501,501,8076,6380,1696,2.76,2.63,8076,375,4748,1632
27502,1126,15795,12691,3104,2.94,2.51,15795,330,9960,2731
27503,163,1385,1202,183,2.21,2.12,1385,24,680,522
27504,736,5867,4305,1562,2.47,2.46,5867,329,2866,1439
27505,396,2915,2173,742,2.43,2.88,2915,82,1162,1011
27506,51,,,0,,,,0,,
27507,267,689,473,216,2.48,2.73,689,53,223,250
27508,80,864,669,195,2.39,2.31,864,14,142,527
27509,140,1547,978,569,2.7,2.98,1547,78,671,307
27510,725,6571,1954,4617,2.32,2.11,6571,625,1134,820
27511,822,13201,8911,4290,2.52,2.41,13201,772,6147,2764
27513,1240,19076,12040,7036,2.67,2.21,19076,384,8606,3434
27514,1188,9883,4972,4911,2.67,2.15,9883,530,2941,2031
27516,1359,16400,11247,5153,2.73,2.33,16400,616,7445,3802
27517,922,11222,7675,3547,2.5,1.97,11222,435,4874,2801
27518,794,8245,5327,2918,2.64,1.88,8245,167,3649,1678
27519,1007,21393,15055,6338,3.0,2.74,21393,449,11487,3568
27520,992,16241,12265,3976,2.81,2.67,16241,419,8691,3574
27521,306,2581,1760,821,2.62,2.43,2581,36,929,831
27522,616,4768,4034,734,2.67,2.51,4768,69,2714,1320
27523,458,5509,3857,1652,2.81,2.39,5509,140,2656,1201
27524,779,5027,3259,1768,2.8,2.59,5027,365,1893,1366
27525,891,5512,4240,1272,2.67,2.14,5512,286,2690,1550
27526,728,19654,15305,4349,2.78,2.82,19654,750,11786,3519
27527,582,10959,9185,1774,2.93,2.26,10959,185,7241,1944
27529,997,19786,14094,5692,2.73,2.4,19786,1014,10426,3668
27530,2014,15530,9284,6246,2.38,2.34,15530,1794,5435,3849
27531,,42,,42,,,42,0,,
27533,,,,0,,,,0,,
27534,1262,13130,7200,5930,2.33,2.09,13130,976,3941,3259
27536,1270,5923,2416,3507,2.8,2.43,5923,876,1022,1394
27537,1793,8662,6180,2482,2.63,2.76,8662,311,3483,2697
27539,351,8801,7258,1543,3.06,2.66,8801,122,5398,1860
27540,731,13875,11452,2423,3.21,2.54,13875,195,9314,2138
27541,113,1475,1355,120,2.37,2.78,1475,0,960,395
27542,454,3883,2535,1348,2.53,2.6,3883,146,1522,1013
27544,215,1725,1131,594,2.32,2.96,1725,123,512,619
27545,414,11911,8777,3134,2.68,2.74,11911,385,6544,2233
27546,764,6880,4651,2229,2.81,2.69,6880,302,2875,1776
27549,1537,9258,6535,2723,2.54,2.34,9258,481,3798,2737
27551,723,837,708,129,2.18,3.12,837,50,294,414
27553,418,640,436,204,2.8,2.13,640,42,284,152
27555,46,216,92,124,2.66,2.27,216,3,72,20
27556,7,87,69,18,2.39,3.94,87,2,12,57
27557,561,2595,1729,866,3.04,3.02,2595,121,953,776
27559,77,1183,971,212,2.15,3.05,1183,17,608,363
27560,1188,14806,6866,7940,2.87,2.15,14806,435,5692,1174
27562,241,1287,1144,143,3.24,1.49,1287,15,862,282
27563,462,2119,1324,795,2.43,2.21,2119,278,434,890
27565,1511,9308,6104,3204,2.75,2.62,9308,649,3276,2828
27568,69,560,392,168,2.99,1.99,560,13,251,141
27569,367,3342,2279,1063,2.71,2.55,3342,168,1549,730
27570,,30,30,0,,,30,0,,30
27571,103,2751,2386,365,3.16,2.45,2751,15,2082,304
27572,190,2876,2657,219,2.46,1.61,2876,66,1757,900
27573,678,4627,2444,2183,2.39,2.22,4627,696,1305,1139
27574,656,5945,5141,804,2.44,2.42,5945,113,2566,2575
27576,541,7017,4781,2236,2.81,2.66,7017,533,2352,2429
27577,1026,9333,6241,3092,2.73,2.55,9333,818,4295,1946
27581,230,1244,1111,133,3.0,2.51,1244,0,744,367
27582,34,101,65,36,2.54,2.42,101,5,34,31
27583,283,2767,2460,307,2.62,1.81,2767,31,1645,815
27584,,100,42,58,2.02,2.62,100,49,11,31
27587,1031,27840,21848,5992,2.87,2.48,27840,662,16951,4897
27589,813,2628,1804,824,2.28,2.49,2628,273,779,1025
27591,453,8378,6263,2115,2.9,2.66,8378,228,4203,2060
27592,287,6017,5181,836,3.03,3.1,6017,59,4152,1029
27593,,,,0,,,,0,,
27594,56,55,55,0,1.89,,55,0,55,
27596,341,6978,5734,1244,2.74,2.39,6978,138,4350,1384
27597,845,9981,7895,2086,2.75,3.02,9981,387,5471,2424
27599,,,,0,,,,0,,
27601,575,4371,1154,3217,2.31,1.95,4371,750,896,258
27603,1769,21127,12576,8551,2.59,2.37,21127,781,9340,3236
27604,2023,18100,10188,7912,2.4,2.51,18100,705,7842,2346
27605,404,3624,1176,2448,1.91,1.34,3624,271,755,421
27606,1784,18835,6917,11918,2.49,2.25,18835,1065,4853,2064
27607,1019,8861,4120,4741,2.44,2.13,8861,472,2997,1123
27608,448,5113,3900,1213,2.53,1.71,5113,95,2650,1250
27609,2700,16399,8597,7802,2.29,2.0,16399,1101,6084,2513
27610,1469,26086,16006,10080,2.81,3.12,26086,1824,13093,2913
27612,2457,18460,9908,8552,2.38,1.81,18460,1245,6665,3243
27613,2050,17505,12587,4918,2.7,2.02,17505,275,9559,3028
27614,1527,12785,9233,3552,2.73,2.01,12785,401,7085,2148
27615,1368,18865,13404,5461,2.45,2.19,18865,638,9197,4207
27616,1284,20907,12328,8579,2.8,2.51,20907,823,9748,2580
27617,495,9500,4121,5379,2.43,1.78,9500,282,3308,813
27695,,,,0,,,,0,,
27697,,,,0,,,,0,,
27701,1566,10712,3239,7473,2.31,2.03,10712,1749,2342,897
27703,1359,23944,15383,8561,2.46,2.43,23944,1108,11722,3661
27704,742,15865,8988,6877,2.58,2.58,15865,1434,6341,2647
27705,2043,21130,9523,11607,2.39,1.86,21130,2027,6032,3491
27707,1622,21279,10148,11131,2.34,2.26,21279,1857,7082,3066
27708,,,,0,,,,0,,
27709,,,,0,,,,0,,
27712,245,9103,8145,958,2.45,2.39,9103,188,5612,2533
27713,1297,23585,14154,9431,2.5,2.13,23585,800,10901,3253
27801,1999,6893,3408,3485,2.8,2.86,6893,836,1754,1654
27803,1645,8534,5371,3163,2.23,2.14,8534,1056,2958,2413
27804,1383,12195,6821,5374,2.41,2.31,12195,653,3959,2862
27805,153,1354,1111,243,2.39,2.58,1354,42,543,568
27806,412,933,794,139,2.42,2.96,933,60,303,491
27807,314,2194,1504,690,2.81,2.78,2194,97,825,679
27808,549,934,832,102,2.18,2.22,934,7,519,313
27809,152,1781,1384,397,2.42,2.28,1781,72,789,595
27810,957,1693,1223,470,2.1,2.61,1693,81,508,715
27812,248,1146,729,417,2.28,2.24,1146,160,328,401
27813,46,301,180,121,2.88,2.45,301,32,108,72
27814,657,613,582,31,2.49,1.71,613,33,262,320
27815,,,,0,,,,0,,
27816,193,1298,927,371,2.45,2.51,1298,2,384,543
27817,537,3023,2300,723,2.37,2.53,3023,245,1119,1181
27818,144,559,448,111,2.06,3.33,559,61,192,256
27819,20,128,50,78,2.4,5.88,128,12,9,41
27820,546,859,677,182,2.52,2.23,859,42,344,333
27821,77,64,64,0,1.63,,64,0,15,49
27822,220,3259,2662,597,2.45,2.69,3259,147,1448,1214
27823,749,2651,1719,932,2.46,2.55,2651,349,670,1049
27824,143,537,380,157,2.02,3.43,537,17,203,177
27825,7,33,5,28,,2.71,33,3,4,1
27826,137,232,193,39,2.37,1.05,232,0,82,111
27827,,81,81,0,2.11,,81,5,8,73
27828,431,3697,2475,1222,2.32,2.72,3697,313,1370,1105
27829,145,758,548,210,1.65,2.01,758,91,114,434
27830,371,1730,972,758,2.35,2.42,1730,63,509,463
27831,297,1423,997,426,2.02,2.16,1423,192,294,703
27832,188,919,673,246,2.45,2.56,919,67,234,439
27834,3482,24304,9362,14942,2.42,2.16,24304,2911,6441,2921
27837,328,2379,1882,497,2.67,2.31,2379,128,1156,726
27839,397,1420,1033,387,2.16,1.99,1420,153,383,650
27840,61,125,101,24,1.91,2.88,125,32,25,76
27841,12,15,,15,,1.6,15,0,,
27842,1209,790,723,67,2.18,2.45,790,25,423,300
27843,132,324,217,107,2.72,2.55,324,65,90,127
27844,334,1269,874,395,2.54,2.32,1269,130,250,624
27845,157,838,527,311,2.58,2.21,838,58,201,326
27846,141,1162,867,295,2.33,2.59,1162,28,440,427
27847,94,355,220,135,1.63,4.84,355,30,67,153
27849,85,506,380,126,2.08,2.26,506,96,144,236
27850,2214,3040,2524,516,2.42,2.19,3040,202,1074,1450
27851,242,1857,1303,554,2.58,1.96,1857,97,679,624
27852,164,1148,1002,146,2.19,2.38,1148,41,382,620
27853,,185,160,25,3.36,4.48,185,29,122,38
27855,398,2136,1342,794,1.99,2.44,2136,300,537,805
27856,844,6104,4368,1736,2.75,2.47,6104,284,2688,1680
27857,106,545,377,168,2.05,2.14,545,8,177,200
27858,3094,22504,9792,12712,2.48,2.08,22504,1409,6539,3253
27860,361,493,382,111,3.53,2.42,493,22,180,202
27861,11,44,34,10,2.56,1.9,44,0,20,14
27862,125,319,269,50,1.99,2.44,319,14,83,186
27863,388,4512,3620,892,2.83,2.7,4512,51,2594,1026
27864,352,1834,1149,685,2.42,2.79,1834,83,513,636
27865,95,805,760,45,2.92,1.64,805,0,359,401
27866,60,229,188,41,2.52,4.9,229,23,125,63
27869,358,716,567,149,2.25,2.06,716,59,333,234
27870,1337,10227,5917,4310,2.38,2.53,10227,1056,3479,2438
27871,442,1766,1156,610,2.17,2.41,1766,223,543,613
27872,11,147,97,50,2.23,1.48,147,7,13,84
27873,26,135,98,37,2.41,1.3,135,26,53,45
27874,645,1861,1238,623,1.95,2.33,1861,185,409,829
27875,60,105,73,32,1.58,,105,0,27,46
27876,219,527,354,173,1.8,2.51,527,49,71,283
27877,,5,5,0,2.4,,5,0,,5
27878,132,497,197,300,2.04,2.18,497,69,58,139
27879,28,125,108,17,2.28,2.41,125,20,47,61
27880,74,1591,1274,317,2.42,2.63,1591,28,740,534
27881,,8,8,0,2.13,,8,0,,8
27882,725,3081,2111,970,2.51,2.97,3081,194,1007,1104
27883,237,1304,852,452,2.69,2.52,1304,71,299,553
27884,15,412,330,82,2.43,6.55,412,82,143,187
27885,201,518,271,247,1.67,2.01,518,0,26,245
27886,1123,7799,5125,2674,2.34,2.28,7799,874,2626,2499
27888,210,749,553,196,2.72,2.93,749,40,301,252
27889,2151,10532,6863,3669,2.35,2.22,10532,900,3590,3273
27890,168,883,391,492,2.19,2.94,883,114,117,274
27891,546,1754,1365,389,2.97,2.18,1754,134,746,619
27892,1118,5494,3642,1852,2.43,2.51,5494,441,1838,1804
27893,2518,15756,6834,8922,2.42,2.46,15756,2338,3853,2981
27896,610,8042,5929,2113,2.38,2.28,8042,169,3784,2145
27897,359,565,279,286,3.01,2.45,565,88,94,185
27909,2281,15079,9525,5554,2.52,2.53,15079,1023,5832,3693
27910,807,4526,2983,1543,2.46,2.52,4526,463,1399,1584
27915,1570,299,256,43,1.24,,299,32,70,186
27916,75,400,339,61,2.34,2.33,400,0,184,155
27917,32,236,131,105,1.78,2.32,236,0,106,25
27919,122,392,287,105,2.39,1.62,392,0,219,68
27920,265,603,466,137,2.6,2.47,603,0,289,177
27921,223,1852,1362,490,2.5,2.45,1852,45,1070,292
27922,100,285,213,72,2.37,2.76,285,8,141,72
27923,,274,243,31,1.89,,274,0,163,80
27924,165,1171,925,246,2.66,2.03,1171,50,454,471
27925,477,1281,912,369,1.95,1.88,1281,98,374,538
27926,159,621,445,176,3.04,1.81,621,43,196,249
27927,4029,609,527,82,2.06,1.61,609,10,333,194
27928,144,813,646,167,2.24,1.57,813,131,176,470
27929,51,1055,966,89,2.58,3.12,1055,31,623,343
27932,809,5583,3438,2145,2.36,1.93,5583,633,1844,1594
27935,87,643,484,159,2.37,4.03,643,17,257,227
27936,583,381,298,83,1.53,2.84,381,0,134,164
27937,70,1239,973,266,2.83,2.7,1239,66,696,277
27938,131,651,586,65,2.54,1.82,651,6,200,386
27939,181,1168,909,259,2.21,2.51,1168,21,656,253
27941,97,243,223,20,1.6,1.55,243,17,82,141
27942,88,259,179,80,2.41,1.33,259,26,79,100
27943,405,243,148,95,1.59,3.12,243,19,70,78
27944,1019,5059,3838,1221,2.21,2.23,5059,225,2238,1600
27946,122,630,553,77,1.89,2.68,630,77,218,335
27947,66,445,423,22,2.93,,445,0,294,129
27948,4323,5365,3954,1411,2.36,2.01,5365,35,2805,1149
27949,5778,3288,2863,425,2.44,2.13,3288,73,1946,917
27950,137,817,730,87,2.3,2.55,817,8,335,395
27953,124,385,333,52,2.02,1.35,385,0,179,154
27954,691,2742,2006,736,2.61,2.4,2742,96,1251,755
27956,11,47,47,0,2.09,,47,0,16,31
27957,223,555,368,187,2.14,1.52,555,109,243,125
27958,256,4106,3733,373,2.95,2.41,4106,5,2993,740
27959,3590,1521,1185,336,2.1,1.61,1521,71,786,399
27960,423,352,279,73,2.05,3.22,352,15,182,97
27962,604,3018,1819,1199,2.38,2.18,3018,479,819,1000
27964,69,283,228,55,2.68,2.95,283,0,100,128
27965,,221,100,121,1.81,3.09,221,2,17,83
27966,109,361,238,123,3.34,2.01,361,2,174,64
27967,65,268,256,12,1.97,2.75,268,28,126,130
27968,366,99,86,13,1.34,1.54,99,0,36,50
27969,6,69,33,36,3.12,2.0,69,5,33,
27970,404,1320,973,347,2.32,2.03,1320,237,417,556
27972,479,76,42,34,2.24,2.88,76,0,23,19
27973,28,520,371,149,2.25,2.24,520,0,253,118
27974,22,320,303,17,2.49,2.53,320,21,207,96
27976,85,1519,1356,163,3.18,2.44,1519,21,1022,334
27978,74,98,50,48,3.28,2.79,98,0,30,20
27979,102,333,276,57,2.28,1.3,333,0,80,196
27980,75,827,725,102,2.19,2.11,827,0,320,405
27981,83,719,521,198,2.39,3.5,719,50,296,225
27982,47,13,13,0,2.85,,13,0,13,
27983,1012,2987,2141,846,2.29,2.42,2987,331,1207,934
27985,22,95,66,29,2.88,2.1,95,11,44,22
27986,148,442,280,162,2.18,2.64,442,25,179,101
28001,1944,10512,6888,3624,2.42,2.36,10512,693,3844,3044
28006,45,483,461,22,2.34,3.05,483,25,222,239
28007,70,337,229,108,2.67,2.65,337,20,106,123
28009,94,410,273,137,2.73,2.64,410,27,132,141
28012,660,9973,6974,2999,2.64,2.16,9973,531,4690,2284
28016,791,5100,3333,1767,2.69,2.55,5100,230,1666,1667
28017,,,,0,,,,0,,
28018,651,1855,1533,322,2.21,2.5,1855,93,683,850
28019,,,,0,,,,0,,
28020,274,754,560,194,3.48,3.85,754,53,272,288
28021,601,5501,4015,1486,2.53,2.65,5501,292,2220,1795
28023,367,6097,4718,1379,2.69,2.21,6097,493,2825,1893
28024,,,,0,,,,0,,
28025,3167,19802,13967,5835,2.78,2.67,19802,920,9060,4907
28027,3880,26077,18655,7422,3.0,2.72,26077,819,13286,5369
28031,844,12479,8922,3557,2.51,2.06,12479,333,6446,2476
28032,163,1407,1001,406,1.91,2.86,1407,34,606,395
28033,49,1239,1032,207,2.06,2.8,1239,0,514,518
28034,464,7011,5163,1848,2.61,2.52,7011,299,3335,1828
28036,702,7435,6123,1312,2.76,2.24,7435,170,4488,1635
28037,890,9315,7767,1548,2.54,2.11,9315,223,5238,2529
28039,7,11,11,0,1.55,,11,0,,11
28040,595,2876,2400,476,2.46,2.12,2876,224,851,1549
28041,7,,,0,,,,0,,
28042,,110,59,51,2.27,4.22,110,0,36,23
28043,1136,7944,4902,3042,2.64,2.51,7944,484,2340,2562
28052,2029,13267,7223,6044,2.61,2.72,13267,1219,4007,3216
28054,1542,16468,7508,8960,2.52,2.17,16468,1546,4965,2543
28056,895,13321,10449,2872,2.68,2.41,13321,428,6650,3799
28071,249,1193,967,226,2.48,2.29,1193,139,465,502
28072,36,271,217,54,2.82,3.8,271,0,169,48
28073,419,2301,1596,705,2.82,2.98,2301,126,996,600
28074,,,,0,,,,0,,
28075,294,6247,5700,547,3.38,3.79,6247,54,4485,1215
28076,36,54,54,0,3.24,,54,0,,54
28077,53,187,82,105,2.17,2.61,187,21,23,59
28078,1104,24667,18126,6541,2.84,2.38,24667,682,14464,3662
28079,457,13265,11200,2065,2.97,3.22,13265,186,8820,2380
28080,264,2805,2229,576,2.63,2.79,2805,216,1603,626
28081,1248,10269,6802,3467,2.82,2.78,10269,631,4429,2373
28083,1740,9129,5253,3876,2.86,2.71,9129,563,3623,1630
28086,1118,9923,7267,2656,2.71,2.88,9923,498,3507,3760
28088,187,943,728,215,2.73,3.85,943,90,416,312
28089,12,19,19,0,4.26,,19,0,4,15
28090,770,2631,2068,563,2.87,2.89,2631,224,571,1497
28091,174,758,569,189,2.35,2.39,758,82,297,272
28092,1293,16008,11207,4801,2.62,2.25,16008,603,6828,4379
28097,202,2801,2347,454,2.54,2.41,2801,189,1460,887
28098,68,1546,1098,448,2.5,1.98,1546,40,749,349
28101,17,437,402,35,2.16,2.34,437,13,256,146
28102,15,27,27,0,2.41,,27,0,7,20
28103,551,3994,3314,680,2.55,2.83,3994,102,1654,1660
28104,462,11445,10641,804,2.96,3.05,11445,170,8035,2606
28105,824,16483,11451,5032,2.81,2.37,16483,642,8424,3027
28107,299,2795,2437,358,3.01,3.2,2795,59,1859,578
28108,16,40,40,0,1.88,,40,0,40,
28109,21,155,151,4,1.1,7.25,155,0,4,147
28110,1594,17949,13460,4489,2.96,3.03,17949,758,9625,3835
28112,505,9940,7175,2765,2.77,2.63,9940,570,4867,2308
28114,903,2821,2134,687,2.9,2.86,2821,132,1035,1099
28115,1165,15567,11274,4293,2.68,2.59,15567,488,7885,3389
28117,1986,17736,12226,5510,2.71,2.22,17736,384,9102,3124
28119,293,933,586,347,2.25,2.41,933,58,135,451
28120,663,9291,6732,2559,2.6,2.2,9291,231,4567,2165
28124,396,2087,1747,340,2.94,3.26,2087,73,1014,733
28125,205,991,811,180,3.05,2.14,991,7,549,262
28127,2288,2644,2210,434,2.49,2.73,2644,107,1341,869
28128,851,2694,2020,674,2.57,3.2,2694,135,1011,1009
28129,291,2311,1957,354,2.55,2.14,2311,89,1338,619
28133,239,929,695,234,2.66,1.95,929,37,374,321
28134,127,4781,2973,1808,2.61,2.47,4781,542,2345,628
28135,104,1213,914,299,2.7,3.03,1213,36,365,549
28136,12,24,,24,,2.63,24,0,,
28137,308,1074,929,145,2.7,3.22,1074,7,447,482
28138,314,3819,2767,1052,2.69,2.09,3819,196,1632,1135
28139,1263,7851,6061,1790,2.42,2.28,7851,474,2979,3082
28144,1829,10254,5549,4705,2.36,2.32,10254,1372,3341,2208
28146,1447,12498,10045,2453,2.56,2.46,12498,470,5523,4522
28147,1016,9032,5934,3098,2.73,2.4,9032,379,3549,2385
28150,2361,10975,7383,3592,2.35,2.46,10975,1083,3957,3426
28152,1633,9381,5988,3393,2.81,2.3,9381,511,3317,2671
28159,243,1086,583,503,2.55,2.83,1086,96,380,203
28160,276,1887,867,1020,2.14,1.74,1887,207,483,384
28163,86,1913,1561,352,2.98,2.92,1913,6,1023,538
28164,445,5875,4855,1020,2.62,2.48,5875,209,3107,1748
28166,476,3800,3091,709,2.74,2.86,3800,144,1948,1143
28167,242,955,860,95,2.53,2.24,955,20,380,480
28168,511,3991,3348,643,2.74,2.75,3991,150,1852,1496
28169,27,70,49,21,2.94,2.05,70,0,21,28
28170,787,4279,2739,1540,2.3,2.71,4279,361,1561,1178
28173,730,18899,16850,2049,3.22,2.85,18899,265,12986,3864
28174,170,2666,1914,752,2.86,2.82,2666,89,1131,783
28202,2025,8231,2289,5942,1.67,1.56,8231,813,1925,364
28203,1407,9821,2984,6837,2.14,1.59,9821,643,2346,638
28204,733,5070,1197,3873,2.38,1.42,5070,424,998,199
28205,2044,21826,9238,12588,2.39,2.3,21826,1822,6881,2357
28206,423,5690,1883,3807,2.63,1.98,5690,913,1258,625
28207,286,4134,3387,747,2.42,1.76,4134,116,2231,1156
28208,1686,15641,6163,9478,2.68,2.55,15641,2337,4267,1896
28209,1300,11339,5991,5348,2.3,1.73,11339,778,4671,1320
28210,1588,20838,11394,9444,2.35,2.25,20838,1270,8298,3096
28211,1631,13019,7261,5758,2.63,2.09,13019,618,5087,2174
28212,1275,16443,6136,10307,2.69,2.76,16443,1558,4602,1534
28213,1738,17674,8701,8973,2.73,2.3,17674,848,6593,2108
28214,813,14430,11032,3398,2.77,2.97,14430,465,8421,2611
28215,1409,21754,13713,8041,2.83,3.04,21754,1327,10195,3518
28216,2070,22067,11252,10815,2.36,2.21,22067,1822,8227,3025
28217,864,11513,3727,7786,2.79,2.68,11513,1038,2544,1183
28223,,,,0,,,,0,,
28226,950,15871,11153,4718,2.61,1.92,15871,542,7949,3204
28227,1341,21672,14893,6779,2.73,2.63,21672,651,11002,3891
28244,,,,0,,,,0,,
28262,1642,19395,6476,12919,2.62,2.01,19395,1273,5056,1420
28269,2136,29853,19221,10632,2.64,2.45,29853,842,15819,3402
28270,377,12623,9333,3290,2.8,2.57,12623,263,6963,2370
28273,831,16199,8602,7597,2.93,2.47,16199,546,7144,1458
28274,,,,0,,,,0,,
28277,1290,27899,17780,10119,2.8,2.13,27899,1290,13847,3933
28278,608,11695,8726,2969,3.02,2.68,11695,143,7392,1334
28280,,,,0,,,,0,,
28282,,,,0,,,,0,,
28301,1687,7082,2517,4565,1.93,2.13,7082,1843,1272,1245
28303,1766,13628,5992,7636,2.35,2.05,13628,1345,3692,2300
28304,2018,14405,7722,6683,2.39,2.56,14405,556,4967,2755
28305,500,2908,1627,1281,2.07,1.91,2908,330,1019,608
28306,1831,15767,9534,6233,2.84,2.72,15767,852,6631,2903
28307,745,4253,34,4219,3.03,2.87,4253,21,,34
28308,,,,0,,,,0,,
28310,,,,0,,,,0,,
28311,1908,14139,6774,7365,2.54,2.22,14139,844,4762,2012
28312,985,7670,5346,2324,2.59,2.43,7670,464,3458,1888
28314,2818,22089,9855,12234,2.67,2.6,22089,1169,6983,2872
28315,709,5072,3685,1387,2.69,2.3,5072,233,2665,1020
28318,264,1547,1296,251,2.29,2.71,1547,0,543,753
28320,675,3348,2454,894,2.8,2.55,3348,79,920,1534
28323,127,1539,1111,428,2.76,2.62,1539,36,679,432
28325,12,183,103,80,1.89,2.58,183,7,38,65
28326,876,7987,4811,3176,2.83,3.57,7987,234,3275,1536
28327,831,7079,5783,1296,2.64,2.39,7079,240,3467,2316
28328,1530,9072,6051,3021,2.63,2.8,9072,535,3088,2963
28330,,139,106,33,4.88,,139,0,93,13
28331,,16,8,8,2.0,1.63,16,0,,8
28332,29,243,201,42,2.9,3.86,243,18,127,74
28333,600,3674,2470,1204,2.75,2.9,3674,238,1130,1340
28334,1573,8669,5963,2706,2.55,2.27,8669,570,2917,3046
28337,1618,3524,2300,1224,2.44,2.25,3524,374,1001,1299
28338,288,1566,1228,338,2.54,2.35,1566,102,717,511
28339,299,2620,1881,739,2.48,2.53,2620,198,1167,714
28340,643,3561,2160,1401,2.59,2.68,3561,345,649,1511
28341,421,1181,787,394,3.21,3.45,1181,66,343,444
28342,9,26,22,4,3.05,,26,0,12,10
28343,100,602,381,221,2.79,3.14,602,48,151,230
28344,110,1379,1113,266,3.6,3.3,1379,8,341,772
28345,1125,4387,2691,1696,2.62,2.46,4387,534,1257,1434
28347,87,431,319,112,2.75,2.88,431,24,84,235
28348,1264,13126,9394,3732,3.01,2.69,13126,526,7099,2295
28349,217,1350,932,418,2.44,2.86,1350,58,568,364
28350,101,107,107,0,2.64,,107,0,35,72
28351,313,1727,1185,542,2.54,2.93,1727,104,439,746
28352,1471,8453,4721,3732,2.59,2.76,8453,1059,2464,2257
28355,,,,0,,,,0,,
28356,382,2085,1626,459,2.7,1.58,2085,145,1003,623
28357,132,1025,784,241,2.29,2.51,1025,38,276,508
28358,2318,12576,7085,5491,2.64,2.77,12576,1155,2957,4128
28359,,,,0,,,,0,,
28360,505,4696,3270,1426,3.19,2.76,4696,255,1410,1860
28362,7,20,18,2,2.11,2.5,20,2,7,11
28363,74,389,209,180,2.11,2.96,389,52,79,130
28364,779,4860,3588,1272,2.79,2.72,4860,441,1142,2446
28365,896,5868,4030,1838,2.38,2.56,5868,509,1666,2364
28366,476,1942,1448,494,2.62,2.81,1942,156,436,1012
28367,14,50,14,36,3.5,3.92,50,6,7,7
28368,,42,31,11,3.1,3.27,42,0,24,7
28369,164,845,601,244,2.64,2.47,845,51,209,392
28371,300,2044,1410,634,2.67,2.34,2044,125,872,538
28372,462,3909,2486,1423,2.8,2.56,3909,318,972,1514
28373,137,1043,800,243,2.44,2.43,1043,66,599,201
28374,1846,8517,7235,1282,2.15,2.16,8517,268,4373,2862
28375,20,64,44,20,2.93,4.4,64,0,19,25
28376,2018,14450,9910,4540,2.97,2.85,14450,676,7105,2805
28377,669,4133,2762,1371,2.79,2.87,4133,452,970,1792
28378,,40,19,21,2.16,,40,0,,19
28379,1904,9524,6193,3331,2.67,2.34,9524,976,3087,3106
28382,598,2652,2126,526,2.77,2.99,2652,124,913,1213
28383,356,2658,2079,579,2.51,2.75,2658,210,733,1346
28384,666,3376,2342,1034,2.79,2.97,3376,278,943,1399
28385,436,803,705,98,2.41,2.18,803,26,347,358
28386,281,1954,1523,431,2.75,2.34,1954,189,380,1143
28387,912,7120,4256,2864,2.33,1.68,7120,683,2695,1561
28390,1456,8774,4194,4580,2.83,2.69,8774,410,2956,1238
28391,207,2256,1744,512,2.83,2.65,2256,61,1227,517
28392,11,778,536,242,2.07,2.93,778,126,178,358
28393,58,751,635,116,2.4,4.28,751,8,157,478
28394,458,1906,1419,487,2.69,2.54,1906,37,712,707
28395,117,822,665,157,2.59,2.36,822,36,331,334
28396,263,890,615,275,2.73,2.17,890,92,311,304
28398,592,2620,1452,1168,2.49,2.54,2620,189,507,945
28399,219,642,417,225,2.82,2.09,642,62,176,241
28401,1808,10529,3959,6570,1.94,2.03,10529,2206,2514,1445
28403,2085,18092,6424,11668,2.06,1.89,18092,1356,4360,2064
28405,1609,14638,8461,6177,2.42,2.16,14638,962,5549,2912
28409,664,13476,11097,2379,2.57,2.42,13476,413,7479,3618
28411,1299,15156,11588,3568,2.48,1.94,15156,484,8346,3242
28412,1429,17972,10500,7472,2.38,2.03,17972,707,6950,3550
28420,287,1197,794,403,2.53,2.91,1197,31,320,474
28421,277,599,462,137,3.27,3.7,599,5,231,231
28422,864,3082,2555,527,2.4,2.91,3082,46,1231,1324
28423,182,889,781,108,2.95,3.0,889,78,281,500
28424,79,28,14,14,1.43,1.5,28,0,2,12
28425,771,3821,2829,992,2.33,2.96,3821,285,1487,1342
28428,2933,3092,2129,963,2.29,1.94,3092,93,1305,824
28429,199,3366,2772,594,2.32,2.5,3366,156,1800,972
28430,211,807,536,271,2.59,2.07,807,34,186,350
28431,617,2716,1933,783,2.08,2.53,2716,142,634,1299
28432,179,534,442,92,2.39,3.41,534,35,138,304
28433,554,1617,1084,533,2.67,2.89,1617,151,456,628
28434,61,300,257,43,2.12,1.6,300,36,118,139
28435,151,792,672,120,2.51,3.23,792,49,188,484
28436,83,520,364,156,3.33,3.33,520,7,146,218
28438,171,518,455,63,2.49,2.35,518,61,59,396
28439,257,365,251,114,2.72,2.82,365,9,85,166
28441,201,1102,770,332,3.23,3.19,1102,83,369,401
28442,241,567,485,82,2.56,2.52,567,35,221,264
28443,1375,8930,7252,1678,2.81,2.33,8930,227,4926,2326
28444,421,872,693,179,2.33,3.44,872,51,299,394
28445,4512,3815,2774,1041,2.35,2.54,3815,79,1751,1023
28447,147,451,396,55,3.81,,451,6,105,291
28448,318,346,161,185,1.98,2.17,346,61,52,109
28449,1033,899,645,254,2.32,2.68,899,0,399,246
28450,440,817,632,185,2.1,2.57,817,52,343,289
28451,1273,16081,13029,3052,2.37,2.51,16081,444,8941,4088
28452,34,142,103,39,3.45,1.85,142,0,67,36
28453,266,1409,1042,367,2.77,2.49,1409,144,316,726
28454,134,1019,916,103,2.22,4.42,1019,36,497,419
28455,72,893,657,236,2.91,2.01,893,77,244,413
28456,415,1462,1252,210,2.7,2.1,1462,77,648,604
28457,640,3996,3280,716,2.49,2.53,3996,62,2168,1112
28458,443,2114,1448,666,2.54,2.86,2114,156,521,927
28460,3353,4755,3701,1054,2.2,2.29,4755,128,2812,889
28461,3855,9886,8442,1444,2.19,2.33,9886,147,5041,3401
28462,6277,5084,4051,1033,2.34,2.49,5084,51,1960,2091
28463,580,2490,1783,707,2.38,2.39,2490,179,794,989
28464,83,877,505,372,2.4,3.42,877,25,152,353
28465,6039,3572,3125,447,2.17,2.19,3572,102,2022,1103
28466,797,3588,2621,967,2.2,1.91,3588,105,1455,1166
28467,1756,5913,5308,605,2.05,2.0,5913,218,2905,2403
28468,2802,2407,2017,390,1.95,2.02,2407,29,811,1206
28469,4554,3642,3066,576,2.1,1.97,3642,57,1705,1361
28470,1528,4317,3156,1161,2.41,2.44,4317,216,1727,1429
28472,1139,6712,4334,2378,2.55,2.67,6712,460,2282,2052
28478,327,2023,1726,297,2.37,3.39,2023,112,826,900
28479,288,2312,1935,377,2.87,2.31,2312,96,1234,701
28480,1600,1260,900,360,2.01,2.1,1260,4,487,413
28501,2216,7623,3441,4182,2.33,2.39,7623,1203,1282,2159
28504,666,8625,5378,3247,2.32,2.18,8625,571,2663,2715
28508,84,763,517,246,2.48,2.99,763,0,155,362
28509,6,,,0,,,,0,,
28510,349,682,523,159,2.05,2.56,682,7,299,224
28511,205,264,206,58,2.53,2.26,264,0,42,164
28512,7131,1666,1360,306,1.99,1.66,1666,23,612,748
28513,469,3952,2701,1251,2.47,2.14,3952,334,1569,1132
28515,427,1152,793,359,2.29,1.85,1152,163,387,406
28516,1899,5263,3427,1836,2.19,1.95,5263,310,1499,1928
28518,723,2884,2322,562,2.61,2.27,2884,90,1179,1143
28519,44,161,116,45,1.81,4.91,161,10,42,74
28520,75,163,131,32,1.65,,163,0,66,65
28521,322,648,511,137,2.37,2.65,648,6,189,322
28523,144,1022,678,344,2.54,2.45,1022,39,256,422
28524,43,92,92,0,2.42,,92,7,60,32
28525,56,1227,929,298,2.24,1.98,1227,114,374,555
28526,173,1194,767,427,2.02,2.78,1194,113,130,637
28527,52,554,426,128,1.88,2.13,554,10,97,329
28528,62,233,196,37,2.32,3.92,233,0,78,118
28529,248,760,598,162,2.12,2.25,760,26,249,349
28530,512,3114,1917,1197,2.07,2.07,3114,282,646,1271
28531,622,516,432,84,2.13,3.56,516,22,229,203
28532,1187,7544,3773,3771,2.65,2.62,7544,178,2473,1300
28533,,,,0,,,,0,,
28537,44,20,20,0,1.95,,20,0,9,11
28538,111,855,470,385,2.74,2.68,855,47,157,313
28539,1157,6910,4616,2294,2.47,2.38,6910,234,3105,1511
28540,2568,18704,10109,8595,2.65,2.51,18704,1101,7053,3056
28542,,74,,74,,5.64,74,0,,
28543,407,1891,49,1842,1.45,2.81,1891,8,,49
28544,333,2364,584,1780,2.68,2.31,2364,16,402,182
28546,2443,18171,9884,8287,2.98,2.36,18171,695,7294,2590
28547,267,1810,,1810,,3.58,1810,3,,
28551,949,5259,3487,1772,2.9,2.28,5259,214,1648,1839
28552,87,87,87,0,2.97,,87,11,10,77
28553,138,180,147,33,2.16,1.94,180,0,91,56
28554,27,47,47,0,1.45,,47,0,24,23
28555,327,2095,1482,613,2.61,1.95,2095,152,658,824
28556,194,388,286,102,1.97,1.93,388,0,192,94
28557,1728,7223,4561,2662,2.21,1.75,7223,554,2682,1879
28560,2501,11276,7282,3994,2.5,2.62,11276,717,4170,3112
28562,1914,16453,11754,4699,2.31,2.08,16453,1056,7385,4369
28570,1930,8481,6413,2068,2.44,2.33,8481,218,3768,2645
28571,589,1219,1048,171,2.19,1.35,1219,48,503,545
28572,332,2690,1856,834,2.36,2.75,2690,75,876,980
28573,167,721,523,198,2.29,1.82,721,72,260,263
28574,1272,6765,4751,2014,2.63,3.34,6765,225,3302,1449
28575,279,75,69,6,2.83,,75,0,38,31
28577,133,83,53,30,2.36,2.23,83,0,23,30
28578,400,1754,1222,532,3.35,2.99,1754,31,304,918
28579,84,330,197,133,2.39,2.67,330,0,160,37
28580,482,3832,2555,1277,2.6,2.51,3832,312,1335,1220
28581,75,52,45,7,2.47,3.57,52,0,25,20
28582,96,697,532,165,2.48,2.61,697,0,288,244
28584,1539,5864,4420,1444,2.39,2.53,5864,215,2844,1576
28585,406,1470,1126,344,2.34,3.07,1470,94,378,748
28586,568,2925,2153,772,2.3,2.38,2925,298,962,1191
28587,44,107,101,6,1.94,5.83,107,12,33,68
28589,,17,17,0,2.24,,17,0,,17
28590,341,10234,7656,2578,2.45,2.33,10234,293,6232,1424
28594,5031,1764,1478,286,2.14,2.38,1764,18,778,700
28601,2332,21040,13857,7183,2.46,2.37,21040,1208,8652,5205
28602,1106,11579,7742,3837,2.58,2.38,11579,701,4614,3128
28604,5934,3044,2368,676,2.25,2.21,3044,40,1377,991
28605,2544,1840,1269,571,2.1,1.91,1840,19,599,670
28606,184,661,536,125,2.5,2.56,661,38,172,364
28607,4116,11820,5986,5834,2.42,2.33,11820,567,3298,2688
28609,461,2425,2047,378,2.38,2.03,2425,150,1162,885
28610,650,4231,3181,1050,2.67,2.47,4231,140,1716,1465
28611,312,164,164,0,1.53,,164,0,29,135
28612,731,4759,3822,937,2.58,2.23,4759,112,2113,1709
28613,726,9098,6482,2616,2.54,2.59,9098,296,3624,2858
28615,405,832,652,180,2.1,1.97,832,76,206,446
28616,27,21,21,0,2.81,,21,0,12,9
28617,304,825,557,268,2.2,2.16,825,47,256,301
28618,454,965,697,268,2.58,2.8,965,29,420,277
28619,27,184,107,77,2.09,1.47,184,15,48,59
28621,666,4017,2816,1201,2.33,2.57,4017,287,1270,1546
28622,506,1179,971,208,2.21,2.21,1179,108,251,720
28623,329,642,586,56,2.76,1.5,642,8,309,277
28624,253,591,517,74,2.38,2.42,591,36,175,342
28625,1408,14956,11209,3747,2.54,2.32,14956,450,6540,4669
28626,719,1279,1151,128,2.21,2.91,1279,0,694,457
28627,487,616,463,153,2.1,1.82,616,113,220,243
28628,,18,15,3,2.87,2.0,18,0,15,
28629,,,,0,,,,0,,
28630,1185,8033,6106,1927,2.44,3.01,8033,362,3590,2516
28631,270,331,205,126,3.34,2.74,331,0,19,186
28634,440,1764,1484,280,2.69,2.83,1764,14,866,618
28635,230,1342,1243,99,2.32,3.64,1342,51,406,837
28636,315,1655,1255,400,2.33,3.0,1655,62,511,744
28637,69,675,471,204,2.41,2.14,675,16,215,256
28638,655,4470,3409,1061,2.63,2.69,4470,191,1940,1469
28640,730,2075,1406,669,2.32,1.79,2075,207,733,673
28641,,23,,23,,,23,0,,
28642,375,2327,1578,749,2.37,2.08,2327,182,854,724
28643,542,1626,1396,230,2.45,3.53,1626,101,426,970
28644,575,616,452,164,1.98,1.77,616,15,169,283
28645,2838,18366,13219,5147,2.49,2.43,18366,1131,6242,6977
28646,1075,175,133,42,2.17,3.0,175,1,91,42
28649,128,409,267,142,2.99,2.72,409,0,96,171
28650,474,4499,3696,803,2.56,2.71,4499,106,2139,1557
28651,576,2409,2033,376,2.46,1.89,2409,43,854,1179
28652,18,61,22,39,2.18,2.72,61,0,,22
28653,,21,21,0,,,21,0,,21
28654,497,1344,1144,200,2.21,1.59,1344,108,509,635
28655,3258,21382,15608,5774,2.52,2.47,21382,1284,8250,7358
28657,2852,3614,2933,681,2.27,2.16,3614,180,1339,1594
28658,777,10524,7548,2976,2.43,2.51,10524,596,4374,3174
28659,887,8849,6042,2807,2.4,2.4,8849,453,2944,3098
28660,200,879,739,140,2.49,2.82,879,0,362,377
28662,25,30,,30,,1.73,30,0,,
28663,362,298,271,27,2.27,1.74,298,17,185,86
28664,7,74,74,0,2.26,,74,0,45,29
28665,417,1098,889,209,2.31,2.86,1098,32,424,465
28666,,55,30,25,2.17,,55,25,,30
28667,54,88,35,53,2.23,2.3,88,3,19,16
28668,468,97,97,0,1.8,,97,0,72,25
28669,198,1263,1038,225,2.29,1.51,1263,0,389,649
28670,99,972,787,185,3.17,2.56,972,25,305,482
28671,21,121,87,34,2.1,2.74,121,4,19,68
28672,,64,64,0,2.38,,64,0,48,16
28673,576,2839,2448,391,2.21,2.59,2839,51,1264,1184
28675,874,2849,2157,692,2.17,2.53,2849,134,1092,1065
28676,219,1295,1154,141,2.32,3.09,1295,24,614,540
28677,1611,13841,9091,4750,2.57,2.38,13841,738,5785,3306
28678,238,2171,1865,306,2.63,2.63,2171,0,958,907
28679,417,891,810,81,2.59,2.64,891,19,504,306
28681,1774,9420,7778,1642,2.54,3.27,9420,333,3618,4160
28682,164,540,412,128,2.27,3.19,540,30,223,189
28683,186,570,455,115,2.46,2.03,570,9,178,277
28684,772,859,788,71,1.92,2.72,859,0,229,559
28685,67,746,575,171,2.59,2.89,746,20,183,392
28689,152,763,573,190,3.32,4.12,763,80,264,309
28690,450,3928,3123,805,2.31,2.45,3928,95,1412,1711
28692,1107,2102,1581,521,2.06,2.31,2102,172,861,720
28693,135,655,564,91,2.16,3.29,655,0,166,398
28694,1330,3148,2513,635,2.13,2.23,3148,146,1344,1169
28697,789,5771,3811,1960,2.48,2.02,5771,275,2163,1648
28698,333,1072,920,152,2.45,2.14,1072,71,316,604
28701,322,1494,1198,296,3.67,1.98,1494,22,804,394
28702,178,249,224,25,2.61,1.8,249,0,102,122
28704,2383,7799,4808,2991,2.97,2.4,7799,367,3379,1429
28705,1026,2921,2348,573,2.19,2.59,2921,207,1006,1342
28707,194,227,180,47,2.76,1.79,227,0,63,117
28708,102,110,103,7,1.55,1.14,110,0,79,24
28709,294,1075,755,320,2.53,2.12,1075,18,271,484
28710,46,,,0,,,,0,,
28711,1898,5540,3755,1785,2.33,1.77,5540,634,2006,1749
28712,2003,8588,6208,2380,2.22,2.0,8588,399,2998,3210
28713,2186,3390,2666,724,2.47,2.71,3390,199,1325,1341
28714,3037,6775,5142,1633,2.43,2.35,6775,272,2357,2785
28715,1925,10234,7528,2706,2.72,2.67,10234,246,4193,3335
28716,1373,7432,5715,1717,2.44,2.09,7432,419,3089,2626
28717,1631,637,533,104,1.93,2.15,637,53,344,189
28718,120,192,146,46,2.35,1.09,192,0,83,63
28719,499,2796,2004,792,2.4,2.46,2796,326,487,1517
28720,116,72,47,25,2.11,2.0,72,2,28,19
28721,833,4365,3024,1341,2.41,1.92,4365,147,1641,1383
28722,498,2759,1897,862,2.4,1.94,2759,142,1137,760
28723,1701,3208,1357,1851,2.36,2.28,3208,85,659,698
28725,14,44,17,27,2.35,1.59,44,0,6,11
28726,11,1311,736,575,2.89,3.1,1311,40,369,367
28729,178,1471,1245,226,2.22,2.27,1471,12,920,325
28730,930,3140,2671,469,2.71,2.53,3140,78,1598,1073
28731,774,3525,2812,713,2.25,3.2,3525,124,1298,1514
28732,827,7084,5951,1133,2.64,2.12,7084,38,3754,2197
28733,202,45,26,19,1.42,1.89,45,0,18,8
28734,4870,13268,9790,3478,2.16,2.09,13268,942,4826,4964
28735,58,121,121,0,1.85,,121,0,69,52
28736,890,444,383,61,1.63,4.13,444,2,210,173
28739,1774,9309,7410,1899,2.29,2.25,9309,259,4304,3106
28740,510,755,635,120,2.26,1.71,755,46,182,453
28741,3743,2163,1505,658,1.93,1.41,2163,106,770,735
28742,,1258,1074,184,2.5,2.04,1258,18,704,370
28743,407,970,721,249,2.41,2.67,970,64,273,448
28745,414,147,139,8,2.6,4.13,147,0,117,22
28746,1898,1195,1007,188,2.09,2.94,1195,22,500,507
28747,999,863,704,159,2.45,2.97,863,22,246,458
28748,602,4242,3002,1240,2.53,3.43,4242,163,1444,1558
28749,139,48,48,0,2.31,,48,0,,48
28751,2111,1791,1519,272,2.04,3.17,1791,21,760,759
28752,1966,12345,8838,3507,2.43,2.46,12345,736,4536,4302
28753,1449,3904,3123,781,2.52,1.84,3904,162,1272,1851
28754,1129,3461,2536,925,2.54,2.6,3461,134,1212,1324
28755,,,,0,,,,0,,
28756,594,1520,1197,323,2.48,2.04,1520,57,483,714
28757,708,2,2,0,3.5,,2,0,2,
28758,,,,0,,,,0,,
28759,328,3065,2562,503,2.44,2.55,3065,95,1422,1140
28761,508,2938,2344,594,2.33,2.19,2938,151,1093,1251
28762,523,2871,2133,738,2.34,2.0,2871,213,877,1256
28763,559,1081,725,356,2.46,2.32,1081,79,366,359
28766,47,448,349,99,2.5,2.26,448,0,232,117
28768,885,2950,2565,385,2.48,2.41,2950,139,1072,1493
28770,,,,0,,,,0,,
28771,1823,2917,2348,569,2.6,2.24,2917,215,770,1578
28772,317,538,386,152,1.89,2.16,538,11,275,111
28773,862,1227,1062,165,2.43,1.96,1227,34,577,485
28774,1739,683,531,152,1.66,2.27,683,21,306,225
28775,293,215,144,71,2.43,3.13,215,0,51,93
28777,1124,3588,2758,830,2.19,2.49,3588,224,1371,1387
28778,852,3626,2724,902,2.74,2.66,3626,131,1597,1127
28779,1680,7784,5151,2633,2.33,2.35,7784,301,2354,2797
28781,468,541,433,108,1.66,2.31,541,0,113,320
28782,653,3061,2374,687,2.17,1.62,3061,131,1167,1207
28783,560,500,294,206,2.31,4.15,500,58,109,185
28785,1577,3219,2564,655,2.67,2.05,3219,112,1251,1313
28786,2190,9426,6662,2764,2.34,2.07,9426,594,3139,3523
28787,1491,8680,6666,2014,2.77,2.29,8680,299,3588,3078
28788,32,57,39,18,3.15,1.56,57,2,23,16
28789,1486,2723,1793,930,2.29,3.05,2723,140,639,1154
28790,452,1361,1193,168,2.42,2.39,1361,0,835,358
28791,779,6588,5108,1480,2.41,1.75,6588,145,3078,2030
28792,2516,14968,9360,5608,2.29,2.36,14968,1020,4958,4402
28801,1807,6544,2461,4083,2.37,1.86,6544,1262,1551,910
28803,3561,14256,7533,6723,2.46,2.24,14256,961,4353,3180
28804,2238,9496,6526,2970,2.53,2.25,9496,210,3733,2793
28805,1697,8885,5517,3368,2.26,2.24,8885,603,2874,2643
28806,3316,17058,9726,7332,2.64,2.54,17058,748,5815,3911
28901,873,2372,1880,492,2.04,2.39,2372,29,837,1043
28902,322,395,342,53,2.6,3.89,395,0,83,259
28904,1734,4489,3405,1084,2.27,1.73,4489,408,1713,1692
28905,421,1220,983,237,2.91,3.18,1220,93,407,576
28906,4144,8701,7175,1526,2.24,2.04,8701,364,3174,4001
28909,127,346,290,56,1.7,1.98,346,8,74,216
29001,144,633,488,145,3.23,3.14,633,25,196,292
29003,607,2272,1720,552,2.48,2.11,2272,349,634,1086
29006,712,3643,2579,1064,2.43,2.72,3643,217,1069,1510
29009,256,851,709,142,2.48,1.97,851,44,204,505
29010,866,4389,3006,1383,2.45,2.27,4389,626,1253,1753
29014,118,638,576,62,2.3,1.35,638,34,337,239
29015,151,512,439,73,2.61,2.05,512,35,197,242
29016,761,10373,8448,1925,2.81,1.82,10373,120,6044,2404
29018,354,1221,1005,216,3.0,2.23,1221,83,293,712
29020,1942,8956,6783,2173,2.45,2.16,8956,459,3427,3356
29030,216,840,788,52,2.56,1.46,840,40,297,491
29031,87,645,468,177,2.81,2.89,645,73,120,348
29032,312,1799,1456,343,2.62,3.95,1799,89,704,752
29033,461,6092,3392,2700,2.04,2.17,6092,245,1838,1554
29036,691,9446,8766,680,2.6,2.55,9446,182,5912,2854
29037,189,301,292,9,2.84,3.89,301,23,56,236
29038,248,1054,833,221,2.36,1.69,1054,50,252,581
29039,240,1554,1252,302,2.13,2.04,1554,23,370,882
29040,325,3474,2488,986,2.93,2.5,3474,226,1525,963
29042,932,1139,711,428,3.03,4.34,1139,228,197,514
29044,567,2128,1654,474,2.46,2.66,2128,152,821,833
29045,703,10440,8444,1996,2.8,2.63,10440,208,5919,2525
29046,,18,18,0,2.0,,18,0,,18
29047,392,1498,1266,232,2.15,2.63,1498,253,217,1049
29048,517,1914,1519,395,2.48,3.17,1914,152,438,1081
29051,138,153,139,14,2.38,1.93,153,6,60,79
29052,100,566,541,25,2.87,6.64,566,60,144,397
29053,966,7738,5486,2252,2.55,2.85,7738,263,2908,2578
29054,983,3599,3219,380,2.49,2.15,3599,68,1792,1427
29055,370,1542,1356,186,2.49,2.22,1542,70,386,970
29056,169,925,729,196,2.27,2.98,925,62,178,551
29058,421,1791,1289,502,3.0,2.95,1791,108,701,588
29059,740,1966,1486,480,2.66,2.81,1966,161,638,848
29061,807,4721,3483,1238,2.5,3.03,4721,329,2051,1432
29062,,10,10,0,,,10,0,,10
29063,749,13848,11115,2733,2.83,2.66,13848,188,8356,2759
29065,143,267,235,32,1.7,2.06,267,12,85,150
29067,600,3792,2755,1037,2.49,2.98,3792,286,1048,1707
29069,189,1862,1366,496,2.31,2.31,1862,193,573,793
29070,1692,5894,4814,1080,2.59,3.44,5894,296,2534,2280
29072,1586,24004,19746,4258,2.76,2.17,24004,945,14175,5571
29073,964,18349,15083,3266,2.65,2.64,18349,603,11111,3972
29074,262,114,105,9,1.88,,114,0,55,50
29075,102,1225,1163,62,2.48,1.29,1225,36,540,623
29078,518,5958,5184,774,2.7,2.18,5958,111,3229,1955
29079,,12,12,0,,,12,0,12,
29080,277,970,834,136,3.26,2.24,970,91,183,651
29081,211,511,420,91,2.33,1.79,511,60,74,346
29082,75,199,193,6,2.12,9.33,199,18,73,120
29101,220,1093,878,215,2.67,2.77,1093,28,318,560
29102,2141,6248,4480,1768,2.65,2.48,6248,809,2099,2381
29104,165,464,397,67,2.92,1.84,464,7,141,256
29105,42,388,327,61,2.66,2.18,388,7,100,227
29107,269,1072,851,221,2.94,1.65,1072,63,262,589
29108,1328,7831,5255,2576,2.44,2.57,7831,552,2352,2903
29111,147,507,455,52,3.33,2.13,507,45,168,287
29112,454,1514,1237,277,2.24,2.5,1514,157,365,872
29113,230,610,503,107,3.69,2.54,610,19,163,340
29114,160,601,508,93,2.32,2.33,601,25,255,253
29115,3927,10334,5013,5321,2.39,2.42,10334,1109,1479,3534
29117,,,,0,,,,0,,
29118,874,5932,3915,2017,2.56,3.04,5932,191,1784,2131
29122,16,36,20,16,2.55,2.06,36,0,8,12
29123,430,2741,2169,572,2.67,2.89,2741,111,1043,1126
29125,258,1123,870,253,2.75,2.6,1123,129,407,463
29126,184,925,834,91,2.58,2.76,925,47,413,421
29127,887,3628,2924,704,2.24,2.49,3628,79,1486,1438
29128,540,1502,1190,312,2.21,1.82,1502,151,332,858
29129,294,1638,1313,325,2.5,2.81,1638,158,428,885
29130,645,2884,2393,491,2.22,2.35,2884,60,1203,1190
29133,92,294,241,53,2.66,2.04,294,69,53,188
29135,638,3347,2511,836,2.55,2.66,3347,153,874,1637
29137,342,893,729,164,2.37,1.71,893,52,303,426
29138,848,3905,2826,1079,2.66,2.76,3905,315,921,1905
29142,311,1927,1543,384,2.88,1.7,1927,186,620,923
29145,190,313,268,45,2.51,1.33,313,43,48,220
29146,158,456,360,96,2.67,2.65,456,51,153,207
29148,1703,2390,1764,626,2.52,1.99,2390,231,780,984
29150,2398,15584,8863,6721,2.53,2.25,15584,1817,4443,4420
29152,75,728,12,716,3.42,2.66,728,42,12,
29153,971,6220,4606,1614,2.47,2.76,6220,577,2252,2354
29154,1231,11030,7904,3126,2.56,2.6,11030,503,4698,3206
29160,596,2974,2282,692,2.25,2.5,2974,96,967,1315
29161,768,4289,3079,1210,2.66,2.44,4289,254,1224,1855
29162,132,922,697,225,2.64,3.02,922,106,296,401
29163,406,445,336,109,2.91,5.73,445,50,117,219
29164,195,2040,1419,621,2.68,2.36,2040,236,930,489
29166,130,238,200,38,2.95,3.55,238,22,44,156
29168,119,1446,953,493,2.68,2.6,1446,150,427,526
29169,1081,10460,5646,4814,1.99,2.09,10460,1107,3224,2422
29170,450,8769,6819,1950,2.48,2.54,8769,371,4759,2060
29172,332,3777,2924,853,2.44,2.52,3777,155,1728,1196
29175,12,167,137,30,2.66,1.83,167,0,64,73
29177,,,,0,,,,0,,
29178,418,1480,1208,272,2.21,3.01,1480,139,464,744
29180,1302,5021,3450,1571,2.49,2.24,5021,410,1353,2097
29201,2850,8863,2406,6457,2.0,2.07,8863,970,1738,668
29203,2432,16179,7430,8749,2.39,2.43,16179,2408,3708,3722
29204,1101,7144,4384,2760,2.18,2.19,7144,1026,2742,1642
29205,1631,10771,5600,5171,2.2,1.93,10771,907,3819,1781
29206,1080,8346,5374,2972,2.36,2.3,8346,335,3303,2071
29207,42,4,4,0,2.0,,4,0,4,
29208,,,,0,,,,0,,
29209,1531,14599,8691,5908,2.49,2.47,14599,887,5705,2986
29210,2003,17139,6354,10785,2.14,2.07,17139,1331,4220,2134
29212,1049,12325,8494,3831,2.29,2.16,12325,581,5634,2860
29223,2090,21702,11903,9799,2.4,2.24,21702,1321,8336,3567
29225,,,,0,,,,0,,
29229,1858,18305,12616,5689,2.64,2.81,18305,220,10524,2092
29301,2079,13581,7770,5811,2.7,2.51,13581,986,4600,3170
29302,494,7216,5248,1968,2.52,2.14,7216,238,3001,2247
29303,1538,9093,4375,4718,2.58,2.48,9093,835,2399,1976
29306,1103,6882,3028,3854,2.65,2.36,6882,1106,1743,1285
29307,978,8010,5439,2571,2.41,2.3,8010,473,3153,2286
29316,241,11094,8756,2338,2.74,2.08,11094,429,6240,2516
29320,,222,177,45,3.42,,222,0,100,77
29321,224,1095,890,205,2.32,4.57,1095,132,255,635
29322,337,3703,3145,558,2.59,2.58,3703,227,1549,1596
29323,436,5540,4513,1027,2.76,2.41,5540,135,2311,2202
29324,23,37,37,0,2.46,,37,0,27,10
29325,1327,5025,3347,1678,2.72,2.17,5025,330,1636,1711
29329,95,75,66,9,2.2,2.89,75,6,18,48
29330,313,3380,2617,763,2.81,2.61,3380,88,1151,1466
29331,28,51,51,0,,,51,0,,51
29332,846,1112,947,165,2.77,2.47,1112,68,383,564
29333,,102,48,54,2.42,1.5,102,29,,48
29334,675,5710,4174,1536,2.82,2.67,5710,164,2763,1411
29335,338,1917,1550,367,2.46,1.69,1917,73,797,753
29338,,25,25,0,1.96,,25,0,,25
29340,1748,7748,5619,2129,2.66,2.33,7748,636,2219,3400
29341,884,7677,5012,2665,2.5,2.54,7677,642,2870,2142
29346,,99,81,18,2.62,3.5,99,5,51,30
29349,1108,12877,11183,1694,2.61,2.73,12877,495,7462,3721
29351,211,556,431,125,2.92,1.66,556,7,115,316
29353,411,1488,1195,293,2.51,2.0,1488,51,491,704
29355,8,301,266,35,2.63,4.46,301,0,114,152
29356,593,3737,2966,771,2.35,1.85,3737,240,1473,1493
29360,1471,8139,5478,2661,2.63,2.71,8139,693,2822,2656
29364,38,299,242,57,1.77,3.4,299,19,26,216
29365,314,4673,4158,515,2.91,3.6,4673,36,2908,1250
29368,40,82,49,33,2.06,3.21,82,0,,49
29369,222,6151,5461,690,2.45,2.71,6151,92,3512,1949
29370,131,289,204,85,2.28,2.27,289,0,87,117
29372,504,1698,1397,301,2.45,2.44,1698,28,526,871
29373,19,114,77,37,2.64,2.27,114,19,16,61
29374,105,1352,1117,235,2.47,1.94,1352,109,507,610
29375,15,34,12,22,1.67,2.32,34,0,8,4
29376,124,3031,2612,419,2.86,3.04,3031,43,1510,1102
29377,90,220,24,196,2.63,2.59,220,0,24,
29378,49,60,,60,,1.13,60,8,,
29379,1410,7462,4668,2794,2.3,2.32,7462,700,1900,2768
29384,807,1493,1316,177,2.3,2.34,1493,64,606,710
29385,360,2759,1985,774,2.72,2.65,2759,96,1365,620
29388,1002,6070,4924,1146,2.51,2.53,6070,225,3135,1789
29401,1886,3910,2267,1643,2.01,1.82,3910,301,1195,1072
29403,2800,9451,3491,5960,2.26,2.29,9451,1794,2474,1017
29404,84,571,,571,,3.19,571,0,,
29405,1981,11156,5110,6046,2.26,2.41,11156,1595,2784,2326
29406,1898,12490,5209,7281,2.53,2.56,12490,1031,3135,2074
29407,2131,16630,9269,7361,2.27,2.05,16630,1083,5238,4031
29409,,35,5,30,3.6,1.97,35,0,5,
29410,590,7399,4950,2449,2.8,2.61,7399,305,3342,1608
29412,2044,16397,11691,4706,2.6,2.22,16397,525,8070,3621
29414,1012,18920,11732,7188,2.45,1.91,18920,654,9254,2478
29418,1211,10586,5847,4739,2.13,2.09,10586,429,3861,1986
29420,742,8684,5323,3361,2.55,2.42,8684,176,4085,1238
29424,,48,,48,,2.06,48,0,,
29425,,,,0,,,,0,,
29426,156,683,549,134,2.4,1.54,683,51,219,330
29429,72,1590,1506,84,2.61,2.8,1590,83,733,773
29431,322,2374,1886,488,2.65,2.91,2374,109,639,1247
29432,347,1075,637,438,2.89,1.76,1075,48,216,421
29434,97,316,269,47,2.19,1.72,316,0,32,237
29435,507,1680,1515,165,2.97,2.57,1680,24,916,599
29436,449,1830,1452,378,2.41,2.58,1830,107,513,939
29437,129,910,791,119,2.47,2.18,910,47,277,514
29438,2297,1167,1013,154,1.93,3.14,1167,49,448,565
29439,1545,571,414,157,1.79,1.3,571,16,203,211
29440,3157,10113,8153,1960,2.59,2.7,10113,790,3554,4599
29445,1465,21360,14899,6461,2.69,2.68,21360,665,10663,4236
29446,207,423,364,59,2.07,7.58,423,5,123,241
29448,97,1020,774,246,2.66,2.88,1020,65,285,489
29449,688,3002,2536,466,2.73,2.11,3002,261,1136,1400
29450,193,1117,961,156,2.25,2.6,1117,58,439,522
29451,2529,1930,1694,236,2.26,2.35,1930,29,1089,605
29452,67,99,99,0,2.06,,99,5,23,76
29453,111,538,295,243,1.96,2.56,538,11,154,141
29455,5450,10610,8843,1767,2.19,2.76,10610,205,5516,3327
29456,1199,12282,7996,4286,2.62,2.63,12282,417,5512,2484
29458,337,934,767,167,3.07,1.63,934,96,309,458
29461,1040,15326,12123,3203,2.7,2.56,15326,498,7989,4134
29464,2402,23241,14936,8305,2.44,1.81,23241,1051,10211,4725
29466,1013,15098,12875,2223,2.89,1.91,15098,219,9864,3011
29468,205,840,485,355,2.35,2.29,840,93,168,317
29469,,353,353,0,1.97,,353,0,163,190
29470,213,1718,1358,360,2.64,3.18,1718,77,793,565
29471,83,562,325,237,2.11,2.83,562,0,127,198
29472,489,3235,2777,458,2.86,3.6,3235,147,1102,1675
29474,153,854,610,244,1.96,2.11,854,104,220,390
29475,228,889,766,123,2.26,3.99,889,7,298,468
29477,600,3022,2300,722,2.21,2.56,3022,164,810,1490
29479,554,2659,1802,857,2.34,2.81,2659,224,639,1163
29481,219,601,506,95,2.73,2.74,601,6,97,409
29482,263,832,688,144,2.59,3.03,832,17,483,205
29483,1805,20566,15778,4788,2.8,2.34,20566,1121,10713,5065
29485,1779,21364,14890,6474,2.8,2.85,21364,505,11557,3333
29486,1125,14569,11325,3244,2.77,2.68,14569,429,8330,2995
29487,203,1080,920,160,2.38,1.87,1080,64,421,499
29488,1201,8311,5678,2633,2.69,2.2,8311,1033,2842,2836
29492,733,8054,5158,2896,2.58,1.91,8054,200,3544,1614
29493,9,66,59,7,2.71,5.0,66,6,19,40
29501,2071,18606,11486,7120,2.67,2.2,18606,1043,7348,4138
29505,1256,9776,6725,3051,2.5,2.75,9776,400,4356,2369
29506,1401,6826,3676,3150,2.75,2.9,6826,983,1859,1817
29510,907,3535,2721,814,2.64,2.87,3535,391,1160,1561
29511,321,1973,1638,335,2.91,2.62,1973,213,752,886
29512,1746,6005,3576,2429,2.82,2.32,6005,928,1254,2322
29516,137,222,170,52,4.09,4.48,222,18,54,116
29518,103,408,291,117,2.25,1.74,408,4,89,202
29519,23,111,50,61,2.46,3.36,111,43,27,23
29520,1215,5198,3563,1635,2.42,2.51,5198,580,1548,2015
29525,184,706,468,238,2.8,2.53,706,119,115,353
29526,2190,15983,11929,4054,2.57,2.98,15983,607,6139,5790
29527,1532,9365,6931,2434,2.74,3.04,9365,458,3864,3067
29530,284,884,647,237,2.8,2.19,884,68,271,376
29532,1551,7903,4908,2995,2.51,2.29,7903,897,2361,2547
29536,1503,5829,2991,2838,2.64,2.79,5829,995,1116,1875
29540,120,1948,1641,307,2.15,3.19,1948,86,675,966
29541,620,3241,2626,615,2.68,3.03,3241,301,1276,1350
29543,59,117,87,30,2.29,4.43,117,0,29,58
29544,394,2274,1797,477,2.56,3.56,2274,50,879,918
29545,108,648,392,256,2.58,3.0,648,35,80,312
29546,309,1054,796,258,2.65,2.77,1054,50,255,541
29547,128,903,595,308,2.54,2.38,903,17,214,381
29550,2052,11627,8324,3303,2.51,2.4,11627,1038,3809,4515
29554,1061,3429,2504,925,2.66,2.34,3429,444,919,1585
29555,508,2016,1555,461,2.6,4.16,2016,164,629,926
29556,796,4793,3253,1540,2.63,2.15,4793,924,1529,1724
29560,1080,5065,2899,2166,2.53,2.32,5065,602,1029,1870
29563,184,738,430,308,2.73,2.0,738,27,93,337
29564,73,458,354,104,2.77,1.96,458,48,165,189
29565,568,2500,1615,885,2.7,2.94,2500,208,809,806
29566,3307,8584,6880,1704,2.19,2.55,8584,212,3762,3118
29567,180,150,102,48,2.7,3.54,150,22,18,84
29568,1550,6104,5040,1064,2.39,3.15,6104,206,2954,2086
29569,1049,6257,4116,2141,2.68,2.62,6257,371,1465,2651
29570,383,1363,720,643,3.25,2.34,1363,183,208,512
29571,1437,4896,2592,2304,2.8,3.01,4896,732,1289,1303
29572,10597,4923,3741,1182,2.04,2.36,4923,254,1743,1998
29574,1347,3738,2381,1357,2.58,2.36,3738,515,759,1622
29575,9339,8032,6079,1953,2.41,2.23,8032,424,2995,3084
29576,6328,15047,12939,2108,2.11,2.37,15047,434,6818,6121
29577,7600,14413,8340,6073,2.2,2.58,14413,1170,4561,3779
29579,4205,17557,12063,5494,2.76,2.51,17557,483,8290,3773
29580,172,554,416,138,2.88,2.81,554,43,82,334
29581,634,1607,1219,388,2.96,2.48,1607,51,480,739
29582,18160,8925,7011,1914,2.09,2.3,8925,426,3369,3642
29583,504,1881,1375,506,2.88,2.13,1881,127,564,811
29584,200,1069,915,154,2.51,2.15,1069,158,296,619
29585,4309,7455,6229,1226,2.09,2.54,7455,178,3430,2799
29588,2539,18199,14050,4149,2.82,3.01,18199,713,8905,5145
29589,,44,,44,,,44,0,,
29590,202,908,704,204,2.61,2.62,908,83,277,427
29591,450,1803,1356,447,2.71,2.66,1803,80,499,857
29592,74,274,215,59,2.72,2.27,274,26,86,129
29593,232,810,510,300,2.47,2.36,810,93,154,356
29594,8,105,39,66,2.44,1.05,105,0,7,32
29596,195,931,765,166,2.13,1.84,931,60,390,375
29601,1076,6590,2089,4501,1.88,1.61,6590,994,1274,815
29605,1390,15446,10299,5147,2.57,2.61,15446,1592,6002,4297
29607,1741,18947,8662,10285,2.38,1.96,18947,1576,5853,2809
29609,1298,12920,8000,4920,2.31,2.21,12920,875,5011,2989
29611,1191,12487,6813,5674,2.61,2.44,12487,860,3980,2833
29613,,,,0,,,,0,,
29614,,4,,4,,2.0,4,0,,
29615,1650,18036,9534,8502,2.4,1.82,18036,1059,5678,3856
29617,518,11056,7140,3916,2.51,2.39,11056,591,3841,3299
29620,855,4841,3782,1059,2.58,2.43,4841,329,1784,1998
29621,1541,16931,12514,4417,2.67,2.15,16931,1157,7740,4774
29624,1042,6003,2873,3130,2.39,2.26,6003,1296,1344,1529
29625,1251,12254,8177,4077,2.25,2.32,12254,858,4770,3407
29626,772,5339,4177,1162,2.45,2.84,5339,280,2269,1908
29627,951,6200,4864,1336,2.53,2.76,6200,220,2100,2764
29628,273,1086,669,417,2.57,1.83,1086,104,264,405
29630,761,7073,3108,3965,2.51,1.96,7073,541,1525,1583
29631,877,6127,2634,3493,2.51,2.69,6127,493,1627,1007
29634,13,27,,27,,1.96,27,0,,
29635,362,426,395,31,2.92,3.0,426,9,202,193
29638,170,1451,1097,354,2.73,2.32,1451,36,378,719
29639,257,414,294,120,2.36,2.08,414,41,176,118
29640,1344,12248,8849,3399,2.71,2.33,12248,791,4875,3974
29642,900,13417,11320,2097,2.62,2.21,13417,1014,7108,4212
29643,693,1116,1008,108,2.23,2.91,1116,9,577,431
29644,653,7976,5901,2075,2.65,2.41,7976,374,3662,2239
29645,611,4244,3348,896,2.39,2.87,4244,157,1292,2056
29646,1242,10864,6459,4405,2.58,2.35,10864,1277,3444,3015
29649,1418,10822,6606,4216,2.46,2.09,10822,687,3705,2901
29650,1149,14300,10655,3645,2.66,2.46,14300,334,7347,3308
29651,1339,19182,15336,3846,2.63,2.79,19182,852,9653,5683
29653,234,1653,1361,292,2.31,2.8,1653,64,636,725
29654,436,3613,2817,796,2.68,2.94,3613,89,1093,1724
29655,769,2950,2461,489,2.65,2.38,2950,195,1013,1448
29657,656,6001,4903,1098,2.67,2.85,6001,47,2415,2488
29658,55,122,122,0,1.85,,122,0,51,71
29659,17,54,38,16,2.08,2.31,54,3,4,34
29661,627,2376,2081,295,2.48,2.28,2376,145,932,1149
29662,184,5988,4210,1778,2.51,2.31,5988,395,2998,1212
29664,515,813,645,168,2.4,2.49,813,20,418,227
29665,40,82,82,0,2.09,,82,0,17,65
29666,579,2403,1940,463,2.49,2.81,2403,46,978,962
29667,15,79,66,13,2.74,2.92,79,0,37,29
29669,630,4697,3816,881,2.43,2.93,4697,202,1698,2118
29670,381,4242,3062,1180,2.53,2.06,4242,332,1751,1311
29671,1294,7074,5560,1514,2.67,2.24,7074,363,2748,2812
29672,1198,5207,4135,1072,2.3,2.16,5207,257,1945,2190
29673,953,11179,8209,2970,2.73,2.59,11179,515,4770,3439
29676,1071,2521,2394,127,2.3,2.54,2521,12,1258,1136
29678,1686,9694,6320,3374,2.4,2.25,9694,820,3279,3041
29680,357,12164,9568,2596,2.78,2.42,12164,248,7090,2478
29681,1083,23157,20156,3001,2.87,2.6,23157,487,14677,5479
29682,500,1549,1451,98,2.42,2.45,1549,50,910,541
29683,76,151,133,18,3.1,3.89,151,0,91,42
29684,218,1999,1627,372,2.64,3.22,1999,98,956,671
29685,447,910,868,42,2.25,4.12,910,42,453,415
29686,149,378,251,127,3.04,1.53,378,94,114,137
29687,1406,16295,12521,3774,2.56,2.58,16295,468,7413,5108
29689,981,1686,1341,345,2.49,1.68,1686,156,704,637
29690,1058,9101,7367,1734,2.6,2.36,9101,376,4186,3181
29691,656,4697,3394,1303,2.62,2.44,4697,193,1213,2181
29692,569,1884,1390,494,2.44,3.19,1884,216,731,659
29693,1909,5749,4217,1532,2.38,2.23,5749,154,1598,2619
29696,414,1991,1665,326,2.72,2.71,1991,138,1006,659
29697,578,5624,4024,1600,2.66,2.4,5624,217,2098,1926
29702,794,3397,2444,953,2.88,2.56,3397,131,1023,1421
29704,43,1395,1202,193,2.44,2.48,1395,120,786,416
29706,1176,7671,5748,1923,2.49,2.74,7671,670,2577,3171
29707,742,12818,11837,981,2.47,2.15,12818,118,8374,3463
29708,388,15199,11600,3599,2.74,2.51,15199,367,8759,2841
29709,377,2402,1845,557,2.35,2.19,2402,126,729,1116
29710,1070,14369,11199,3170,2.63,2.56,14369,339,7175,4024
29712,159,851,766,85,2.41,2.12,851,104,440,326
29714,179,1181,972,209,2.78,2.7,1181,43,524,448
29715,561,13913,11350,2563,2.89,2.39,13913,404,8526,2824
29717,80,556,379,177,2.59,2.32,556,6,146,233
29718,133,1292,957,335,2.84,2.98,1292,57,332,625
29720,1976,19335,14215,5120,2.51,2.66,19335,1013,7462,6753
29724,,20,,20,,,20,0,,
29726,23,674,472,202,2.5,1.87,674,36,206,266
29727,126,854,613,241,2.94,1.71,854,56,246,367
29728,632,3679,2125,1554,2.58,2.53,3679,543,879,1246
29729,184,839,702,137,2.61,2.34,839,44,216,486
29730,1797,23440,13091,10349,2.42,2.32,23440,1558,8063,5028
29732,1155,22870,16388,6482,2.6,2.19,22870,573,11615,4773
29733,,,,0,,,,0,,
29741,205,784,705,79,2.13,3.65,784,6,258,447
29742,90,1010,856,154,2.34,2.87,1010,23,326,530
29743,72,735,569,166,2.66,3.26,735,27,359,210
29745,745,12609,10035,2574,2.57,2.72,12609,451,6970,3065
29801,2074,11062,6527,4535,2.62,2.22,11062,1014,3236,3291
29803,1520,16000,13340,2660,2.4,2.41,16000,509,7418,5922
29805,129,2163,1955,208,2.52,2.41,2163,94,955,1000
29809,142,968,708,260,2.51,2.62,968,81,280,428
29810,590,1690,1154,536,2.14,2.2,1690,311,332,822
29812,816,4178,3121,1057,2.54,2.38,4178,598,1260,1861
29816,173,387,185,202,2.76,2.23,387,28,86,99
29817,636,1541,1061,480,2.72,2.8,1541,184,210,851
29819,69,626,511,115,2.76,2.17,626,74,154,357
29821,233,429,397,32,2.6,3.75,429,25,180,217
29824,503,2770,1966,804,2.48,2.13,2770,240,1082,884
29826,6,113,104,9,2.04,2.33,113,20,25,79
29827,349,1167,760,407,2.42,3.07,1167,174,175,585
29828,110,258,129,129,2.95,2.02,258,71,49,80
29829,391,4124,3067,1057,2.9,2.2,4124,296,1996,1071
29831,127,1926,1567,359,2.28,2.4,1926,191,830,737
29832,476,2031,1246,785,2.57,2.31,2031,232,502,744
29834,132,250,105,145,3.1,2.21,250,46,43,62
29835,857,2651,2215,436,2.23,2.24,2651,163,907,1308
29836,52,121,111,10,2.25,,121,0,45,66
29838,192,189,176,13,2.98,3.54,189,0,69,107
29840,74,153,153,0,1.71,,153,0,,153
29841,1946,13774,9462,4312,2.48,2.1,13774,613,5696,3766
29842,583,2959,2229,730,2.59,2.59,2959,72,1094,1135
29843,204,454,384,70,2.45,5.27,454,7,91,293
29844,5,64,43,21,2.05,2.0,64,6,10,33
29845,299,549,384,165,2.24,1.9,549,16,142,242
29847,423,1688,1266,422,2.53,3.23,1688,130,622,644
29848,92,290,258,32,2.73,2.13,290,2,71,187
29849,41,114,46,68,3.57,3.32,114,3,13,33
29851,675,3084,2337,747,2.82,3.18,3084,126,1290,1047
29853,508,2676,1647,1029,2.43,2.21,2676,366,835,812
29856,89,1024,963,61,3.14,2.43,1024,0,354,609
29860,860,6158,5456,702,2.52,2.64,6158,243,3361,2095
29899,,,,0,,,,0,,
29902,891,5794,3589,2205,2.35,2.59,5794,340,2180,1409
29904,,,,0,,,,0,,
29905,,,,0,,,,0,,
29906,958,8860,4309,4551,2.78,3.04,8860,243,2396,1913
29907,601,5483,4542,941,2.62,2.96,5483,88,2881,1661
29909,1188,10556,9959,597,1.99,2.65,10556,297,5233,4726
29910,2489,17184,13052,4132,2.73,2.65,17184,317,9358,3694
29911,122,487,329,158,2.85,2.89,487,30,139,190
29912,,,,0,,,,0,,
29915,459,329,328,1,1.61,4.0,329,29,272,56
29916,166,711,571,140,2.55,3.79,711,0,325,246
29918,473,1622,1336,286,2.71,2.91,1622,171,200,1136
29920,2836,4197,3627,570,2.5,3.09,4197,233,1694,1933
29921,38,144,117,27,3.96,1.78,144,12,30,87
29922,161,297,291,6,3.54,1.83,297,76,97,194
29923,25,79,64,15,2.23,2.2,79,12,10,54
29924,392,1872,1410,462,2.6,2.22,1872,109,618,792
29926,1862,10787,8182,2605,2.23,2.76,10787,516,4370,3812
29927,313,3775,2667,1108,2.33,2.92,3775,188,1627,1040
29928,11989,7554,6494,1060,1.96,1.97,7554,309,3457,3037
29929,181,412,369,43,2.59,1.98,412,0,145,224
29932,9,60,42,18,3.26,2.61,60,11,3,39
29934,190,194,167,27,2.81,5.3,194,35,53,114
29935,274,1691,484,1207,3.14,1.88,1691,223,139,345
29936,694,4649,3113,1536,2.62,2.65,4649,194,1741,1372
29939,19,96,95,1,1.86,3.0,96,0,41,54
29940,371,1672,1435,237,2.62,2.48,1672,44,525,910
29941,153,68,62,6,2.1,2.17,68,0,30,32
29943,32,194,194,0,3.11,,194,31,106,88
29944,479,1490,1075,415,2.71,2.81,1490,167,353,722
29945,304,2157,1651,506,1.97,2.32,2157,180,542,1109
30002,339,2810,1588,1222,2.42,1.78,2810,245,1171,417
30004,458,23933,18287,5646,2.9,2.36,23933,438,13933,4354
30005,750,13498,9709,3789,3.18,2.47,13498,197,7571,2138
30008,772,11648,7014,4634,2.86,2.72,11648,743,5699,1315
30009,715,7563,4815,2748,2.83,2.2,7563,782,3487,1328
30011,430,5836,4529,1307,3.05,3.49,5836,122,3288,1241
30012,743,11562,6303,5259,3.05,2.51,11562,492,4085,2218
30013,910,9389,5704,3685,2.82,2.47,9389,536,4178,1526
30014,997,14933,9467,5466,2.74,2.35,14933,991,6090,3377
30016,456,19625,15424,4201,2.88,3.19,19625,648,12095,3329
30017,312,7502,6359,1143,3.42,2.64,7502,258,4986,1373
30018,3,27,19,8,3.74,2.25,27,0,15,4
30019,371,14742,12450,2292,3.18,3.31,14742,158,9701,2749
30021,1487,6563,1293,5270,3.13,4.16,6563,813,888,405
30022,1162,23465,16891,6574,2.81,2.7,23465,616,12625,4266
30024,988,27369,22141,5228,3.19,2.52,27369,363,18057,4084
30025,289,3691,3154,537,2.93,2.78,3691,23,2200,954
30028,177,10423,9287,1136,3.1,3.06,10423,178,7167,2120
30030,1620,12617,7809,4808,2.71,2.04,12617,1198,5675,2134
30032,4021,16657,8176,8481,2.58,2.56,16657,2264,5488,2688
30033,1499,13112,8707,4405,2.27,2.1,13112,699,5983,2724
30034,3023,16929,11314,5615,2.65,2.53,16929,1580,8065,3249
30035,1168,7588,3852,3736,3.01,2.97,7588,848,2906,946
30038,2360,14393,7926,6467,2.85,2.83,14393,254,6582,1344
30039,566,15744,13135,2609,3.02,3.35,15744,210,10007,3128
30040,833,25461,20987,4474,2.97,2.74,25461,444,16230,4757
30041,1232,24705,21128,3577,2.98,2.68,24705,446,15530,5598
30043,993,28151,19782,8369,3.23,2.66,28151,531,14967,4815
30044,1675,30289,19281,11008,3.41,3.06,30289,663,14672,4609
30045,167,13514,11360,2154,3.3,3.68,13514,350,8908,2452
30046,623,13865,7076,6789,2.97,2.74,13865,1580,4817,2259
30047,690,21533,16041,5492,3.06,3.37,21533,547,10637,5404
30052,1033,24082,19446,4636,2.99,3.25,24082,536,14053,5393
30054,467,4296,3575,721,2.75,2.88,4296,29,2103,1472
30055,207,1392,1249,143,2.75,2.93,1392,55,575,674
30056,74,786,662,124,3.02,2.83,786,44,388,274
30058,1256,21719,12550,9169,2.87,2.88,21719,2080,9980,2570
30060,1576,13536,6133,7403,2.51,2.87,13536,1578,3794,2339
30062,862,23232,18752,4480,2.75,2.63,23232,312,13555,5197
30064,689,18038,15108,2930,2.83,2.15,18038,626,10893,4215
30066,1116,21998,16938,5060,2.74,2.45,21998,448,11995,4943
30067,1797,19107,7669,11438,2.49,2.31,19107,1190,5444,2225
30068,566,12667,10912,1755,2.73,2.12,12667,251,7293,3619
30070,,48,43,5,1.7,7.0,48,11,35,8
30071,329,8438,4417,4021,2.81,3.27,8438,514,3115,1302
30072,75,325,192,133,2.03,2.0,325,7,135,57
30075,1154,21172,17295,3877,2.69,2.22,21172,464,12423,4872
30076,798,17237,11302,5935,2.77,2.66,17237,877,9162,2140
30078,442,12934,10427,2507,3.16,3.17,12934,250,7188,3239
30079,294,1357,588,769,2.56,3.3,1357,206,449,139
30080,1953,24527,11831,12696,2.23,2.11,24527,907,8745,3086
30082,1263,10757,7547,3210,2.44,2.37,10757,373,5712,1835
30083,3353,20719,10324,10395,3.21,2.7,20719,2493,7499,2825
30084,1117,15188,9925,5263,2.52,2.55,15188,762,6167,3758
30087,958,13249,11044,2205,2.81,3.11,13249,379,8066,2978
30088,892,10683,5946,4737,3.03,2.67,10683,965,4415,1531
30090,,,,0,,,,0,,
30092,835,15135,7171,7964,2.71,2.15,15135,555,4775,2396
30093,1280,18995,5415,13580,3.06,2.61,18995,859,3485,1930
30094,788,11759,9111,2648,2.85,3.1,11759,165,6312,2799
30096,947,27057,12100,14957,2.72,2.39,27057,1224,8091,4009
30097,910,16839,12031,4808,2.95,2.12,16839,243,8635,3396
30101,741,20710,16255,4455,3.0,3.06,20710,430,12613,3642
30102,679,15034,11260,3774,2.91,3.07,15034,334,8181,3079
30103,788,4881,3909,972,2.89,3.15,4881,63,2319,1590
30104,226,1609,1137,472,3.25,2.93,1609,63,801,336
30105,158,839,672,167,2.7,2.04,839,14,340,332
30106,535,8796,4617,4179,2.55,2.69,8796,340,3269,1348
30107,302,5916,5199,717,2.75,2.5,5916,31,3761,1438
30108,228,2938,2123,815,2.67,2.35,2938,235,950,1173
30110,422,5391,3825,1566,2.75,2.41,5391,229,2339,1486
30111,,,,0,,,,0,,
30113,284,1884,1565,319,2.66,2.97,1884,51,794,771
30114,1161,20205,13519,6686,2.79,2.78,20205,866,9064,4455
30115,674,16552,13633,2919,2.99,2.82,16552,304,10579,3054
30116,376,9181,6805,2376,2.6,2.42,9181,305,4138,2667
30117,1348,13142,6883,6259,2.69,2.57,13142,561,3588,3295
30118,,,,0,,,,0,,
30120,1614,14309,10048,4261,2.8,3.0,14309,596,6477,3571
30121,911,9529,5827,3702,2.79,2.21,9529,457,3820,2007
30122,799,10325,4642,5683,2.92,2.13,10325,344,3320,1322
30124,226,1248,866,382,2.48,1.98,1248,79,515,351
30125,921,8527,5353,3174,2.64,2.87,8527,560,2875,2478
30126,985,15905,11552,4353,2.59,3.02,15905,554,8617,2935
30127,1007,23774,19257,4517,3.01,3.34,23774,346,14639,4618
30132,489,15927,12484,3443,2.92,2.7,15927,720,9860,2624
30134,1396,14666,9480,5186,3.05,2.79,14666,1044,6880,2600
30135,1213,22315,17352,4963,2.99,2.92,22315,507,13075,4277
30137,31,757,559,198,2.95,2.46,757,10,246,313
30139,207,1704,1280,424,2.47,3.43,1704,79,751,529
30141,646,7960,5960,2000,2.99,2.86,7960,256,4400,1560
30143,2234,9728,7940,1788,2.42,2.91,9728,247,4559,3381
30144,1020,21225,12967,8258,2.73,2.4,21225,458,9277,3690
30145,157,3136,2812,324,2.72,3.4,3136,30,1816,996
30147,158,1759,1239,520,2.72,3.13,1759,60,707,532
30148,134,308,296,12,2.99,1.58,308,0,176,120
30149,,32,,32,,1.91,32,0,,
30152,991,15772,12794,2978,2.9,2.28,15772,414,9316,3478
30153,759,6613,3969,2644,2.7,2.69,6613,308,2238,1731
30157,1550,16642,13392,3250,2.9,3.37,16642,305,9981,3411
30161,1931,12946,8045,4901,2.59,2.46,12946,1300,3998,4047
30165,1765,15168,8776,6392,2.72,2.67,15168,1614,5116,3660
30168,1227,8993,4372,4621,2.82,2.68,8993,569,3220,1152
30170,40,1111,940,171,2.61,3.31,1111,62,470,470
30171,158,922,768,154,2.62,3.85,922,0,605,163
30173,233,2584,1748,836,2.56,2.78,2584,45,852,896
30175,304,2200,1742,458,2.49,2.5,2200,108,1066,676
30176,253,3018,1904,1114,2.7,2.26,3018,97,690,1214
30177,,530,475,55,2.56,3.24,530,0,256,219
30178,79,1362,1145,217,2.83,1.89,1362,50,514,631
30179,444,6450,5598,852,2.82,3.02,6450,83,3801,1797
30180,913,13692,9909,3783,3.03,2.59,13692,204,7224,2685
30182,70,1355,1036,319,2.68,2.19,1355,21,463,573
30183,285,2228,1850,378,2.6,2.92,2228,25,1340,510
30184,219,2408,2051,357,2.86,2.8,2408,20,1403,648
30185,185,1446,1245,201,2.65,2.65,1446,72,580,665
30187,131,2828,2457,371,2.62,2.93,2828,121,1747,710
30188,1226,24491,18945,5546,2.73,2.35,24491,434,13783,5162
30189,378,15093,11607,3486,2.71,2.57,15093,219,8853,2754
30204,566,5235,3854,1381,2.58,1.96,5235,206,2181,1673
30205,110,1199,1110,89,2.79,2.57,1199,17,668,442
30206,166,1162,1049,113,3.11,2.73,1162,68,649,400
30213,388,14918,8854,6064,3.04,2.74,14918,276,7057,1797
30214,618,11609,9331,2278,2.66,2.71,11609,167,6603,2728
30215,309,12780,10996,1784,2.92,3.17,12780,166,7716,3280
30216,32,865,606,259,2.23,2.49,865,14,212,394
30217,450,3450,2434,1016,2.65,2.65,3450,231,1291,1143
30218,98,495,442,53,2.98,1.72,495,12,339,103
30220,136,1888,1403,485,2.52,3.06,1888,78,883,520
30222,367,1905,1263,642,3.1,2.02,1905,183,716,547
30223,1040,14408,8991,5417,2.47,2.52,14408,1085,5315,3676
30224,674,10521,6958,3563,2.59,2.69,10521,517,4532,2426
30228,1035,15728,11636,4092,3.14,2.89,15728,830,8744,2892
30229,2,20,20,0,1.95,,20,0,1,19
30230,683,3492,2108,1384,2.65,3.01,3492,261,1328,780
30233,1044,8417,5974,2443,2.73,2.79,8417,317,3313,2661
30234,66,778,696,82,2.02,3.04,778,3,347,349
30236,1711,17234,9223,8011,2.78,3.03,17234,871,6448,2775
30238,1235,13754,8074,5680,2.95,3.18,13754,644,5277,2797
30240,1339,11208,6825,4383,2.93,2.42,11208,1111,4568,2257
30241,1113,8680,4295,4385,2.74,2.54,8680,591,2460,1835
30248,745,9861,8279,1582,3.14,3.01,9861,135,6939,1340
30250,,,,0,,,,0,,
30251,151,725,512,213,2.9,2.63,725,6,174,338
30252,601,15580,13474,2106,3.05,3.23,15580,207,10811,2663
30253,1148,19653,12150,7503,3.08,2.79,19653,479,8860,3290
30256,149,811,695,116,3.17,3.38,811,2,477,218
30257,146,1477,1108,369,3.08,1.59,1477,4,671,437
30258,128,967,791,176,2.98,2.78,967,43,412,379
30259,16,1383,1227,156,2.78,2.06,1383,72,952,275
30260,1230,8301,3779,4522,3.77,2.78,8301,779,2044,1735
30263,1213,21821,14413,7408,2.76,2.56,21821,1074,9877,4536
30265,570,13612,10220,3392,2.74,2.33,13612,286,7603,2617
30268,473,4151,2914,1237,2.73,2.35,4151,503,1690,1224
30269,1077,14655,10814,3841,2.72,2.43,14655,941,7568,3246
30272,,,,0,,,,0,,
30273,245,6162,4721,1441,2.61,3.58,6162,337,3900,821
30274,1132,12472,5632,6840,2.82,2.52,12472,934,3996,1636
30275,,77,17,60,,3.83,77,0,,17
30276,390,6235,5624,611,2.89,2.71,6235,84,4145,1479
30277,241,8078,7406,672,2.77,2.42,8078,43,4878,2528
30281,2067,26750,15633,11117,2.8,2.45,26750,624,11308,4325
30284,,2,,2,,3.0,2,0,,
30285,55,189,164,25,3.6,2.6,189,0,87,77
30286,1650,9023,5643,3380,2.48,2.78,9023,1248,2516,3127
30288,176,3432,2581,851,2.83,2.66,3432,103,2059,522
30289,,,,0,,,,0,,
30290,229,3199,2836,363,2.88,1.92,3199,44,2097,739
30291,874,10331,4103,6228,2.66,2.04,10331,822,3070,1033
30292,211,2064,1644,420,2.95,2.38,2064,17,1032,612
30293,248,824,709,115,2.48,2.4,824,50,268,441
30294,1315,14862,11603,3259,2.68,3.03,14862,386,9183,2420
30295,199,1602,1253,349,3.19,2.45,1602,66,753,500
30296,628,9971,6533,3438,2.45,3.32,9971,307,4918,1615
30297,987,10349,3610,6739,2.85,2.65,10349,1382,1611,1999
30303,243,1019,314,705,1.31,1.59,1019,480,184,130
30305,2474,14045,7598,6447,2.13,1.55,14045,1063,4670,2928
30306,779,11766,6916,4850,2.27,1.79,11766,454,5199,1717
30307,935,9329,5589,3740,2.47,1.84,9329,550,4181,1408
30308,1356,14082,4522,9560,1.57,1.48,14082,2490,3417,1105
30309,2775,16758,7746,9012,1.71,1.52,16758,1886,5682,2064
30310,2510,11867,5759,6108,2.15,2.31,11867,2811,3869,1890
30311,2300,14940,6490,8450,2.06,2.36,14940,3787,4136,2354
30312,1196,13207,4961,8246,1.93,1.69,13207,2924,3893,1068
30313,254,3293,1316,1977,1.53,1.47,3293,613,1189,127
30314,2616,7726,2705,5021,2.2,2.41,7726,2541,1236,1469
30315,2309,13126,4776,8350,2.48,2.49,13126,3167,3108,1668
30316,2235,14768,9135,5633,2.42,2.1,14768,1401,6778,2357
30317,839,5997,4203,1794,2.47,2.11,5997,867,3503,700
30318,3799,24206,9358,14848,2.28,2.16,24206,3513,6757,2601
30319,2142,20064,11560,8504,2.36,1.75,20064,1588,8475,3085
30322,,,,0,,,,0,,
30324,1455,16631,6052,10579,2.1,1.64,16631,1614,4511,1541
30326,858,4929,1884,3045,1.5,1.44,4929,394,1214,670
30327,805,9778,7655,2123,2.47,1.85,9778,209,4909,2746
30328,1373,17215,9752,7463,2.33,1.95,17215,1623,6634,3118
30329,2223,11045,2859,8186,2.59,2.35,11045,1370,1917,942
30331,2406,24808,12346,12462,2.68,2.42,24808,3371,8963,3383
30332,,,,0,,,,0,,
30334,,,,0,,,,0,,
30336,,193,56,137,1.23,1.18,193,0,26,30
30337,765,5315,1534,3781,2.51,2.3,5315,1136,1051,483
30338,1145,15672,9898,5774,2.7,2.05,15672,674,6796,3102
30339,2038,17759,5717,12042,2.05,1.79,17759,470,4236,1481
30340,1048,10573,4942,5631,2.84,2.9,10573,1235,3292,1650
30341,1582,13852,6663,7189,2.43,2.31,13852,1151,4906,1757
30342,942,14491,7166,7325,2.51,1.93,14491,373,5356,1810
30344,2421,14947,6056,8891,2.33,2.34,14947,1926,4584,1472
30345,646,10491,5402,5089,2.44,2.28,10491,358,3561,1841
30346,555,3149,217,2932,2.26,1.44,3149,13,100,117
30349,3270,30974,17792,13182,2.7,2.42,30974,2477,13827,3965
30350,1097,18407,7783,10624,2.2,1.92,18407,1622,5296,2487
30354,835,6273,2455,3818,2.24,2.56,6273,1249,1222,1233
30360,354,5369,3147,2222,2.63,3.42,5369,200,2048,1099
30363,690,2042,948,1094,1.88,1.8,2042,233,701,247
30401,761,5054,2694,2360,2.56,2.69,5054,592,1051,1643
30410,166,607,466,141,2.62,2.24,607,21,145,321
30411,290,767,581,186,5.14,3.68,767,57,112,469
30412,17,51,48,3,2.02,4.0,51,17,29,19
30413,194,590,489,101,2.51,2.61,590,34,98,391
30414,,10,6,4,4.5,3.5,10,0,6,
30415,296,2448,1816,632,2.5,1.86,2448,112,1081,735
30417,815,3973,2528,1445,2.66,2.71,3973,148,1185,1343
30420,185,713,419,294,2.51,2.81,713,14,170,249
30421,450,1139,923,216,2.44,2.29,1139,18,428,495
30423,4,25,20,5,1.6,5.2,25,0,,20
30425,142,493,446,47,2.71,2.47,493,0,227,219
30426,195,371,340,31,2.61,6.71,371,22,45,295
30427,772,3955,2750,1205,2.45,2.59,3955,356,1129,1621
30428,572,729,501,228,5.6,4.29,729,85,76,425
30429,22,53,3,50,22.0,2.76,53,19,1,2
30434,550,1880,1154,726,2.49,2.8,1880,188,586,568
30436,1469,4276,2783,1493,2.71,2.66,4276,461,1246,1537
30439,567,3845,2248,1597,3.02,2.2,3845,364,880,1368
30441,145,674,494,180,2.75,2.68,674,71,197,297
30442,1031,3329,2565,764,2.32,2.71,3329,156,645,1920
30445,336,984,645,339,2.51,3.01,984,110,263,382
30446,190,507,418,89,3.18,3.66,507,15,157,261
30448,5,5,5,0,4.4,,5,0,4,1
30449,7,23,9,14,,2.64,23,0,3,6
30450,164,800,556,244,2.38,2.83,800,34,192,364
30451,6,15,15,0,2.53,,15,0,8,7
30452,93,532,389,143,2.83,2.72,532,0,196,193
30453,450,2231,1392,839,3.06,2.23,2231,129,538,854
30454,146,133,94,39,4.23,,133,0,55,39
30455,61,283,225,58,1.97,1.5,283,0,64,161
30456,229,914,765,149,2.07,2.36,914,67,153,612
30457,474,1820,1145,675,2.65,2.2,1820,260,325,820
30458,2208,16409,6327,10082,2.49,2.29,16409,1225,3719,2608
30460,,,,0,,,,0,,
30461,730,6712,4515,2197,2.57,2.1,6712,120,2541,1974
30464,,30,16,14,5.44,9.64,30,7,12,4
30467,1541,3927,2898,1029,2.9,2.93,3927,241,1153,1745
30470,55,371,253,118,2.87,2.42,371,19,91,162
30471,446,1490,1008,482,2.74,2.84,1490,75,324,684
30473,387,1078,850,228,2.59,2.07,1078,23,354,496
30474,1085,6022,3724,2298,2.64,3.0,6022,427,2080,1644
30477,326,1048,682,366,2.5,2.87,1048,149,259,423
30501,1615,10544,4412,6132,2.87,2.85,10544,1940,2654,1758
30504,1103,8643,4650,3993,3.0,3.18,8643,582,2962,1688
30506,2581,16202,13417,2785,2.82,2.67,16202,404,8193,5224
30507,943,8339,6186,2153,3.41,3.96,8339,341,3583,2603
30510,361,2484,1707,777,3.31,2.43,2484,39,762,945
30511,119,1092,851,241,3.07,2.91,1092,19,445,406
30512,3514,9519,7636,1883,2.32,2.37,9519,442,3557,4079
30513,3214,5431,3739,1692,2.3,2.14,5431,261,1668,2071
30516,121,915,643,272,2.91,3.0,915,86,346,297
30517,452,5533,4796,737,2.86,2.82,5533,110,3590,1206
30518,1183,17781,13310,4471,3.17,2.98,17781,631,9499,3811
30519,692,16943,13157,3786,3.23,3.08,16943,361,10297,2860
30520,325,1595,1175,420,3.14,4.0,1595,40,580,595
30521,455,1683,1235,448,3.06,2.98,1683,37,602,633
30522,310,353,296,57,2.04,1.35,353,18,156,140
30523,2078,4800,4028,772,2.69,1.91,4800,202,2156,1872
30525,1561,3092,2242,850,2.39,2.5,3092,177,931,1311
30527,165,1499,1285,214,2.58,2.91,1499,23,873,412
30528,2240,8431,6402,2029,2.75,2.94,8431,209,3220,3182
30529,594,4135,2485,1650,2.8,2.92,4135,180,1398,1087
30530,290,2800,1930,870,2.77,2.86,2800,68,878,1052
30531,759,3806,2682,1124,2.85,2.96,3806,249,1324,1358
30533,1508,9396,6907,2489,2.74,3.12,9396,274,3737,3170
30534,1523,10741,8596,2145,2.8,2.55,10741,253,5427,3169
30535,367,2937,2207,730,2.73,2.45,2937,110,977,1230
30536,1406,3598,2706,892,2.63,2.61,3598,113,1464,1242
30537,1012,608,493,115,2.06,1.37,608,2,213,280
30538,164,1268,1058,210,2.65,3.0,1268,20,352,706
30539,10,109,80,29,1.9,2.52,109,4,40,40
30540,2724,8127,5960,2167,2.46,2.24,8127,356,3407,2553
30541,317,709,601,108,1.79,2.85,709,41,183,418
30542,1180,12642,9968,2674,2.95,2.89,12642,272,7221,2747
30543,200,1698,1346,352,3.62,3.52,1698,45,823,523
30545,613,375,270,105,2.57,1.67,375,33,148,122
30546,2427,3623,2806,817,2.13,2.01,3623,124,1322,1484
30547,172,1012,714,298,2.8,2.99,1012,22,399,315
30548,438,7949,7023,926,2.93,2.53,7949,129,4674,2349
30549,631,9347,7779,1568,3.02,3.3,9347,444,5786,1993
30552,1109,633,570,63,2.53,2.32,633,0,285,285
30553,1197,3362,2498,864,2.37,2.42,3362,140,1062,1436
30554,236,2960,2217,743,2.68,3.07,2960,124,1021,1196
30555,249,1313,1089,224,1.98,2.33,1313,33,521,568
30557,634,1867,1469,398,2.46,2.34,1867,84,678,791
30558,321,1759,1450,309,2.83,2.71,1759,52,758,692
30559,1189,1871,1634,237,2.34,2.87,1871,47,970,664
30560,1533,1901,1661,240,2.27,1.83,1901,136,965,696
30562,101,244,149,95,3.4,2.85,244,0,74,75
30563,207,1955,1731,224,3.21,3.96,1955,33,1073,658
30564,178,1706,1393,313,2.57,2.77,1706,12,795,598
30565,253,1485,1157,328,2.73,2.44,1485,50,564,593
30566,264,2968,1972,996,3.2,2.29,2968,167,1348,624
30567,62,1224,1024,200,3.08,2.69,1224,19,704,320
30568,452,748,592,156,2.53,1.88,748,24,230,362
30571,851,1512,1325,187,2.11,2.3,1512,55,698,627
30572,977,467,400,67,2.18,1.49,467,19,200,200
30573,32,83,63,20,1.06,1.05,83,52,,63
30575,21,581,435,146,3.89,2.38,581,58,251,184
30576,728,1052,841,211,2.98,2.47,1052,81,373,468
30577,1864,8211,5886,2325,2.69,2.33,8211,422,2839,3047
30581,,31,31,0,7.39,,31,0,,31
30582,942,1869,1537,332,2.29,2.27,1869,47,772,765
30597,,,,0,,,,0,,
30598,,7,,7,,,7,0,,
30601,829,10110,3691,6419,2.29,2.25,10110,980,1555,2136
30602,,,,0,,,,0,,
30605,753,17251,6185,11066,2.36,2.08,17251,1292,4058,2127
30606,1039,20625,9024,11601,2.39,2.15,20625,1374,5404,3620
30607,176,4379,2756,1623,2.51,2.31,4379,206,1830,926
30609,,,,0,,,,0,,
30619,89,645,530,115,2.11,2.37,645,15,311,219
30620,182,4359,3770,589,2.95,3.64,4359,84,2812,958
30621,116,2014,1750,264,2.82,2.16,2014,17,1203,547
30622,247,4202,3390,812,2.83,2.59,4202,49,2523,867
30623,12,29,24,5,3.63,4.0,29,0,9,15
30624,143,1234,905,329,3.03,3.44,1234,121,307,598
30625,307,951,860,91,2.34,2.12,951,3,467,393
30627,304,871,686,185,3.08,2.51,871,24,304,382
30628,196,2105,1894,211,3.23,2.68,2105,48,1208,686
30629,229,1806,1191,615,2.92,2.63,1806,64,582,609
30630,113,932,625,307,2.89,2.27,932,104,258,367
30631,295,614,455,159,3.04,1.65,614,45,93,362
30633,655,2709,2110,599,3.04,2.8,2709,111,855,1255
30634,282,726,576,150,2.3,2.47,726,21,77,499
30635,1216,6321,4415,1906,2.33,2.49,6321,617,1808,2607
30639,,,,0,,,,0,,
30641,41,712,653,59,2.29,1.83,712,2,337,316
30642,1939,5660,4538,1122,2.33,2.62,5660,132,2260,2278
30643,1805,6325,4556,1769,2.32,2.44,6325,483,2075,2481
30646,407,2891,1943,948,2.45,2.45,2891,151,1025,918
30648,110,1005,853,152,2.84,3.41,1005,30,430,423
30650,718,5042,3636,1406,2.73,2.42,5042,256,2353,1283
30655,668,9205,5706,3499,3.03,2.59,9205,418,3748,1958
30656,259,5983,4641,1342,2.79,3.28,5983,147,3411,1230
30660,284,308,213,95,3.96,2.74,308,16,79,134
30662,642,3083,2085,998,2.61,2.51,3083,161,1111,974
30663,142,1006,730,276,3.21,2.61,1006,59,424,306
30664,8,13,13,0,,,13,4,4,9
30665,,94,67,27,2.61,1.59,94,0,20,47
30666,116,3314,2700,614,2.94,2.92,3314,79,1879,821
30667,141,382,339,43,2.12,2.07,382,0,85,254
30668,578,854,561,293,2.73,2.48,854,68,246,315
30669,309,1065,729,336,2.85,2.94,1065,78,241,488
30673,665,2955,1972,983,2.11,2.46,2955,130,726,1246
30677,381,6944,5863,1081,2.91,2.81,6944,73,3829,2034
30678,255,454,389,65,2.84,3.2,454,19,197,192
30680,798,16081,12279,3802,2.9,2.86,16081,660,8654,3625
30683,359,2809,2095,714,2.96,2.07,2809,51,1293,802
30701,1441,14424,9000,5424,2.89,2.74,14424,1021,5819,3181
30705,1362,11792,8733,3059,2.69,3.14,11792,549,4321,4412
30707,499,6389,5185,1204,2.7,2.49,6389,147,3000,2185
30708,,135,123,12,2.04,3.17,135,12,101,22
30710,267,2447,1947,500,2.84,3.15,2447,40,1042,905
30711,137,1421,1202,219,2.58,2.06,1421,94,543,659
30720,1463,8962,5095,3867,2.91,2.73,8962,718,3004,2091
30721,1637,18395,11528,6867,2.9,2.85,18395,1138,5569,5959
30724,,13,,13,,2.92,13,0,,
30725,357,1422,1269,153,3.34,2.25,1422,14,650,619
30726,,,,0,,,,0,,
30728,837,7515,5025,2490,2.64,2.22,7515,714,2840,2185
30730,70,667,549,118,2.74,2.61,667,0,171,378
30731,415,963,682,281,2.18,2.98,963,32,265,417
30733,79,888,741,147,2.71,3.03,888,31,339,402
30734,255,1207,1036,171,2.46,2.65,1207,15,512,524
30735,337,2227,1707,520,3.02,3.96,2227,149,829,878
30736,1537,15792,13045,2747,2.77,2.51,15792,363,8692,4353
30738,306,1452,1282,170,2.48,3.11,1452,56,512,770
30739,44,2253,1852,401,2.9,2.36,2253,30,1216,636
30740,367,3057,2647,410,2.72,2.47,3057,103,1573,1074
30741,1951,11613,7979,3634,2.27,2.86,11613,474,4121,3858
30742,414,3324,1376,1948,2.61,1.92,3324,693,878,498
30746,24,390,342,48,2.85,5.31,390,18,175,167
30747,1006,5898,3929,1969,2.39,2.48,5898,481,1201,2728
30750,170,1165,959,206,2.57,2.5,1165,26,568,391
30751,,42,42,0,3.52,,42,0,18,24
30752,579,3522,2368,1154,2.54,2.35,3522,141,952,1416
30753,432,2365,1715,650,2.99,2.99,2365,67,587,1128
30755,31,3662,2641,1021,2.82,3.23,3662,125,1286,1355
30756,,16,12,4,,3.0,16,0,,12
30757,237,938,638,300,2.08,2.02,938,96,143,495
30802,566,2010,1664,346,3.41,2.08,2010,19,924,740
30803,46,321,281,40,3.75,2.05,321,2,136,145
30805,188,772,667,105,2.79,3.25,772,33,241,426
30807,15,82,74,8,3.12,2.38,82,7,17,57
30808,258,1512,1190,322,2.65,3.95,1512,18,389,801
30809,2385,15401,13368,2033,3.42,3.0,15401,351,9654,3714
30810,264,691,460,231,2.55,3.72,691,102,219,241
30812,,,,0,,,,0,,
30813,4290,13260,10185,3075,3.46,2.9,13260,411,8077,2108
30814,753,3439,2716,723,3.53,2.23,3439,270,1386,1330
30815,1479,13900,9811,4089,2.98,3.19,13900,568,6228,3583
30816,251,813,593,220,2.12,2.34,813,208,198,395
30817,1150,2860,2068,792,2.59,2.47,2860,231,879,1189
30818,,207,145,62,2.81,2.1,207,0,17,128
30820,198,439,325,114,1.99,2.4,439,46,75,250
30821,207,375,261,114,2.72,2.7,375,14,61,200
30822,,,,0,,,,0,,
30823,154,495,299,196,2.6,2.2,495,28,109,190
30824,894,6620,4505,2115,2.5,2.59,6620,529,2449,2056
30828,331,1331,892,439,2.62,3.04,1331,179,236,656
30830,1075,5021,3371,1650,2.94,2.93,5021,319,1515,1856
30833,384,1345,764,581,3.0,2.84,1345,182,285,479
30901,1650,7004,1866,5138,2.49,2.27,7004,2623,627,1239
30904,2639,10403,4669,5734,2.53,2.52,10403,1311,2585,2084
30905,246,820,19,801,12.42,3.89,820,31,,19
30906,3830,20718,11512,9206,2.78,3.03,20718,1668,6192,5320
30907,4693,17312,12090,5222,2.9,2.38,17312,390,7499,4591
30909,5976,17467,8435,9032,2.63,2.18,17467,1310,5535,2900
30912,,,,0,,,,0,,
31001,398,825,548,277,3.04,3.52,825,78,116,432
31002,226,1081,779,302,3.14,2.78,1081,49,280,499
31003,14,48,48,0,1.81,,48,4,11,37
31004,,,,0,,,,0,,
31005,356,6972,5227,1745,3.01,2.91,6972,103,4275,952
31006,427,1779,907,872,2.65,2.32,1779,240,320,587
31007,82,291,229,62,2.64,1.84,291,29,42,187
31008,597,7897,6065,1832,2.66,2.64,7897,257,3594,2471
31009,201,487,374,113,3.01,4.04,487,18,72,302
31011,73,239,182,57,2.74,2.89,239,11,46,136
31012,129,365,268,97,3.04,2.76,365,28,77,191
31014,1233,4303,3135,1168,2.72,2.55,4303,147,1107,2028
31015,2141,7238,3912,3326,2.46,2.82,7238,967,1859,2053
31016,104,698,568,130,2.76,3.25,698,19,184,384
31017,166,598,483,115,2.6,2.77,598,22,188,295
31018,110,525,397,128,2.32,2.06,525,20,142,255
31019,233,956,714,242,3.08,2.9,956,25,287,427
31020,324,629,563,66,2.11,2.64,629,108,178,385
31021,2386,9944,5823,4121,2.63,2.85,9944,835,2272,3551
31022,140,661,508,153,2.63,3.05,661,3,171,337
31023,1429,4980,3158,1822,2.77,2.74,4980,440,1501,1657
31024,3249,8850,6859,1991,2.27,2.45,8850,368,4019,2840
31025,47,376,376,0,2.66,,376,12,244,132
31027,903,3715,2438,1277,2.36,3.49,3715,137,626,1812
31028,267,2065,1585,480,2.85,3.35,2065,108,1245,340
31029,520,5978,4551,1427,2.58,2.66,5978,190,2851,1700
31030,1807,5955,3575,2380,2.79,2.34,5955,680,1529,2046
31031,454,2232,1750,482,2.67,3.73,2232,135,698,1052
31032,559,5353,4282,1071,2.85,2.5,5353,245,2604,1678
31033,47,826,690,136,2.89,3.96,826,53,326,364
31034,35,33,,33,,5.03,33,14,,
31035,103,382,308,74,2.68,2.39,382,15,145,163
31036,943,3245,2215,1030,2.71,2.82,3245,290,805,1410
31037,485,657,482,175,2.74,3.41,657,69,115,367
31038,58,398,315,83,2.48,1.92,398,0,104,211
31039,,,,0,,,,0,,
31041,124,285,167,118,2.41,3.51,285,14,45,122
31042,307,521,452,69,2.38,4.94,521,49,133,319
31044,339,966,824,142,2.77,3.83,966,59,187,637
31045,,27,11,16,,,27,0,,11
31046,128,1323,1280,43,2.56,2.09,1323,31,692,588
31047,510,5722,5054,668,2.85,2.92,5722,124,3921,1133
31049,127,604,461,143,2.64,3.59,604,27,91,370
31050,,446,340,106,1.89,1.43,446,0,19,321
31051,12,33,19,14,2.26,2.79,33,0,10,9
31052,235,3033,2818,215,3.11,3.24,3033,111,1682,1136
31054,165,461,372,89,3.01,2.87,461,38,140,232
31055,806,1256,842,414,3.5,3.62,1256,178,102,740
31057,189,728,412,316,2.31,1.59,728,121,109,303
31058,24,630,423,207,2.66,2.29,630,11,176,247
31060,386,680,539,141,2.85,1.72,680,17,109,430
31061,4135,15344,9383,5961,2.41,2.38,15344,1049,4611,4772
31062,9,,,0,,,,0,,
31063,585,1618,955,663,2.79,3.0,1618,196,372,583
31064,680,3489,2650,839,2.66,2.9,3489,42,1832,818
31065,114,526,484,42,3.0,2.9,526,2,189,295
31066,87,445,365,80,2.77,3.59,445,0,130,235
31067,13,80,66,14,2.61,1.36,80,5,38,28
31068,256,1163,715,448,2.23,3.42,1163,108,196,519
31069,830,9096,6329,2767,2.51,2.25,9096,553,4606,1723
31070,71,368,295,73,2.45,3.05,368,27,79,216
31071,51,424,349,75,3.03,2.52,424,32,91,258
31072,231,396,354,42,2.77,2.48,396,2,105,249
31075,272,926,778,148,2.66,4.29,926,18,284,494
31076,421,1040,842,198,2.81,1.72,1040,61,301,541
31077,237,376,306,70,3.2,2.53,376,12,59,247
31078,550,1208,753,455,2.37,2.58,1208,201,323,430
31079,310,1039,769,270,2.57,2.37,1039,56,170,599
31081,99,22,22,0,,,22,0,,22
31082,691,3950,2550,1400,2.41,2.76,3950,370,1087,1463
31083,39,96,61,35,5.02,3.46,96,1,8,53
31084,16,,,0,,,,0,,
31085,41,414,378,36,2.84,2.17,414,9,126,252
31087,2080,3030,2343,687,2.13,2.44,3030,403,1067,1276
31088,1951,20733,12852,7881,2.93,2.44,20733,558,8976,3876
31089,325,1606,918,688,2.65,2.58,1606,137,381,537
31090,199,410,261,149,3.17,2.13,410,5,52,209
31091,284,1207,915,292,2.1,2.82,1207,151,328,587
31092,598,2001,1344,657,2.44,3.26,2001,259,563,781
31093,1503,11100,6088,5012,2.35,2.41,11100,952,2942,3146
31094,107,321,296,25,2.16,2.88,321,10,100,196
31096,335,2429,1802,627,2.8,2.44,2429,179,532,1270
31097,135,478,413,65,3.12,2.26,478,3,192,221
31098,93,1077,15,1062,4.67,3.08,1077,34,12,3
31201,1108,3500,670,2830,2.89,1.56,3500,1149,318,352
31204,3519,11866,5710,6156,2.55,2.49,11866,1818,3412,2298
31206,2750,9020,3634,5386,2.62,3.21,9020,1622,1850,1784
31207,,,,0,,,,0,,
31210,1576,13962,7580,6382,2.75,1.98,13962,582,4867,2713
31211,1550,6132,3417,2715,2.47,2.41,6132,595,1792,1625
31213,,,,0,,,,0,,
31216,368,6202,5145,1057,2.58,3.06,6202,281,3105,2040
31217,1861,6168,4214,1954,2.55,3.03,6168,679,1673,2541
31220,774,5907,4027,1880,2.56,2.58,5907,185,2399,1628
31301,402,1610,662,948,2.89,2.11,1610,91,409,253
31302,294,3027,2222,805,2.58,2.92,3027,184,1036,1186
31303,8,1088,855,233,2.36,2.09,1088,48,464,391
31305,409,2235,1776,459,2.44,1.73,2235,206,759,1017
31307,80,448,391,57,3.13,3.63,448,0,315,76
31308,349,3007,2377,630,2.72,3.04,3007,94,1412,965
31309,39,261,213,48,2.51,1.67,261,26,86,127
31312,535,7262,6213,1049,3.23,2.99,7262,64,4539,1674
31313,2481,15166,7136,8030,2.84,2.66,15166,943,4961,2175
31314,,,,0,,,,0,,
31315,507,2277,,2277,,3.46,2277,19,,
31316,504,4043,2739,1304,3.1,2.87,4043,412,1706,1033
31318,62,132,113,19,3.19,2.05,132,17,65,48
31320,773,3281,2440,841,2.63,2.61,3281,158,1402,1038
31321,356,2747,2140,607,2.77,3.18,2747,83,1236,904
31322,764,10718,6206,4512,2.6,2.26,10718,247,4690,1516
31323,119,691,584,107,2.24,2.37,691,19,166,418
31324,775,10847,7858,2989,2.98,2.82,10847,380,6351,1507
31326,429,8731,6163,2568,2.66,2.3,8731,276,4369,1794
31327,86,18,18,0,,,18,0,,18
31328,1908,1615,1459,156,2.11,2.1,1615,24,723,736
31329,388,3162,2217,945,2.97,2.56,3162,81,1357,860
31331,1668,2409,1991,418,2.46,2.57,2409,148,926,1065
31333,34,136,,136,,1.28,136,76,,
31401,2879,8275,2827,5448,2.12,2.12,8275,1793,1908,919
31404,1511,12832,5854,6978,2.47,2.51,12832,1165,3458,2396
31405,1941,14304,7696,6608,2.53,2.58,14304,1595,4907,2789
31406,1505,13920,8518,5402,2.54,2.31,13920,1028,5442,3076
31407,494,8149,5156,2993,2.73,2.21,8149,73,4350,806
31408,560,3608,1286,2322,2.44,2.75,3608,218,694,592
31409,,,,0,,,,0,,
31410,1026,9709,7310,2399,2.57,2.2,9709,213,5172,2138
31411,392,4392,4052,340,2.07,1.96,4392,58,2137,1915
31415,1476,4153,1587,2566,2.4,3.08,4153,1100,588,999
31419,2427,22141,12030,10111,2.67,2.26,22141,989,8045,3985
31421,,,,0,,,,0,,
31501,1285,5803,3044,2759,2.56,2.28,5803,851,1627,1417
31503,1591,7368,5223,2145,2.68,2.9,7368,484,2159,3064
31510,859,3192,2301,891,2.69,2.77,3192,277,879,1422
31512,250,842,621,221,2.35,2.13,842,56,172,449
31513,1648,5722,4084,1638,2.73,2.58,5722,603,1827,2257
31516,709,5776,4462,1314,2.69,2.55,5776,192,1888,2574
31518,46,238,186,52,3.24,2.94,238,0,91,95
31519,268,1476,1035,441,2.33,2.79,1476,76,390,645
31520,1905,8493,3710,4783,2.44,2.54,8493,1190,1735,1975
31522,4114,7763,6471,1292,2.24,1.94,7763,223,4345,2126
31523,224,5326,4540,786,2.63,2.82,5326,49,3295,1245
31524,,,,0,,,,0,,
31525,1032,11091,6953,4138,2.63,2.6,11091,561,4179,2774
31527,782,668,545,123,1.9,1.21,668,0,192,353
31532,24,257,211,46,2.3,2.35,257,5,34,177
31533,735,6217,3365,2852,2.46,2.77,6217,654,1630,1735
31535,700,4254,3141,1113,2.68,3.27,4254,134,1189,1952
31537,440,3270,2379,891,2.92,2.3,3270,306,1061,1318
31539,1134,5072,3483,1589,3.04,2.38,5072,428,1623,1860
31542,246,892,714,178,2.77,3.45,892,22,256,458
31543,579,1651,1368,283,2.6,2.73,1651,17,435,933
31544,132,217,206,11,2.88,5.91,217,0,29,177
31545,844,5928,3359,2569,2.6,2.47,5928,588,1725,1634
31546,361,2746,1801,945,2.54,2.88,2746,213,976,825
31547,,,,0,,,,0,,
31548,725,8390,5304,3086,2.63,2.83,8390,434,3869,1435
31549,331,665,442,223,3.46,3.17,665,82,130,312
31550,144,251,239,12,2.45,,251,0,142,97
31551,139,354,303,51,2.1,4.78,354,0,65,238
31552,147,283,255,28,3.51,1.75,283,13,62,193
31553,307,1781,1280,501,2.7,2.52,1781,138,295,985
31554,392,1801,1270,531,2.66,3.92,1801,175,559,711
31555,193,1037,710,327,2.67,2.73,1037,7,288,422
31556,,29,24,5,1.63,4.8,29,0,4,20
31557,226,1246,887,359,2.82,3.14,1246,45,271,616
31558,933,8364,4657,3707,2.43,2.75,8364,419,3281,1376
31560,190,1082,772,310,2.57,2.42,1082,43,317,455
31561,633,60,60,0,1.72,,60,0,,60
31562,260,706,548,158,3.83,2.32,706,0,206,342
31563,119,526,427,99,3.06,2.05,526,17,117,310
31564,,,,0,,,,0,,
31565,112,1023,849,174,2.3,2.02,1023,128,423,426
31566,296,1376,1077,299,2.93,3.45,1376,113,520,557
31567,27,500,344,156,2.38,2.77,500,0,34,310
31568,168,241,209,32,2.04,,241,0,93,116
31569,396,1996,1633,363,2.58,3.21,1996,146,858,775
31599,,,,0,,,,0,,
31601,2146,12023,5416,6607,2.7,2.42,12023,1544,2811,2605
31602,1827,13046,5699,7347,2.79,2.55,13046,1328,3386,2313
31605,758,8677,5386,3291,2.76,2.73,8677,180,3934,1452
31606,200,1266,993,273,2.67,3.38,1266,60,392,601
31620,805,4016,2621,1395,2.74,2.82,4016,309,1362,1259
31622,204,678,486,192,2.38,2.65,678,34,178,308
31623,19,43,30,13,2.17,1.77,43,0,6,24
31624,139,475,367,108,3.11,1.87,475,29,108,259
31625,61,475,230,245,3.41,2.02,475,25,120,110
31626,244,1313,932,381,2.29,2.94,1313,36,397,535
31627,23,81,51,30,2.41,3.37,81,0,16,35
31629,179,305,250,55,4.07,3.76,305,33,96,154
31630,70,225,189,36,2.37,3.39,225,0,56,133
31631,144,241,187,54,1.91,2.09,241,13,9,178
31632,235,4904,3992,912,2.8,2.89,4904,57,2840,1152
31634,466,1826,1228,598,2.89,2.69,1826,243,546,682
31635,351,2493,1510,983,2.73,2.77,2493,289,801,709
31636,803,3833,2423,1410,2.83,2.32,3833,141,1215,1208
31637,200,1154,890,264,2.58,2.28,1154,35,242,648
31638,79,415,288,127,2.98,2.35,415,8,53,235
31639,870,3845,2567,1278,2.75,2.57,3845,252,1102,1465
31641,110,592,493,99,3.02,2.44,592,9,257,236
31642,272,1578,1190,388,2.85,3.37,1578,104,443,747
31643,842,3485,2327,1158,2.54,2.94,3485,256,1333,994
31645,313,1636,1070,566,2.61,3.07,1636,44,619,451
31647,215,1010,557,453,3.03,3.72,1010,64,294,263
31648,86,341,255,86,2.3,2.65,341,0,113,142
31649,43,370,254,116,2.83,1.65,370,23,167,87
31650,220,1283,806,477,2.9,2.38,1283,39,388,418
31698,,,,0,,,,0,,
31699,,,,0,,,,0,,
31701,2200,7439,2670,4769,2.3,2.38,7439,1224,1256,1414
31704,,,,0,,,,0,,
31705,2218,10421,4737,5684,2.37,2.91,10421,1488,2529,2208
31707,1735,10995,4909,6086,2.2,2.11,10995,883,3021,1888
31709,917,6222,3154,3068,2.46,2.47,6222,660,1717,1437
31711,139,247,148,99,2.82,2.97,247,48,48,100
31712,176,484,407,77,3.18,2.84,484,23,204,203
31714,316,2385,1490,895,2.5,2.51,2385,223,755,735
31716,155,1131,967,164,2.29,3.26,1131,29,339,628
31719,919,2737,1787,950,2.51,3.09,2737,345,896,891
31720,31,138,116,22,2.04,2.23,138,17,27,89
31721,467,7979,5462,2517,2.44,2.68,7979,250,3252,2210
31722,47,253,195,58,2.81,3.84,253,3,60,135
31727,,,,0,,,,0,,
31730,508,3261,1787,1474,2.54,2.25,3261,795,725,1062
31733,72,458,401,57,2.74,2.12,458,5,208,193
31735,246,254,190,64,1.98,2.2,254,0,77,113
31738,144,936,674,262,2.3,1.84,936,27,330,344
31743,146,53,41,12,1.98,2.58,53,4,8,33
31744,259,1235,786,449,2.38,2.7,1235,28,291,495
31747,27,57,43,14,2.93,3.21,57,0,6,37
31749,146,929,656,273,2.59,2.75,929,8,250,406
31750,1241,7308,4359,2949,2.6,2.3,7308,667,1884,2475
31753,12,23,5,18,2.8,4.83,23,0,,5
31756,,627,616,11,2.1,2.36,627,15,248,368
31757,626,4061,3076,985,2.74,2.98,4061,60,2012,1064
31763,672,9724,7176,2548,2.73,2.87,9724,254,5077,2099
31764,115,677,620,57,2.45,3.91,677,10,400,220
31765,123,936,701,235,2.53,3.16,936,80,285,416
31768,1500,8136,4679,3457,2.78,2.57,8136,672,2010,2669
31771,279,2253,1484,769,3.15,3.61,2253,106,608,876
31772,43,213,204,9,2.5,3.78,213,0,95,109
31773,358,1895,1387,508,2.27,2.77,1895,20,728,659
31774,449,2393,1610,783,2.58,2.4,2393,231,665,945
31775,157,1007,873,134,3.0,2.69,1007,63,358,515
31778,160,1066,835,231,2.45,2.44,1066,36,387,448
31779,419,2979,1898,1081,2.35,2.94,2979,303,970,928
31780,256,676,498,178,3.03,2.86,676,30,181,317
31781,92,677,443,234,3.14,3.01,677,66,238,205
31783,106,541,486,55,2.87,2.09,541,57,264,222
31784,37,370,237,133,2.82,2.71,370,16,87,150
31787,144,638,504,134,1.97,1.96,638,60,271,233
31788,729,3396,2285,1111,2.88,2.75,3396,308,816,1469
31789,67,608,426,182,2.33,1.89,608,9,255,171
31790,228,692,547,145,2.74,3.81,692,51,275,272
31791,505,4352,2901,1451,2.47,2.83,4352,333,1212,1689
31792,1439,9318,5058,4260,2.37,2.46,9318,608,2555,2503
31793,634,3240,2600,640,2.57,1.85,3240,70,1707,893
31794,1142,10638,5647,4991,2.67,2.48,10638,1286,3317,2330
31795,169,594,494,100,2.57,3.42,594,0,222,272
31796,255,495,375,120,2.25,3.24,495,41,193,182
31798,59,390,308,82,2.93,3.73,390,61,91,217
31801,66,1138,1041,97,2.46,2.73,1138,72,515,526
31803,606,1877,1250,627,2.46,2.43,1877,172,558,692
31804,135,2066,1934,132,3.09,1.98,2066,102,1346,588
31805,421,1009,595,414,2.15,2.28,1009,12,251,344
31806,373,1538,1075,463,3.02,2.62,1538,75,588,487
31807,41,738,655,83,2.86,1.39,738,0,460,195
31808,365,2803,2657,146,2.96,3.74,2803,11,1932,725
31810,11,99,89,10,2.26,1.9,99,28,19,70
31811,207,2004,1724,280,2.77,3.16,2004,36,1098,626
31812,48,239,188,51,2.89,2.35,239,20,55,133
31814,,,,0,,,,0,,
31815,257,834,621,213,2.14,1.57,834,100,153,468
31816,511,2066,1205,861,2.36,2.46,2066,176,624,581
31820,320,4453,3988,465,2.86,2.29,4453,25,3155,833
31821,33,29,29,0,1.38,,29,6,,29
31822,440,2316,1834,482,2.39,3.02,2316,67,764,1070
31823,58,321,282,39,1.92,1.56,321,6,203,79
31824,194,468,375,93,2.66,1.41,468,23,145,230
31825,187,1073,744,329,2.2,2.29,1073,82,272,472
31826,133,803,489,314,2.61,2.18,803,5,227,262
31827,132,926,678,248,2.1,2.73,926,116,363,315
31829,,521,487,34,2.84,2.5,521,0,414,73
31830,163,961,663,298,2.09,2.83,961,163,224,439
31831,224,1358,1209,149,2.67,2.92,1358,76,825,384
31832,35,73,73,0,2.4,,73,13,24,49
31833,549,2525,1900,625,2.64,2.98,2525,335,994,906
31836,211,408,333,75,2.11,1.43,408,88,144,189
31901,783,3107,875,2232,1.64,1.6,3107,610,534,341
31903,1856,7543,2198,5345,2.53,2.59,7543,2010,969,1229
31904,1919,14016,6747,7269,2.57,2.34,14016,1750,3825,2922
31905,785,3641,22,3619,2.55,3.3,3641,40,,22
31906,2076,8768,4003,4765,2.47,2.26,8768,1592,2162,1841
31907,2583,22637,12464,10173,2.48,2.65,22637,1466,7892,4572
31909,1493,15723,7780,7943,2.78,2.3,15723,557,5197,2583
32003,646,11090,9586,1504,2.68,2.56,11090,201,6366,3220
32008,858,2354,1873,481,2.32,3.25,2354,45,805,1068
32009,65,1383,1200,183,2.43,2.48,1383,27,614,586
32011,503,5480,4613,867,2.74,2.5,5480,152,3053,1560
32013,,5,5,0,13.2,,5,0,5,
32024,743,7220,6067,1153,2.55,2.82,7220,259,3348,2719
32025,1164,8127,4797,3330,2.43,2.29,8127,327,2570,2227
32026,,,,0,,,,0,,
32033,284,1915,1646,269,2.29,2.91,1915,83,913,733
32034,4539,16526,13872,2654,2.37,2.11,16526,556,8449,5423
32038,838,3824,3239,585,2.52,2.98,3824,87,1386,1853
32040,374,2663,2338,325,3.0,3.02,2663,67,1082,1256
32043,1318,11018,8718,2300,2.62,3.0,11018,318,5588,3130
32044,64,813,554,259,2.17,4.11,813,50,224,330
32046,410,3602,2742,860,3.05,2.53,3602,104,1386,1356
32052,737,2245,1558,687,2.67,2.25,2245,162,588,970
32053,519,1289,1001,288,2.55,3.96,1289,28,291,710
32054,437,3567,2535,1032,2.69,2.17,3567,196,1369,1166
32055,1148,6190,4014,2176,2.47,2.66,6190,611,1749,2265
32058,200,1494,1141,353,3.18,2.58,1494,88,555,586
32059,268,1109,806,303,2.35,2.55,1109,4,348,458
32060,1765,7754,6152,1602,2.89,2.76,7754,451,2554,3598
32061,,85,72,13,4.31,2.62,85,0,21,51
32062,316,668,521,147,3.0,2.03,668,62,221,300
32063,575,4523,3269,1254,3.12,2.1,4523,235,2125,1144
32064,651,2865,1326,1539,2.14,2.63,2865,532,473,853
32065,859,13336,10305,3031,2.95,2.86,13336,303,7793,2512
32066,474,1978,1519,459,3.01,2.24,1978,75,572,947
32068,1601,19950,15333,4617,2.81,3.06,19950,770,10274,5059
32071,403,1173,994,179,2.72,1.39,1173,17,519,475
32072,,43,43,0,1.86,,43,0,31,12
32073,872,15600,9857,5743,2.8,2.47,15600,793,6287,3570
32079,24,172,17,155,1.53,1.52,172,36,,17
32080,6372,9618,7613,2005,2.23,2.01,9618,300,4184,3429
32081,1045,7113,6295,818,2.94,2.89,7113,66,4522,1773
32082,2931,11696,9529,2167,2.5,2.23,11696,224,5697,3832
32083,96,616,397,219,2.27,3.06,616,6,133,264
32084,3543,13125,8972,4153,2.6,2.63,13125,644,5460,3512
32086,1958,12531,9386,3145,2.55,2.7,12531,438,5311,4075
32087,291,1209,809,400,3.26,2.71,1209,15,448,361
32091,1255,5457,3316,2141,2.72,2.56,5457,428,1237,2079
32092,1768,14569,12889,1680,2.8,3.61,14569,103,10107,2782
32094,215,925,724,201,3.89,2.7,925,0,276,448
32095,218,5218,4524,694,2.9,2.42,5218,37,3181,1343
32096,268,1142,902,240,2.54,2.08,1142,29,381,521
32097,562,7650,5962,1688,2.67,2.68,7650,188,4490,1472
32102,629,1120,980,140,1.98,2.72,1120,15,272,708
32110,600,3272,2323,949,2.8,2.15,3272,270,986,1337
32112,877,2767,1909,858,2.58,2.92,2767,208,747,1162
32113,598,1927,1494,433,2.47,2.3,1927,127,753,741
32114,2411,14270,4592,9678,2.09,2.27,14270,2403,2140,2452
32117,1778,12399,6042,6357,2.21,2.39,12399,1227,2960,3082
32118,6593,9639,5986,3653,1.89,1.86,9639,1127,2412,3574
32119,1623,10403,6414,3989,2.1,2.3,10403,710,2725,3689
32124,259,2312,1890,422,2.24,2.06,2312,14,1202,688
32127,3187,12799,9477,3322,2.19,2.2,12799,654,4665,4812
32128,471,8901,7299,1602,2.33,2.99,8901,138,3683,3616
32129,1324,10166,7180,2986,2.19,2.3,10166,458,3798,3382
32130,233,1661,1410,251,2.7,3.63,1661,41,835,575
32131,377,1665,1323,342,2.11,2.88,1665,56,660,663
32132,381,3741,3119,622,2.01,2.23,3741,253,1466,1653
32133,51,294,264,30,2.58,,294,0,234,30
32134,2594,3198,2887,311,2.23,2.23,3198,70,1212,1675
32136,1661,3905,3239,666,2.18,1.73,3905,132,1460,1779
32137,4967,18346,15523,2823,2.35,2.88,18346,544,8100,7423
32139,195,338,317,21,2.47,3.33,338,40,72,245
32140,130,570,495,75,3.13,3.39,570,19,183,312
32141,948,8592,7567,1025,2.11,2.79,8592,167,4297,3270
32145,368,1989,1536,453,2.67,2.84,1989,29,720,816
32147,,796,666,130,2.71,1.18,796,0,358,308
32148,987,4359,3401,958,2.37,2.6,4359,211,1318,2083
32157,115,163,93,70,2.28,2.34,163,0,12,81
32159,3182,15676,12663,3013,1.84,2.05,15676,1014,4980,7683
32162,5964,29994,28334,1660,1.74,1.26,29994,648,10789,17545
32163,2750,13131,12696,435,1.87,1.67,13131,175,6452,6244
32164,1858,18982,13620,5362,2.54,2.85,18982,523,8992,4628
32168,2165,13517,10643,2874,2.21,2.25,13517,567,5655,4988
32169,6723,5889,4954,935,1.7,1.92,5889,113,2208,2746
32174,2360,22934,18094,4840,2.24,2.11,22934,822,9207,8887
32176,3473,6885,5407,1478,2.0,1.97,6885,476,2635,2772
32177,1216,10055,6246,3809,2.55,2.51,10055,1104,3023,3223
32179,1388,3665,2951,714,2.15,2.38,3665,304,1017,1934
32180,154,1409,1065,344,3.1,5.35,1409,114,475,590
32181,333,1159,780,379,2.76,2.48,1159,19,309,471
32182,,21,21,0,2.62,,21,0,10,11
32187,39,615,520,95,2.1,2.52,615,82,226,294
32189,1113,2449,1663,786,2.23,2.01,2449,196,624,1039
32190,104,513,397,116,3.26,1.98,513,0,173,224
32192,28,,,0,,,,0,,
32193,326,560,464,96,2.02,1.23,560,232,73,391
32195,156,1114,1049,65,2.75,1.49,1114,45,565,484
32202,496,2149,224,1925,1.63,1.57,2149,851,72,152
32203,,,,0,,,,0,,
32204,681,4314,1086,3228,2.27,1.53,4314,519,692,394
32205,1895,14447,7522,6925,2.22,2.11,14447,1454,4855,2667
32206,2347,6840,3191,3649,2.38,2.32,6840,1760,1837,1354
32207,2588,15890,7857,8033,2.46,2.12,15890,2231,4585,3272
32208,2027,13365,7114,6251,2.19,2.64,13365,2134,3821,3293
32209,3154,14517,6680,7837,2.32,2.54,14517,3273,2847,3833
32210,2441,26474,14017,12457,2.56,2.47,26474,2057,8903,5114
32211,1557,13301,6844,6457,2.72,2.6,13301,1362,4357,2487
32212,5,237,2,235,,3.49,237,0,,2
32214,,,,0,,,,0,,
32216,2122,17224,7763,9461,2.45,2.07,17224,1176,4806,2957
32217,691,8807,4860,3947,2.5,2.0,8807,823,2922,1938
32218,2386,23743,15356,8387,2.84,2.88,23743,1131,10822,4534
32219,365,5019,4121,898,2.81,2.71,5019,436,2184,1937
32220,294,4604,3850,754,2.68,2.23,4604,187,2702,1148
32221,644,10397,7764,2633,2.82,2.76,10397,309,4767,2997
32222,559,5450,4043,1407,2.69,2.85,5450,103,3187,856
32223,299,10311,8600,1711,2.5,2.49,10311,95,5857,2743
32224,1209,15366,8797,6569,2.5,2.25,15366,554,6460,2337
32225,1858,21065,14131,6934,2.74,2.41,21065,496,10549,3582
32226,940,6389,5910,479,2.82,2.73,6389,35,4063,1847
32227,115,544,,544,,3.78,544,4,,
32228,,,,0,,,,0,,
32233,1339,9901,5902,3999,2.43,2.11,9901,563,3908,1994
32234,228,2750,2272,478,2.94,2.29,2750,86,1274,998
32244,1735,23759,13088,10671,2.77,2.56,23759,1390,8812,4276
32246,2482,22370,12366,10004,2.61,2.38,22370,914,9660,2706
32250,1891,12403,8386,4017,2.42,2.09,12403,567,5576,2810
32254,1077,5100,2521,2579,2.39,2.86,5100,985,1191,1330
32256,1970,22519,8446,14073,2.43,2.01,22519,715,5217,3229
32257,1179,16968,10527,6441,2.49,2.31,16968,1023,7317,3210
32258,535,14831,9898,4933,2.91,2.43,14831,374,7426,2472
32259,1370,19000,16458,2542,3.33,2.96,19000,287,12685,3773
32266,450,2957,2092,865,2.37,2.22,2957,57,1261,831
32277,925,12859,6196,6663,2.6,2.43,12859,886,4142,2054
32301,2464,14163,4184,9979,2.13,2.1,14163,1488,2365,1819
32303,2019,21986,10783,11203,2.34,2.26,21986,1223,7322,3461
32304,3863,18175,2600,15575,2.22,2.18,18175,2381,1412,1188
32305,1124,7603,4687,2916,2.61,2.92,7603,764,2398,2289
32306,,,,0,,,,0,,
32307,,,,0,,,,0,,
32308,828,10827,5669,5158,2.24,1.72,10827,804,3569,2100
32309,603,13011,10276,2735,2.72,2.02,13011,311,6431,3845
32310,1781,5775,2913,2862,2.31,2.54,5775,667,1503,1410
32311,993,8555,5459,3096,2.52,2.13,8555,131,3840,1619
32312,702,12229,10430,1799,2.63,2.53,12229,144,6757,3673
32313,,,,0,,,,0,,
32317,344,5353,4966,387,2.63,3.44,5353,29,3367,1599
32320,428,1801,1297,504,2.26,2.1,1801,241,373,924
32321,627,1662,1294,368,2.97,3.04,1662,124,445,849
32322,951,951,771,180,2.25,3.24,951,22,235,536
32323,246,53,42,11,2.21,,53,0,42,
32324,385,1843,1221,622,2.12,2.28,1843,128,297,924
32327,1334,9942,8311,1631,2.66,2.8,9942,152,5129,3182
32328,1519,1508,1222,286,2.63,2.12,1508,59,510,712
32330,59,212,97,115,3.7,3.65,212,30,30,67
32331,595,1725,1461,264,2.43,4.13,1725,80,469,992
32332,92,520,231,289,2.88,1.77,520,71,81,150
32333,597,4494,3696,798,2.48,2.62,4494,241,1854,1842
32334,188,581,466,115,2.49,2.91,581,6,177,289
32336,311,531,389,142,3.04,2.62,531,20,121,268
32337,28,27,27,0,1.78,,27,0,,27
32340,946,3526,2386,1140,2.35,2.55,3526,392,1238,1148
32343,93,1098,936,162,3.36,1.65,1098,37,867,69
32344,1083,4577,3488,1089,2.3,2.4,4577,303,1258,2230
32346,797,873,716,157,2.35,2.34,873,114,218,498
32347,723,2455,1738,717,2.99,2.43,2455,70,687,1051
32348,1442,3920,3030,890,2.29,3.05,3920,364,1319,1711
32350,170,681,558,123,2.15,1.8,681,0,200,358
32351,1296,5792,3967,1825,2.59,2.76,5792,948,1680,2287
32352,418,1810,1400,410,2.49,2.78,1810,27,663,737
32355,128,152,122,30,2.05,1.6,152,5,35,87
32356,20,,,0,,,,0,,
32358,661,545,502,43,2.31,2.26,545,10,180,322
32359,1599,497,443,54,1.97,1.59,497,0,127,316
32360,6,36,36,0,1.39,,36,0,21,15
32361,,207,183,24,1.86,3.75,207,0,62,121
32399,,,,0,,,,0,,
32401,1312,8804,4714,4090,2.23,2.03,8804,926,2159,2555
32403,117,266,,266,,3.53,266,18,,
32404,2597,14273,10167,4106,2.76,2.65,14273,423,5864,4303
32405,1386,12216,7482,4734,2.38,2.49,12216,762,4320,3162
32407,5081,6153,3550,2603,2.28,2.36,6153,282,2385,1165
32408,8148,8706,6157,2549,2.31,2.18,8706,259,3599,2558
32409,519,3729,3208,521,2.61,3.11,3729,287,1698,1510
32410,602,279,209,70,1.81,1.99,279,7,95,114
32413,8505,6835,5028,1807,2.18,1.94,6835,141,2502,2526
32420,319,1178,1090,88,1.88,2.58,1178,43,429,661
32421,352,1445,1291,154,2.92,2.81,1445,112,404,887
32423,148,487,446,41,1.99,2.07,487,0,79,367
32424,618,2179,1587,592,2.51,2.29,2179,151,563,1024
32425,1143,4766,3447,1319,2.46,3.0,4766,336,1162,2285
32426,90,294,276,18,2.81,1.5,294,4,92,184
32427,19,469,269,200,2.05,2.58,469,49,83,186
32428,1231,5936,4704,1232,2.46,2.64,5936,220,2137,2567
32430,8,326,246,80,2.66,2.28,326,36,124,122
32431,421,1780,1397,383,2.62,1.98,1780,119,586,811
32432,,,,0,,,,0,,
32433,1042,6971,5271,1700,2.57,2.81,6971,268,3071,2200
32435,443,2694,1900,794,2.32,2.54,2694,220,957,943
32437,44,282,207,75,1.98,2.56,282,14,63,144
32438,180,1756,1549,207,2.73,3.28,1756,142,476,1073
32439,950,5303,4225,1078,2.39,2.99,5303,151,2713,1512
32440,362,1999,1357,642,2.59,2.5,1999,115,613,744
32442,293,1396,886,510,2.28,3.04,1396,68,258,628
32443,260,1109,946,163,2.53,4.21,1109,32,264,682
32444,944,7600,5504,2096,2.7,2.98,7600,285,3373,2131
32445,97,474,313,161,2.34,2.75,474,53,138,175
32446,599,3916,2661,1255,2.54,2.65,3916,200,1126,1535
32448,533,3349,2309,1040,2.28,1.9,3349,343,1274,1035
32449,145,340,309,31,2.22,10.1,340,0,69,240
32455,445,1694,1382,312,2.31,2.36,1694,42,380,1002
32456,2719,3655,2782,873,2.17,2.19,3655,74,1179,1603
32459,7781,7880,6211,1669,2.34,2.38,7880,212,4466,1745
32460,286,1690,1284,406,2.17,2.23,1690,78,382,902
32461,4144,953,783,170,2.33,1.97,953,26,542,241
32462,478,1376,1198,178,2.67,2.41,1376,28,507,691
32463,9,81,45,36,2.38,2.33,81,2,5,40
32464,426,1565,1411,154,2.37,2.51,1565,9,367,1044
32465,951,2273,1841,432,2.36,2.11,2273,82,838,1003
32466,425,2019,1666,353,2.85,2.75,2019,39,1008,658
32501,1044,4474,2043,2431,2.47,1.89,4474,1006,1053,990
32502,467,1725,891,834,2.21,2.12,1725,125,463,428
32503,1473,12984,8617,4367,2.26,2.15,12984,1253,4879,3738
32504,574,9608,5817,3791,2.4,2.0,9608,441,3690,2127
32505,2146,10852,5232,5620,2.5,2.55,10852,1106,2601,2631
32506,1956,14482,8662,5820,2.56,2.54,14482,828,5615,3047
32507,5241,13618,8397,5221,2.42,2.49,13618,1088,5081,3316
32508,104,555,,555,,2.39,555,16,,
32509,,,,0,,,,0,,
32511,,,,0,,,,0,,
32512,,,,0,,,,0,,
32514,1578,17435,8239,9196,2.23,2.29,17435,1285,5119,3120
32526,1384,15004,11933,3071,2.63,2.52,15004,421,7394,4539
32530,,20,20,0,4.6,,20,0,20,
32531,395,2748,2349,399,2.27,2.76,2748,178,1414,935
32533,801,10783,9156,1627,2.72,2.75,10783,336,6100,3056
32534,551,6778,4224,2554,2.45,2.17,6778,279,2111,2113
32535,354,1669,1148,521,2.45,2.33,1669,190,364,784
32536,804,8780,5718,3062,2.97,2.4,8780,373,4196,1522
32539,951,10637,8030,2607,2.64,2.75,10637,409,5171,2859
32541,8561,9104,6007,3097,2.26,2.21,9104,301,3589,2418
32542,224,881,,881,,3.07,881,37,,
32544,40,416,,416,,3.61,416,0,,
32547,1172,14313,7652,6661,2.29,2.22,14313,986,4802,2850
32548,3701,9937,5717,4220,2.26,2.28,9937,438,3095,2622
32550,9718,4251,3034,1217,1.91,2.23,4251,320,1435,1599
32561,2460,4123,3240,883,2.43,1.91,4123,261,1846,1394
32563,1181,10811,8674,2137,2.53,2.82,10811,198,5698,2976
32564,79,992,860,132,2.57,2.52,992,0,582,278
32565,416,2039,1663,376,2.6,2.22,2039,47,936,727
32566,2080,15286,12358,2928,2.86,2.53,15286,291,9028,3330
32567,309,1574,1251,323,3.08,2.19,1574,30,754,497
32568,108,1214,1052,162,2.76,2.25,1214,35,473,579
32569,508,4828,3467,1361,2.67,2.14,4828,183,2252,1215
32570,1560,13445,9019,4426,2.44,2.43,13445,580,5491,3528
32571,913,13461,11188,2273,2.81,2.75,13461,361,7319,3869
32577,241,1855,1593,262,2.44,2.15,1855,54,841,752
32578,1327,12862,9498,3364,2.59,2.78,12862,296,6128,3370
32579,471,4452,3105,1347,2.37,2.3,4452,253,1895,1210
32580,299,1535,968,567,2.63,2.33,1535,44,685,283
32583,908,9570,7642,1928,2.59,2.71,9570,306,4787,2855
32601,1605,8603,2173,6430,2.31,2.31,8603,1104,1131,1042
32603,629,1740,185,1555,2.44,2.1,1740,136,89,96
32605,865,11298,8259,3039,2.47,2.44,11298,362,4358,3901
32606,1391,10323,4873,5450,2.72,1.89,10323,1059,3024,1849
32607,3184,12175,4274,7901,2.8,2.31,12175,878,2513,1761
32608,4068,20707,8753,11954,2.55,2.36,20707,1383,4865,3888
32609,993,7463,3976,3487,2.39,2.32,7463,742,2090,1886
32610,,,,0,,,,0,,
32612,,4,,4,,,4,0,,
32615,753,5984,4634,1350,2.57,2.24,5984,132,2768,1866
32616,,79,18,61,3.11,1.41,79,52,18,
32617,300,1432,1253,179,2.76,3.53,1432,32,734,519
32618,285,3229,2635,594,2.61,2.99,3229,113,1510,1125
32619,213,2013,1735,278,2.65,1.92,2013,109,1004,731
32621,169,2016,1591,425,2.18,2.59,2016,23,853,738
32622,53,575,360,215,2.78,2.38,575,94,227,133
32625,628,682,528,154,2.06,2.73,682,24,203,325
32626,812,3781,2888,893,2.36,2.37,3781,286,1189,1699
32628,322,1581,1264,317,2.25,2.74,1581,98,470,794
32631,52,183,183,0,2.0,,183,0,63,120
32634,,7,7,0,2.57,,7,0,,7
32639,55,127,114,13,2.06,,127,0,22,92
32640,1197,4028,3385,643,2.61,2.64,4028,212,1573,1812
32641,980,5142,2898,2244,3.44,2.89,5142,594,1692,1206
32643,551,4171,3523,648,2.83,3.5,4171,107,2195,1328
32648,425,103,103,0,3.58,,103,0,21,82
32653,364,6383,5253,1130,2.46,2.51,6383,293,3121,2132
32656,1176,5103,4145,958,2.66,2.99,5103,368,2366,1779
32658,6,73,58,15,5.98,6.6,73,0,20,38
32664,36,139,106,33,1.46,4.09,139,7,60,46
32666,845,2746,2493,253,2.58,1.48,2746,25,1482,1011
32667,332,1865,1467,398,2.37,2.29,1865,100,616,851
32668,276,2279,2000,279,2.46,2.79,2279,0,809,1191
32669,506,5282,4583,699,2.93,2.37,5282,174,2765,1818
32680,1739,4197,3653,544,2.64,1.93,4197,210,959,2694
32681,51,63,63,0,4.05,,63,0,,63
32683,29,99,54,45,3.78,1.71,99,4,,54
32686,375,2344,1529,815,2.32,1.95,2344,142,657,872
32692,548,40,40,0,,,40,0,,40
32693,670,3978,3213,765,2.4,2.51,3978,269,1433,1780
32694,231,975,619,356,1.92,1.58,975,27,192,427
32696,635,5302,4200,1102,2.67,2.36,5302,269,2067,2133
32697,59,68,10,58,2.6,2.09,68,7,5,5
32701,1115,11274,5500,5774,2.32,2.07,11274,623,3231,2269
32702,363,1228,763,465,2.12,1.94,1228,105,184,579
32703,1579,19247,12765,6482,2.84,2.76,19247,1457,9120,3645
32707,852,15695,10818,4877,2.41,2.32,15695,523,7189,3629
32708,954,19422,14498,4924,2.51,2.38,19422,581,9839,4659
32709,45,546,479,67,2.59,,546,56,283,196
32712,1336,15902,12847,3055,2.95,3.75,15902,274,9428,3419
32713,721,9149,8122,1027,2.36,2.83,9149,128,4737,3385
32714,1407,15818,7711,8107,2.44,2.35,15818,739,4687,3024
32720,1363,12271,8310,3961,2.6,2.59,12271,723,4734,3576
32723,,,,0,,,,0,,
32724,1512,16055,11614,4441,2.41,2.41,16055,830,6149,5465
32725,1202,18035,13921,4114,2.71,3.0,18035,706,9606,4315
32726,1243,9424,6110,3314,2.45,2.4,9424,719,3758,2352
32730,244,2865,1056,1809,2.08,2.31,2865,151,679,377
32732,339,1817,1745,72,3.0,2.1,1817,0,1196,549
32735,378,2169,1789,380,2.26,2.66,2169,28,806,983
32736,389,4120,3690,430,2.81,3.2,4120,78,2182,1508
32738,820,15798,12456,3342,2.92,3.33,15798,295,9665,2791
32744,185,1197,1022,175,3.01,2.36,1197,38,543,479
32746,1102,18501,11862,6639,2.57,2.18,18501,453,8559,3303
32750,621,9522,7009,2513,2.71,2.34,9522,368,5098,1911
32751,1137,9243,5915,3328,2.59,2.17,9243,241,3741,2174
32754,1124,4664,4246,418,2.5,3.67,4664,74,2017,2229
32757,1707,12268,8908,3360,2.5,2.19,12268,597,5632,3276
32759,352,1014,843,171,2.62,1.95,1014,5,357,486
32763,1077,9817,6125,3692,2.51,2.22,9817,755,4053,2072
32764,221,1032,945,87,2.57,3.02,1032,24,400,545
32765,1187,21830,15894,5936,2.84,2.83,21830,546,11406,4488
32766,,5087,4444,643,3.22,3.31,5087,0,3391,1053
32767,204,1110,966,144,2.85,2.78,1110,33,457,509
32768,,,,0,,,,0,,
32771,1566,20680,13088,7592,2.86,2.55,20680,863,8910,4178
32773,750,11807,6529,5278,2.55,2.7,11807,779,4451,2078
32775,,,,0,,,,0,,
32776,319,4493,3701,792,2.78,2.96,4493,129,2850,851
32778,1917,10458,7904,2554,2.08,2.26,10458,598,3387,4517
32779,542,11083,8925,2158,2.64,2.47,11083,377,5959,2966
32780,4007,16126,11493,4633,2.36,2.16,16126,600,6370,5123
32784,973,4258,3202,1056,2.43,2.95,4258,176,1738,1464
32789,1362,11035,7313,3722,2.39,1.82,11035,699,4389,2924
32792,2231,20913,10102,10811,2.61,2.32,20913,1406,6611,3491
32796,1416,8419,6840,1579,2.41,2.6,8419,407,3654,3186
32798,263,1117,1044,73,1.96,2.53,1117,95,272,772
32801,2313,8621,2393,6228,1.79,1.43,8621,788,1817,576
32803,1238,10420,5610,4810,2.27,1.94,10420,499,3942,1668
32804,1245,8676,5715,2961,2.37,1.99,8676,249,4043,1672
32805,2519,6944,2893,4051,2.68,2.5,6944,1174,1354,1539
32806,1338,11120,6947,4173,2.57,2.04,11120,520,4886,2061
32807,1161,12429,6215,6214,2.93,2.78,12429,911,3929,2286
32808,1505,19218,7854,11364,3.4,3.25,19218,2229,5652,2202
32809,1502,9259,4772,4487,3.33,3.31,9259,855,2758,2014
32810,866,13830,7034,6796,2.91,2.77,13830,721,5102,1932
32811,4158,14154,3830,10324,2.84,2.84,14154,1624,2094,1736
32812,1183,14091,7834,6257,2.69,2.57,14091,741,5167,2667
32814,488,3941,1602,2339,3.23,1.76,3941,66,1256,346
32816,,,,0,,,,0,,
32817,1925,11123,6518,4605,2.95,3.0,11123,334,4504,2014
32818,1135,17486,9831,7655,3.62,3.52,17486,939,7147,2684
32819,4632,10034,5978,4056,2.81,2.79,10034,329,3535,2443
32820,304,3123,2692,431,3.41,4.62,3123,50,2145,547
32821,6835,8437,2823,5614,2.06,2.63,8437,270,1621,1202
32822,3385,23119,9697,13422,2.8,2.98,23119,1340,5393,4304
32824,4238,14440,10823,3617,3.63,3.81,14440,223,7928,2895
32825,2426,19278,12883,6395,3.21,3.04,19278,372,9650,3233
32826,1097,8632,4382,4250,2.52,2.73,8632,288,2681,1701
32827,1608,5401,3284,2117,3.22,2.57,5401,230,2489,795
32828,1147,23591,14906,8685,3.11,2.72,23591,581,11654,3252
32829,1245,6142,4566,1576,3.17,3.09,6142,144,3358,1208
32830,10,22,22,0,2.0,,22,0,15,7
32831,17,35,28,7,,,35,0,,28
32832,2101,9545,6355,3190,3.03,2.44,9545,234,4726,1629
32833,409,3271,2542,729,3.25,2.79,3271,56,1795,747
32835,1411,17730,7641,10089,2.95,2.72,17730,775,5304,2337
32836,1903,7751,4764,2987,2.61,3.14,7751,306,3008,1756
32837,4992,15618,9264,6354,3.21,3.1,15618,290,6136,3128
32839,6651,16899,4307,12592,3.07,2.9,16899,2037,2163,2144
32899,,,,0,,,,0,,
32901,2209,10648,5116,5532,2.2,2.1,10648,1781,2458,2658
32903,1189,6233,5224,1009,2.35,2.04,6233,258,2745,2479
32904,1349,13444,11024,2420,2.65,2.27,13444,411,6690,4334
32905,1746,10685,5935,4750,2.47,2.36,10685,686,3001,2934
32907,1163,16193,13762,2431,2.83,3.33,16193,533,8968,4794
32908,244,4270,3740,530,3.05,3.66,4270,102,3244,496
32909,1264,11530,9534,1996,2.84,3.53,11530,544,6264,3270
32920,3077,5906,3535,2371,1.71,1.65,5906,531,1502,2033
32922,1570,6505,3185,3320,2.42,2.22,6505,722,1661,1524
32925,24,484,,484,,2.98,484,0,,
32926,1198,9333,7461,1872,2.5,2.4,9333,538,4324,3137
32927,1575,10224,9048,1176,2.7,2.88,10224,178,6334,2714
32931,3447,7179,5111,2068,1.88,1.86,7179,419,2435,2676
32934,384,7309,6544,765,2.59,2.52,7309,170,3764,2780
32935,2365,17254,10385,6869,2.51,2.26,17254,1149,6207,4178
32937,1883,11227,8861,2366,2.5,2.27,11227,152,5063,3798
32940,1556,18599,15538,3061,2.44,2.25,18599,391,9333,6205
32948,315,1735,1203,532,3.35,3.66,1735,71,482,721
32949,196,962,923,39,2.71,2.95,962,94,507,416
32950,41,1821,1645,176,2.44,3.1,1821,19,884,761
32951,1891,5826,4878,948,2.07,1.83,5826,101,1787,3091
32952,1815,8228,6970,1258,2.46,2.65,8228,161,3966,3004
32953,2092,9322,7166,2156,2.58,2.35,9322,365,4060,3106
32955,3168,15437,12067,3370,2.53,2.42,15437,432,7395,4672
32958,2219,12440,10221,2219,2.27,2.26,12440,269,5015,5206
32959,,,,0,,,,0,,
32960,2272,9367,5641,3726,2.42,2.3,9367,791,3070,2571
32962,3377,9314,7832,1482,2.64,3.52,9314,298,4231,3601
32963,4708,7594,7155,439,2.01,1.76,7594,346,1962,5193
32966,2833,8651,6683,1968,2.21,2.03,8651,341,2776,3907
32967,2621,8791,6695,2096,2.61,3.29,8791,671,3403,3292
32968,833,5440,4978,462,2.73,4.31,5440,59,2953,2025
32970,,45,18,27,5.11,4.48,45,0,,18
32976,1877,5048,4842,206,1.74,1.66,5048,202,1154,3688
33001,551,179,121,58,1.7,2.33,179,9,24,97
33004,1824,7003,3025,3978,2.22,2.26,7003,625,1341,1684
33009,10811,20180,10741,9439,1.97,2.36,20180,2181,3689,7052
33010,752,15483,4630,10853,3.1,2.49,15483,2367,2262,2368
33012,722,24959,12205,12754,2.97,2.65,24959,3138,5764,6441
33013,342,9481,5723,3758,3.34,2.98,9481,641,2854,2869
33014,600,14311,6158,8153,2.94,2.8,14311,860,3976,2182
33015,845,23078,11746,11332,3.09,2.87,23078,959,7778,3968
33016,420,15606,7995,7611,2.83,3.11,15606,1093,5061,2934
33018,511,16681,12295,4386,3.27,3.38,16681,481,7841,4454
33019,6096,6371,4790,1581,2.23,1.83,6371,235,2421,2369
33020,2856,19434,6372,13062,2.47,2.21,19434,2054,4107,2265
33021,2546,18969,12176,6793,2.6,2.58,18969,1369,7595,4581
33022,,,,0,,,,0,,
33023,1386,20812,13648,7164,3.51,3.26,20812,1052,10106,3542
33024,1727,24329,15640,8689,3.06,3.0,24329,1406,10835,4805
33025,2463,26946,12103,14843,2.85,2.47,26946,1160,5594,6509
33026,487,12071,9672,2399,2.58,2.79,12071,606,5965,3707
33027,1506,24219,19076,5143,2.64,2.47,24219,2421,8483,10593
33028,447,8730,6613,2117,3.2,3.0,8730,109,4978,1635
33029,655,13150,11903,1247,3.43,3.46,13150,152,8971,2932
33030,750,10199,3800,6399,3.61,3.62,10199,1353,2329,1471
33031,65,2690,2417,273,3.5,2.59,2690,28,1505,912
33032,718,16043,9401,6642,3.53,3.2,16043,1033,7519,1882
33033,640,19036,10562,8474,3.55,3.46,19036,1048,7519,3043
33034,574,5448,1801,3647,3.64,3.87,5448,617,627,1174
33035,541,5287,2585,2702,2.99,3.07,5287,81,1714,871
33036,1859,1792,1428,364,2.11,2.09,1792,38,717,711
33037,5006,5159,3986,1173,2.19,2.75,5159,180,1626,2360
33039,,,,0,,,,0,,
33040,4088,14608,6885,7723,2.49,2.46,14608,1749,3421,3464
33042,1910,2908,2274,634,2.37,2.63,2908,27,1100,1174
33043,833,1896,1498,398,2.38,2.94,1896,42,628,870
33050,3009,4299,2362,1937,2.22,2.57,4299,318,976,1386
33051,877,410,281,129,1.75,1.96,410,0,124,157
33054,434,10164,4740,5424,3.55,2.7,10164,1465,2854,1886
33055,475,11464,8897,2567,3.37,3.4,11464,701,5505,3392
33056,657,10925,7176,3749,3.34,3.53,10925,898,4831,2345
33060,1836,13959,7074,6885,2.57,2.76,13959,1742,3753,3321
33062,8752,13274,9118,4156,1.86,1.6,13274,1322,3583,5535
33063,2962,24961,17789,7172,2.22,2.13,24961,1717,10547,7242
33064,3372,22668,14100,8568,2.53,2.85,22668,1271,8485,5615
33065,1397,19546,9810,9736,3.06,3.11,19546,1468,6675,3135
33066,1967,8453,7067,1386,1.86,2.15,8453,997,3116,3951
33067,463,8380,6149,2231,3.21,2.63,8380,72,4366,1783
33068,1362,18539,10720,7819,2.91,2.72,18539,688,7621,3099
33069,4390,11115,5079,6036,2.14,2.5,11115,927,2395,2684
33070,1923,2378,1765,613,2.35,2.11,2378,49,944,821
33071,572,13401,9051,4350,2.94,2.89,13401,302,6632,2419
33073,888,11655,6538,5117,3.03,2.68,11655,530,4809,1729
33076,808,12833,11176,1657,3.36,2.72,12833,499,8481,2695
33101,,,,0,,,,0,,
33109,514,258,242,16,2.13,3.31,258,0,42,200
33122,209,724,79,645,4.66,2.18,724,83,40,39
33125,1244,20956,5388,15568,3.01,2.35,20956,4223,3045,2343
33126,1290,18017,6597,11420,2.65,2.66,18017,1809,3948,2649
33127,1558,9891,2939,6952,3.19,2.72,9891,2341,1542,1397
33128,408,3577,117,3460,4.48,2.21,3577,1386,53,64
33129,1424,6906,3112,3794,2.31,1.89,6906,509,1694,1418
33130,3221,16124,1695,14429,2.01,1.96,16124,3764,1122,573
33131,6001,12296,3804,8492,1.91,1.8,12296,1483,2118,1686
33132,2466,8126,2132,5994,1.61,1.77,8126,810,1350,782
33133,2733,14203,7314,6889,2.49,2.34,14203,1209,3968,3346
33134,2439,16171,8964,7207,2.62,2.15,16171,1478,4614,4350
33135,1263,14245,3110,11135,2.88,2.33,14245,3265,1389,1721
33136,860,6634,731,5903,2.5,2.18,6634,2026,488,243
33137,2852,10405,2592,7813,2.37,2.07,10405,1348,1577,1015
33138,1626,12766,6227,6539,2.6,2.1,12766,1856,4005,2222
33139,10431,19898,5933,13965,1.71,1.78,19898,6654,2789,3144
33140,8009,8709,4839,3870,2.55,2.08,8709,1024,2272,2567
33141,5006,16538,5566,10972,2.22,2.12,16538,2895,3146,2420
33142,1683,20091,5500,14591,3.16,2.7,20091,4285,3098,2402
33143,1471,12669,7191,5478,2.64,2.16,12669,839,3752,3439
33144,538,9535,5242,4293,3.08,2.83,9535,747,2844,2398
33145,1223,11459,5752,5707,2.48,2.53,11459,949,2802,2950
33146,923,5160,3533,1627,2.46,1.96,5160,591,1922,1611
33147,1251,14747,6957,7790,3.39,2.9,14747,2026,3966,2991
33149,2915,4601,3185,1416,3.21,3.09,4601,125,1640,1545
33150,1189,11030,3151,7879,3.31,2.84,11030,2464,1916,1235
33154,4607,5687,3431,2256,2.46,2.74,5687,449,1640,1791
33155,854,14866,10052,4814,2.94,3.02,14866,777,6072,3980
33156,1444,11749,8462,3287,3.01,2.31,11749,512,5044,3418
33157,1369,20554,13612,6942,3.51,3.01,20554,1374,9436,4176
33158,249,2017,1915,102,3.08,4.3,2017,43,1198,717
33160,16430,20050,11792,8258,2.06,2.14,20050,2105,4724,7068
33161,1623,17264,7279,9985,3.4,2.73,17264,2115,4878,2401
33162,1398,14605,7709,6896,3.58,2.88,14605,1184,4930,2779
33165,641,17042,12329,4713,3.02,3.25,17042,923,6409,5920
33166,799,9418,4880,4538,2.62,2.44,9418,399,2844,2036
33167,309,6537,3901,2636,3.76,2.8,6537,950,2558,1343
33168,381,6687,5020,1667,3.62,3.4,6687,455,3348,1672
33169,1215,12858,6932,5926,3.57,2.78,12858,1056,5068,1864
33170,374,4201,2471,1730,3.19,3.27,4201,331,1701,770
33172,1487,14604,6709,7895,2.64,2.94,14604,770,3878,2831
33173,608,11644,8012,3632,2.73,2.8,11644,351,5518,2494
33174,256,11170,5748,5422,2.71,2.95,11170,960,3308,2440
33175,475,17019,12823,4196,2.95,3.22,17019,558,7085,5738
33176,1234,18635,11907,6728,2.95,2.63,18635,1137,6905,5002
33177,465,16052,11957,4095,3.58,3.14,16052,541,8505,3452
33178,3116,19069,9169,9900,3.22,3.27,19069,833,6108,3061
33179,2320,17863,10156,7707,2.72,2.45,17863,984,6565,3591
33180,8055,14528,9559,4969,2.26,2.23,14528,1056,4641,4918
33181,1229,8164,3350,4814,2.22,2.54,8164,874,1885,1465
33182,131,4106,3369,737,3.12,3.29,4106,31,2209,1160
33183,330,12472,7926,4546,2.7,2.89,12472,197,5114,2812
33184,353,6455,4592,1863,3.41,3.11,6455,290,2352,2240
33185,190,8799,7200,1599,3.26,3.77,8799,129,5250,1950
33186,1076,22617,15414,7203,2.99,2.98,22617,473,10843,4571
33187,248,5523,4849,674,3.32,3.93,5523,55,3308,1541
33189,507,8156,4564,3592,3.15,2.69,8156,693,3231,1333
33190,132,5118,2472,2646,3.28,3.42,5118,116,2099,373
33193,439,15548,9491,6057,3.06,3.03,15548,627,7211,2280
33194,,2093,1608,485,3.46,3.68,2093,0,1305,303
33196,503,16601,11335,5266,3.39,3.19,16601,453,7949,3386
33301,3466,9170,3644,5526,1.93,1.49,9170,490,2005,1639
33304,3153,9530,3642,5888,1.94,1.83,9530,929,2137,1505
33305,1425,6640,4505,2135,1.94,1.79,6640,254,2524,1981
33306,442,1843,1349,494,1.8,1.35,1843,154,703,646
33308,8065,15638,10975,4663,1.91,1.58,15638,1219,5232,5743
33309,1035,14066,8246,5820,2.76,2.93,14066,942,5549,2697
33311,2977,24737,11141,13596,2.76,3.07,24737,2890,5941,5200
33312,2889,18490,11267,7223,2.92,2.84,18490,1220,7508,3759
33313,3433,21780,9381,12399,2.98,2.83,21780,3145,6025,3356
33314,1048,10435,3889,6546,2.45,2.73,10435,426,2313,1576
33315,1096,5895,3510,2385,2.09,2.39,5895,335,2153,1357
33316,2946,5552,3168,2384,1.95,1.97,5552,304,1729,1439
33317,788,12762,9621,3141,2.86,2.99,12762,313,6441,3180
33319,4437,20733,13417,7316,2.32,2.66,20733,2334,7910,5507
33321,2242,21625,15877,5748,2.24,2.56,21625,1521,8466,7411
33322,2845,18399,15467,2932,2.17,2.24,18399,1389,8090,7377
33323,785,8319,5754,2565,2.95,2.38,8319,336,3802,1952
33324,2503,19516,11296,8220,2.45,2.63,19516,665,6539,4757
33325,791,10364,7839,2525,3.02,3.05,10364,208,4517,3322
33326,2312,10655,7642,3013,2.85,3.3,10655,226,5001,2641
33327,60,6557,5182,1375,3.51,3.94,6557,130,3584,1598
33328,622,9940,8009,1931,2.89,2.65,9940,207,5547,2462
33330,234,4614,4359,255,3.01,4.88,4614,60,2738,1621
33331,286,7454,6278,1176,3.34,3.54,7454,52,4307,1971
33332,126,3393,2973,420,3.33,3.7,3393,21,2195,778
33334,1303,12730,7351,5379,2.23,2.4,12730,1046,4363,2988
33351,938,12589,7229,5360,2.89,2.47,12589,836,5292,1937
33388,,,,0,,,,0,,
33401,4188,13578,4704,8874,2.12,2.2,13578,1808,2115,2589
33403,876,4922,2181,2741,3.03,2.73,4922,340,1458,723
33404,4906,11356,6016,5340,2.43,2.92,11356,929,2599,3417
33405,877,8368,4898,3470,2.51,2.55,8368,619,2645,2253
33406,730,8451,5683,2768,2.81,3.11,8451,303,3253,2430
33407,2483,12174,5748,6426,2.51,2.69,12174,1563,3463,2285
33408,3814,9535,7517,2018,1.99,1.76,9535,482,3562,3955
33409,1800,11569,5080,6489,2.89,2.7,11569,609,3156,1924
33410,2470,15085,10629,4456,2.36,2.29,15085,878,5883,4746
33411,2638,27024,20452,6572,2.71,2.84,27024,897,13303,7149
33412,938,5551,4699,852,2.75,2.69,5551,95,2657,2042
33413,480,5421,3634,1787,3.15,3.04,5421,130,2632,1002
33414,2956,19306,14587,4719,3.04,2.99,19306,636,9748,4839
33415,2137,18184,10640,7544,2.8,2.89,18184,1007,5889,4751
33417,4230,16050,9014,7036,2.08,2.35,16050,1820,3597,5417
33418,3721,18010,14028,3982,2.37,2.23,18010,610,7360,6668
33426,1472,9992,6134,3858,2.38,2.26,9992,509,3781,2353
33428,1484,15775,10922,4853,2.8,2.87,15775,995,6092,4830
33430,985,6524,2289,4235,3.16,2.97,6524,1172,834,1455
33431,1553,7546,5406,2140,2.3,2.97,7546,300,2656,2750
33432,4510,10287,6166,4121,2.05,1.84,10287,388,2432,3734
33433,3948,19372,13796,5576,2.22,2.01,19372,1318,7270,6526
33434,3168,10331,8110,2221,2.04,2.0,10331,875,2699,5411
33435,5050,14236,8551,5685,2.39,2.81,14236,982,4095,4456
33436,4060,19144,14071,5073,2.32,2.79,19144,950,7161,6910
33437,3583,18053,15676,2377,2.03,2.58,18053,535,6658,9018
33438,81,153,116,37,2.89,2.59,153,51,63,53
33440,1170,6985,4878,2107,2.76,2.85,6985,702,2023,2855
33441,2729,12682,6548,6134,2.3,2.31,12682,1464,3330,3218
33442,5952,15358,10250,5108,2.0,2.13,15358,1982,4132,6118
33444,1115,8984,4694,4290,2.53,2.7,8984,558,2935,1759
33445,3599,13796,9690,4106,2.18,2.17,13796,780,4829,4861
33446,4016,13680,12113,1567,1.95,2.0,13680,714,4249,7864
33449,384,3265,3103,162,2.98,3.48,3265,29,2183,920
33455,2322,9399,8007,1392,2.19,2.2,9399,479,3522,4485
33458,1846,20913,15471,5442,2.66,2.67,20913,811,10072,5399
33460,1674,12328,5358,6970,2.63,3.11,12328,1782,3204,2154
33461,2441,15771,7644,8127,2.82,3.11,15771,1133,4337,3307
33462,2925,12727,7847,4880,2.61,2.4,12727,988,4418,3429
33463,2446,20371,14336,6035,3.18,3.31,20371,864,9237,5099
33467,3496,21173,18510,2663,2.6,2.45,21173,1070,10487,8023
33469,1887,6711,5884,827,2.24,1.74,6711,92,2581,3303
33470,678,8961,8116,845,3.16,3.7,8961,187,5970,2146
33471,988,2380,1815,565,2.16,2.48,2380,51,501,1314
33472,851,8020,7558,462,2.37,2.87,8020,319,4249,3309
33473,619,4116,3958,158,2.74,3.82,4116,96,2410,1548
33476,236,2083,731,1352,3.5,2.88,2083,486,285,446
33477,4483,6532,5694,838,1.8,1.74,6532,272,2343,3351
33478,455,5132,4984,148,2.98,1.44,5132,62,3218,1766
33480,5889,6436,5361,1075,1.71,1.73,6436,236,1381,3980
33483,3036,6584,4510,2074,1.94,1.84,6584,311,1942,2568
33484,4359,14639,11709,2930,1.76,1.87,14639,1493,4191,7518
33486,1151,8816,6464,2352,2.5,2.51,8816,749,3981,2483
33487,3598,9859,7196,2663,2.24,2.09,9859,325,3757,3439
33493,109,860,488,372,3.44,2.99,860,98,186,302
33496,1841,10121,8507,1614,2.27,2.36,10121,264,3729,4778
33498,292,5742,5158,584,2.84,3.63,5742,98,3351,1807
33503,,77,57,20,2.25,7.05,77,0,45,12
33510,653,11312,6859,4453,2.68,2.49,11312,426,4697,2162
33511,1865,22233,11906,10327,2.84,2.41,22233,1031,8412,3494
33513,1084,4138,3237,901,2.4,3.2,4138,105,1402,1835
33514,74,761,461,300,3.48,2.63,761,19,143,318
33521,116,206,147,59,3.15,2.25,206,33,60,87
33523,1242,6552,4748,1804,2.68,3.26,6552,385,2240,2508
33525,1186,6860,5010,1850,2.52,2.75,6860,329,2382,2628
33527,418,5359,4004,1355,2.91,3.37,5359,277,2285,1719
33530,,,,0,,,,0,,
33534,465,5520,3810,1710,3.13,3.46,5520,234,2787,1023
33538,714,2305,1789,516,2.23,1.92,2305,95,761,1028
33540,937,4539,3665,874,2.25,2.17,4539,363,1245,2420
33541,3724,9991,8254,1737,2.02,2.98,9991,393,2838,5416
33542,3065,10393,7268,3125,2.01,2.61,10393,812,2433,4835
33543,979,11371,9592,1779,2.8,3.22,11371,146,6988,2604
33544,530,9437,6553,2884,3.09,2.78,9437,193,4715,1838
33545,479,7199,5717,1482,3.22,3.18,7199,218,4525,1192
33547,659,9100,7340,1760,3.19,3.22,9100,134,5412,1928
33548,78,2688,2340,348,2.83,2.2,2688,55,1556,784
33549,356,7376,5801,1575,2.53,2.45,7376,246,3485,2316
33550,,,,0,,,,0,,
33556,730,9714,8497,1217,2.94,2.24,9714,136,6045,2452
33558,590,9958,7295,2663,2.93,2.24,9958,167,5169,2126
33559,316,6335,4002,2333,2.85,2.54,6335,61,2985,1017
33563,927,9940,5638,4302,2.7,2.69,9940,657,2834,2804
33565,610,6086,4915,1171,2.67,3.44,6086,109,2389,2526
33566,307,7752,5423,2329,3.01,2.53,7752,122,3520,1903
33567,288,3769,3091,678,2.93,3.43,3769,113,1985,1106
33569,628,9421,7742,1679,2.74,2.84,9421,287,5660,2082
33570,2253,10296,7465,2831,2.98,2.77,10296,394,4556,2909
33572,656,8767,7376,1391,2.56,2.8,8767,112,5249,2127
33573,2096,13640,11133,2507,1.97,1.49,13640,1272,5127,6006
33574,,,,0,,,,0,,
33576,246,2317,2122,195,1.96,2.5,2317,60,1030,1092
33578,1989,22071,12443,9628,2.49,2.39,22071,692,9520,2923
33579,807,12506,9413,3093,3.21,3.0,12506,178,7820,1593
33584,719,9582,7148,2434,2.69,3.01,9582,509,4322,2826
33585,124,484,380,104,2.6,2.39,484,0,207,173
33592,657,4055,2672,1383,3.0,2.71,4055,306,1348,1324
33594,678,13077,10174,2903,2.72,2.86,13077,273,6503,3671
33596,451,10198,8519,1679,2.91,3.18,10198,198,5875,2644
33597,701,3187,2600,587,2.7,2.34,3187,164,1343,1257
33598,648,7705,6485,1220,3.17,4.47,7705,107,4058,2427
33602,1452,8892,3072,5820,1.9,1.71,8892,976,2199,873
33603,934,8560,5050,3510,2.44,2.23,8560,848,3679,1371
33604,1469,15302,8620,6682,2.55,2.49,15302,1723,5463,3157
33605,1417,7140,2502,4638,2.55,2.03,7140,1403,1495,1007
33606,1365,8693,3752,4941,2.53,1.67,8693,494,2559,1193
33607,1791,10694,4462,6232,2.68,1.95,10694,1076,2316,2146
33609,755,8330,5121,3209,2.4,1.79,8330,358,3397,1724
33610,1323,16775,7749,9026,2.51,3.03,16775,2212,4365,3384
33611,1444,16136,8914,7222,2.35,1.79,16136,1034,6046,2868
33612,1897,18746,6640,12106,2.65,2.58,18746,3866,4057,2583
33613,2052,15808,4700,11108,2.41,2.2,15808,2375,2522,2178
33614,1137,18410,7364,11046,2.69,2.47,18410,1232,4449,2915
33615,1748,18494,9917,8577,2.66,2.49,18494,983,6350,3567
33616,565,6086,3097,2989,2.5,2.27,6086,183,2132,965
33617,1686,19168,7675,11493,2.48,2.37,19168,1912,4812,2863
33618,699,11957,7932,4025,2.43,1.97,11957,629,4569,3363
33619,1028,14074,7323,6751,2.86,2.6,14074,1005,4620,2703
33620,12,10,,10,,,10,0,,
33621,75,536,,536,,3.99,536,6,,
33624,567,15533,10104,5429,2.68,2.53,15533,500,7012,3092
33625,613,11133,7519,3614,2.5,2.66,11133,404,5274,2245
33626,670,11518,8022,3496,2.72,2.33,11518,453,5812,2210
33629,896,10163,7971,2192,2.76,1.86,10163,209,5111,2860
33634,468,7839,4418,3421,2.96,3.09,7839,241,2709,1709
33635,842,7624,4624,3000,2.78,2.4,7624,121,2638,1986
33637,597,7236,3190,4046,2.96,2.24,7236,285,1953,1237
33647,1488,25206,14554,10652,3.04,2.58,25206,590,10092,4462
33701,3708,9405,3627,5778,1.95,1.47,9405,1390,2172,1455
33702,2158,14241,9350,4891,2.31,2.08,14241,1077,4783,4567
33703,1203,11132,8868,2264,2.29,2.77,11132,443,5305,3563
33704,1216,7689,5374,2315,2.31,1.57,7689,388,3400,1974
33705,3886,11145,6656,4489,2.46,2.08,11145,1366,3862,2794
33706,5491,8273,6284,1989,1.98,1.52,8273,399,2697,3587
33707,3986,12659,8597,4062,1.96,1.89,12659,963,4086,4511
33708,5849,7747,5793,1954,1.95,1.8,7747,447,2774,3019
33709,3544,10493,7936,2557,2.14,2.22,10493,661,3502,4434
33710,2311,14176,11411,2765,2.42,2.3,14176,505,6767,4644
33711,2866,6180,4109,2071,2.48,3.08,6180,624,2453,1656
33712,3352,9340,5301,4039,2.64,2.54,9340,762,3303,1998
33713,1669,14053,9714,4339,2.38,2.1,14053,1028,6116,3598
33714,1787,8172,5177,2995,2.32,2.69,8172,763,2468,2709
33715,3369,3672,3289,383,2.06,2.27,3672,63,1403,1886
33716,1558,9557,1879,7678,1.95,1.88,9557,467,814,1065
33744,,,,0,,,,0,,
33755,1294,10529,5969,4560,2.61,2.33,10529,1180,3989,1980
33756,2203,13378,7887,5491,2.4,2.41,13378,2257,4577,3310
33759,1068,7746,4154,3592,2.08,2.36,7746,768,1807,2347
33760,1117,7524,3374,4150,2.33,2.34,7524,783,1679,1695
33761,1073,8881,6897,1984,2.06,2.5,8881,607,3194,3703
33762,524,2655,2069,586,2.11,1.77,2655,144,1139,930
33763,1709,9755,7059,2696,2.11,2.05,9755,759,2880,4179
33764,2811,12091,8280,3811,2.34,2.12,12091,971,3838,4442
33765,502,6526,3555,2971,2.17,2.49,6526,619,1671,1884
33767,4803,4120,3358,762,1.91,1.59,4120,111,1199,2159
33770,2037,11275,6895,4380,2.32,2.23,11275,1143,3286,3609
33771,3984,12788,7713,5075,2.02,2.33,12788,973,2616,5097
33772,2049,9904,7235,2669,2.34,2.35,9904,652,3587,3648
33773,1222,7043,5387,1656,2.43,2.35,7043,341,2881,2506
33774,2115,8330,6438,1892,2.29,2.59,8330,602,3595,2843
33776,502,5004,4555,449,2.63,2.5,5004,94,2671,1884
33777,1242,7057,5972,1085,2.39,2.47,7057,241,3185,2787
33778,1646,6219,5130,1089,2.58,2.32,6219,309,2671,2459
33781,1868,10384,6507,3877,2.55,2.61,10384,971,3756,2751
33782,1330,9249,6868,2381,2.35,2.5,9249,482,3588,3280
33785,3379,2477,1879,598,2.01,1.84,2477,122,888,991
33786,444,718,647,71,2.23,2.34,718,13,323,324
33801,3448,11630,5786,5844,2.42,2.65,11630,1060,2489,3297
33803,2859,11878,7328,4550,2.4,2.5,11878,812,3563,3765
33805,1530,9473,4408,5065,2.65,2.58,9473,1029,2173,2235
33809,1238,11272,7321,3951,2.68,2.64,11272,579,4046,3275
33810,2430,18926,14258,4668,2.66,2.87,18926,706,7436,6822
33811,1032,8554,6612,1942,2.9,2.58,8554,140,4249,2363
33812,843,4556,3525,1031,3.06,3.26,4556,156,2426,1099
33813,934,13391,10401,2990,2.84,2.86,13391,256,6830,3571
33815,1539,6004,3384,2620,2.21,2.83,6004,701,713,2671
33823,1711,12068,8475,3593,2.85,3.28,12068,724,4548,3927
33825,2193,9905,7206,2699,2.29,2.46,9905,424,2535,4671
33827,378,879,774,105,2.86,3.04,879,0,499,275
33830,1502,9917,6537,3380,2.92,2.74,9917,568,3752,2785
33834,440,1652,1088,564,3.37,2.69,1652,39,388,700
33835,,29,,29,,2.21,29,0,,
33837,4204,11775,9461,2314,2.8,3.42,11775,330,6635,2826
33838,372,1492,1007,485,3.13,3.95,1492,72,579,428
33839,311,1260,941,319,3.41,3.17,1260,42,568,373
33840,26,23,,23,,2.91,23,0,,
33841,810,2841,2160,681,2.83,2.84,2841,241,881,1279
33843,1875,3942,3297,645,2.41,2.95,3942,103,968,2329
33844,5289,14563,10157,4406,2.83,3.4,14563,972,4761,5396
33847,,102,78,24,2.77,3.0,102,4,23,55
33848,133,209,130,79,5.44,4.2,209,45,28,102
33849,94,168,126,42,2.79,4.33,168,13,38,88
33850,1134,3175,2263,912,2.87,2.2,3175,242,1323,940
33851,100,255,228,27,3.25,2.33,255,0,173,55
33852,4036,8995,7208,1787,2.18,2.63,8995,400,2501,4707
33853,825,4452,2364,2088,2.9,2.14,4452,624,1460,904
33854,398,273,85,188,2.81,1.55,273,63,17,68
33855,,37,37,0,3.03,,37,0,,37
33856,262,235,6,229,,1.27,235,0,,6
33857,476,619,473,146,1.78,2.47,619,16,112,361
33858,46,188,77,111,3.17,4.95,188,0,20,57
33859,1326,4263,3219,1044,2.31,2.53,4263,233,1221,1998
33860,1191,8556,5756,2800,2.92,3.4,8556,272,3673,2083
33865,,291,211,80,3.72,2.59,291,16,107,104
33867,35,90,90,0,1.54,,90,0,12,78
33868,1136,4146,3606,540,2.77,3.63,4146,63,2001,1605
33870,3021,10974,7398,3576,2.12,2.45,10974,882,2899,4499
33872,1804,5834,5081,753,2.13,2.66,5834,225,2306,2775
33873,878,4741,2996,1745,2.69,2.74,4741,242,1247,1749
33875,669,4734,3783,951,2.29,2.04,4734,76,1451,2332
33876,672,2501,2129,372,2.34,2.97,2501,111,738,1391
33877,70,125,125,0,1.26,,125,0,34,91
33880,2240,14590,9202,5388,2.97,2.95,14590,1062,5006,4196
33881,3228,13437,9371,4066,2.36,3.17,13437,1156,4235,5136
33884,2175,13607,10354,3253,2.64,2.6,13607,305,6236,4118
33890,441,1400,1079,321,3.21,4.01,1400,28,431,648
33896,3094,6471,3078,3393,2.71,2.8,6471,160,2211,867
33897,4478,8803,5959,2844,2.72,3.38,8803,258,3851,2108
33898,2776,6670,5494,1176,2.21,3.42,6670,229,1855,3639
33901,1917,9246,3772,5474,2.55,2.22,9246,1691,1855,1917
33903,4460,10902,8739,2163,1.94,2.06,10902,705,2520,6219
33904,5650,14605,11214,3391,2.09,2.35,14605,759,5838,5376
33905,2864,13046,8575,4471,2.68,3.05,13046,1056,4072,4503
33907,2952,10805,4427,6378,2.18,2.37,10805,1306,2195,2232
33908,12576,18899,13211,5688,1.98,1.69,18899,1339,5253,7958
33909,1095,11751,8274,3477,2.98,2.57,11751,363,5759,2515
33912,3143,8609,7361,1248,2.22,2.44,8609,192,3203,4158
33913,4145,10000,8706,1294,2.52,2.45,10000,214,4559,4147
33914,4769,17216,13901,3315,2.44,2.47,17216,539,8947,4954
33916,2534,9339,3175,6164,2.6,2.75,9339,1326,1389,1786
33917,4415,13709,11209,2500,2.11,2.54,13709,956,3663,7546
33919,4981,14015,10603,3412,2.05,2.04,14015,671,4901,5702
33920,398,2401,2224,177,2.79,1.45,2401,48,1337,887
33921,1368,435,410,25,1.72,1.96,435,0,92,318
33922,1050,1779,1497,282,2.34,2.57,1779,78,548,949
33924,1821,35,35,0,1.54,,35,0,12,23
33928,6615,13072,11142,1930,2.17,2.29,13072,230,4996,6146
33930,92,292,226,66,2.1,1.55,292,0,99,127
33931,9966,4695,4231,464,1.97,1.75,4695,183,1275,2956
33935,1155,6924,4993,1931,3.0,3.08,6924,313,1961,3032
33936,1040,9360,5925,3435,2.79,3.09,9360,747,3338,2587
33944,38,106,106,0,1.72,,106,0,15,91
33946,1663,1374,1267,107,2.06,2.09,1374,25,336,931
33947,1623,4885,3827,1058,2.04,1.6,4885,228,1757,2070
33948,1685,7666,6523,1143,2.23,2.45,7666,253,3334,3189
33950,4174,11693,9581,2112,2.05,2.03,11693,475,3548,6033
33952,2525,14601,10767,3834,2.37,2.2,14601,1214,6039,4728
33953,930,3037,2946,91,2.31,3.08,3037,78,1220,1726
33954,294,4108,3183,925,2.45,2.64,4108,12,1896,1287
33955,2062,4684,4413,271,2.18,1.66,4684,153,1701,2712
33956,1810,1719,1531,188,1.99,2.65,1719,43,672,859
33957,5140,3471,3114,357,1.9,1.39,3471,51,1413,1701
33960,201,304,263,41,2.09,1.29,304,30,105,158
33965,,,,0,,,,0,,
33966,1674,4491,3118,1373,2.04,2.44,4491,85,1658,1460
33967,1590,9185,6816,2369,2.78,3.26,9185,221,4659,2157
33971,486,7847,5996,1851,3.58,3.52,7847,232,4586,1410
33972,608,4405,3418,987,3.3,3.64,4405,93,2411,1007
33973,305,4037,830,3207,2.75,3.98,4037,257,522,308
33974,447,5180,3384,1796,3.63,3.84,5180,119,2588,796
33976,287,4708,3225,1483,3.68,3.54,4708,84,2425,800
33980,2101,6038,4740,1298,2.12,2.19,6038,660,1980,2760
33981,1532,5448,4882,566,2.3,2.55,5448,25,2402,2480
33982,1037,4157,3564,593,2.17,2.33,4157,106,1527,2037
33983,1612,6812,5660,1152,2.27,2.15,6812,124,3302,2358
33990,2343,12993,9306,3687,2.56,3.06,12993,562,6274,3032
33991,1711,9004,7159,1845,2.59,2.81,9004,136,4808,2351
33993,1111,9987,8403,1584,2.95,2.93,9987,257,5573,2830
34101,,,,0,,,,0,,
34102,4100,5334,3864,1470,1.98,1.97,5334,421,1155,2709
34103,4878,5535,4580,955,1.92,2.51,5535,126,1861,2719
34104,4510,10888,7271,3617,2.08,2.4,10888,341,3320,3951
34105,3649,7766,4963,2803,2.09,2.17,7766,225,2228,2735
34108,6606,8389,7103,1286,1.87,2.57,8389,209,2454,4649
34109,3710,11908,8396,3512,2.31,1.86,11908,759,4430,3966
34110,5140,12584,9146,3438,1.96,1.92,12584,1044,4078,5068
34112,7100,12938,10014,2924,1.87,2.38,12938,410,3722,6292
34113,5223,10341,7241,3100,2.31,2.4,10341,412,3429,3812
34114,5564,8634,7142,1492,2.11,2.2,8634,203,2674,4468
34116,763,10541,5697,4844,3.32,3.45,10541,691,4032,1665
34117,432,5331,4407,924,3.43,4.12,5331,58,2697,1710
34119,3637,13477,10686,2791,2.27,2.65,13477,457,5322,5364
34120,3553,12228,10619,1609,2.71,3.92,12228,87,6813,3806
34134,6638,7754,6351,1403,1.94,1.82,7754,158,2367,3984
34135,9886,19189,14997,4192,2.25,2.9,19189,794,6844,8153
34137,,139,114,25,3.25,4.88,139,0,54,60
34138,356,326,272,54,3.12,2.02,326,0,272,
34139,486,61,61,0,1.8,,61,0,36,25
34140,195,60,27,33,2.22,3.27,60,0,,27
34141,,16,3,13,2.33,1.92,16,0,3,
34142,1337,8598,4069,4529,3.61,3.81,8598,1412,2413,1656
34145,9812,8131,7290,841,1.91,2.42,8131,266,2606,4684
34201,655,1706,1617,89,2.1,3.33,1706,58,723,894
34202,2191,9519,7227,2292,2.48,3.03,9519,365,4314,2913
34203,3890,16032,12187,3845,2.26,2.83,16032,607,5835,6352
34205,3187,12856,7737,5119,2.36,2.4,12856,977,4126,3611
34207,4411,14881,8983,5898,2.23,2.57,14881,1164,2791,6192
34208,2479,13860,8022,5838,2.95,2.91,13860,704,4951,3071
34209,3929,15080,11916,3164,2.19,2.63,15080,443,6199,5717
34210,4072,7618,4798,2820,1.89,2.53,7618,178,1764,3034
34211,1979,5004,4423,581,2.73,2.01,5004,77,3023,1400
34212,1923,8462,6926,1536,2.69,2.83,8462,247,4379,2547
34215,239,357,338,19,1.97,4.26,357,61,147,191
34216,1204,610,584,26,1.67,1.46,610,26,228,356
34217,3788,2042,1655,387,1.75,2.64,2042,34,667,988
34219,1285,9253,8316,937,2.72,2.92,9253,161,5377,2939
34221,4548,18247,14366,3881,2.64,3.16,18247,597,7444,6922
34222,2248,5552,4624,928,2.26,2.84,5552,266,1828,2796
34223,4279,9827,8266,1561,1.9,1.95,9827,479,2497,5769
34224,3332,7624,6173,1451,2.01,1.99,7624,319,2167,4006
34228,5601,4106,3850,256,1.81,1.8,4106,34,1049,2801
34229,1105,3534,3103,431,2.18,2.46,3534,11,1467,1636
34231,3972,15069,9881,5188,2.11,2.15,15069,1157,5068,4813
34232,1978,14658,10106,4552,2.29,2.33,14658,809,5770,4336
34233,970,8415,5841,2574,2.19,2.45,8415,381,2870,2971
34234,1616,8696,5134,3562,2.36,2.49,8696,749,2166,2968
34235,1250,6935,5125,1810,2.11,1.85,6935,216,2711,2414
34236,3916,7186,4188,2998,1.68,1.58,7186,918,1216,2972
34237,1644,6940,3111,3829,2.26,2.49,6940,450,1597,1514
34238,2632,10711,8337,2374,1.96,1.97,10711,420,3505,4832
34239,1205,6708,4936,1772,2.0,2.28,6708,275,2702,2234
34240,1552,4975,4558,417,2.59,2.17,4975,12,2437,2121
34241,768,5865,5079,786,2.69,2.65,5865,137,2689,2390
34242,6561,3962,3451,511,1.88,1.77,3962,86,1297,2154
34243,2725,13301,10491,2810,2.28,2.37,13301,266,6197,4294
34250,80,145,145,0,1.9,,145,0,77,68
34251,89,2322,2112,210,3.34,2.7,2322,43,1311,801
34266,2252,9826,6516,3310,2.62,2.44,9826,649,2068,4448
34267,,39,25,14,2.04,4.86,39,0,,25
34268,57,86,83,3,4.02,19.33,86,0,,83
34269,937,2256,2025,231,2.14,2.85,2256,31,807,1218
34275,2028,9789,8227,1562,1.97,2.14,9789,202,2913,5314
34285,5360,10348,8195,2153,1.83,1.58,10348,571,2507,5688
34286,784,7418,6154,1264,2.63,3.24,7418,0,4250,1904
34287,3981,11635,8792,2843,2.36,2.58,11635,763,4202,4590
34288,264,5010,4249,761,2.72,2.52,5010,152,2845,1404
34289,382,1434,779,655,3.25,3.03,1434,20,606,173
34291,54,2460,2117,343,2.59,3.81,2460,34,1435,682
34292,2248,7919,6264,1655,1.99,1.82,7919,544,2658,3606
34293,4937,21260,18758,2502,2.1,2.1,21260,616,9039,9719
34420,1014,7081,5007,2074,2.57,2.49,7081,254,2537,2470
34428,966,4028,2903,1125,2.33,2.12,4028,196,1252,1651
34429,1307,4057,3474,583,1.94,3.3,4057,236,1127,2347
34431,929,3701,3228,473,2.13,2.26,3701,142,1480,1748
34432,915,5699,4884,815,2.19,2.4,5699,141,2297,2587
34433,712,2973,2755,218,2.51,3.19,2973,34,1479,1276
34434,737,3421,2881,540,2.64,3.37,3421,66,1954,927
34436,1248,3645,3120,525,2.01,2.38,3645,232,1299,1821
34442,2094,7673,6677,996,2.14,2.15,7673,268,2431,4246
34445,,,,0,,,,0,,
34446,1266,8033,7194,839,2.22,2.43,8033,287,3225,3969
34448,1558,4699,3860,839,2.01,2.84,4699,107,1235,2625
34449,462,1394,1041,353,2.27,2.44,1394,85,503,538
34450,1385,4984,3910,1074,2.0,2.01,4984,307,1527,2383
34452,767,5378,4353,1025,2.47,2.21,5378,352,2034,2319
34453,1168,4194,3547,647,2.2,2.94,4194,298,1540,2007
34461,1065,4557,3909,648,2.5,1.73,4557,169,1429,2480
34465,828,8026,6390,1636,2.17,2.81,8026,212,3419,2971
34470,870,8723,4871,3852,2.34,2.32,8723,904,2572,2299
34471,855,10885,6770,4115,2.58,2.04,10885,952,3924,2846
34472,1196,11911,9245,2666,2.67,2.75,11911,717,5986,3259
34473,970,7397,6305,1092,2.8,4.35,7397,96,4078,2227
34474,881,7418,3238,4180,2.51,2.2,7418,434,1822,1416
34475,881,4788,2093,2695,2.73,2.6,4788,666,1046,1047
34476,1302,10931,9868,1063,2.15,2.51,10931,177,5012,4856
34479,618,5542,3695,1847,2.36,2.93,5542,291,2035,1660
34480,1027,8398,6519,1879,2.66,2.67,8398,200,3835,2684
34481,893,11958,10720,1238,1.94,1.54,11958,495,4073,6647
34482,1798,7422,6084,1338,2.29,3.31,7422,218,2993,3091
34484,430,2769,1626,1143,2.27,1.5,2769,253,761,865
34487,,,,0,,,,0,,
34488,1360,4886,3392,1494,2.28,2.76,4886,137,1123,2269
34491,2009,13125,11511,1614,2.33,2.71,13125,380,6255,5256
34498,231,292,223,69,1.93,2.62,292,3,69,154
34601,1795,10336,7115,3221,2.18,2.2,10336,977,2725,4390
34602,343,2980,2593,387,2.74,3.58,2980,88,1324,1269
34604,384,4425,3895,530,2.74,2.91,4425,91,2510,1385
34606,1536,12399,9494,2905,2.19,2.53,12399,497,4815,4679
34607,1121,3701,3103,598,2.17,2.64,3701,246,1431,1672
34608,989,14207,10674,3533,2.54,2.35,14207,723,6739,3935
34609,1338,16397,13249,3148,2.68,2.5,16397,804,8362,4887
34610,684,5531,4473,1058,2.84,3.63,5531,186,2539,1934
34613,1923,8360,7200,1160,2.01,2.53,8360,268,2857,4343
34614,337,2719,2581,138,3.07,1.15,2719,9,1789,792
34637,334,3075,2762,313,2.94,3.48,3075,83,1821,941
34638,408,10292,8423,1869,3.17,3.0,10292,172,6307,2116
34639,329,10454,8513,1941,2.86,2.66,10454,277,6067,2446
34652,3473,11249,6902,4347,2.13,2.36,11249,803,3372,3530
34653,2266,15021,9752,5269,2.09,2.41,15021,1611,4244,5508
34654,1313,8938,6938,2000,2.39,3.23,8938,583,3509,3429
34655,2083,18283,14597,3686,2.43,2.29,18283,304,9016,5581
34661,100,166,94,72,1.86,1.58,166,0,22,72
34667,4395,15467,11497,3970,1.92,2.15,15467,1440,4747,6750
34668,2816,21043,12566,8477,2.2,2.54,21043,1444,6404,6162
34669,956,5467,4629,838,2.46,2.92,5467,139,2437,2192
34677,1260,8788,6747,2041,2.48,2.77,8788,230,4115,2632
34679,100,33,33,0,2.33,,33,0,23,10
34681,107,422,422,0,2.17,,422,0,295,127
34683,1911,13571,10384,3187,2.49,2.39,13571,495,6633,3751
34684,1411,13090,9394,3696,2.04,2.1,13090,1164,4502,4892
34685,500,7345,5523,1822,2.5,2.05,7345,329,3227,2296
34688,269,3399,3109,290,2.56,2.45,3399,105,1911,1198
34689,2145,11529,8966,2563,2.32,2.02,11529,1030,4870,4096
34690,1583,5163,3156,2007,2.06,2.37,5163,402,1498,1658
34691,2932,9391,5744,3647,2.18,2.22,9391,585,2870,2874
34695,745,7116,5964,1152,2.44,2.65,7116,119,3446,2518
34698,3713,18883,13695,5188,2.1,1.75,18883,1683,6668,7027
34705,121,1122,943,179,2.76,3.02,1122,3,526,417
34711,2784,24097,18599,5498,2.71,2.84,24097,693,11399,7200
34714,1950,8159,4070,4089,2.95,2.98,8159,367,2449,1621
34715,469,7537,5696,1841,3.13,2.56,7537,46,4588,1108
34729,,16,16,0,2.0,,16,0,16,
34731,1353,4754,3799,955,2.47,2.26,4754,284,1464,2335
34734,27,1300,1081,219,3.49,3.64,1300,27,954,127
34736,633,9232,7831,1401,2.57,2.52,9232,164,4655,3176
34737,182,1654,1421,233,2.19,2.61,1654,52,1006,415
34739,197,247,133,114,2.47,2.22,247,0,18,115
34741,3926,16380,5257,11123,3.14,3.24,16380,1228,3014,2243
34743,1213,11739,8528,3211,3.69,4.62,11739,321,6275,2253
34744,2409,17589,12021,5568,3.34,3.54,17589,922,7976,4045
34746,8630,14803,10714,4089,3.52,3.1,14803,633,6784,3930
34747,13788,8069,4251,3818,2.93,2.53,8069,351,2534,1717
34748,4329,19237,13901,5336,2.1,2.4,19237,1440,5912,7989
34753,48,1885,1506,379,3.41,3.71,1885,38,1171,335
34756,178,1298,1036,262,3.07,2.66,1298,18,628,408
34758,2785,10796,8423,2373,4.02,3.84,10796,377,6421,2002
34759,3246,12708,9376,3332,2.83,3.89,12708,312,5791,3585
34760,49,304,251,53,3.39,2.58,304,22,139,112
34761,668,14022,9896,4126,3.34,3.23,14022,427,7138,2758
34762,134,143,143,0,2.2,,143,0,47,96
34769,2152,8879,6157,2722,3.42,3.13,8879,563,4209,1948
34771,1520,7042,6156,886,3.38,3.53,7042,121,3892,2264
34772,1415,8931,7681,1250,3.32,4.49,8931,366,5641,2040
34773,218,1220,1051,169,3.27,3.77,1220,0,746,305
34785,1106,6249,3951,2298,2.01,2.31,6249,487,1239,2712
34786,2047,14869,10673,4196,3.15,3.14,14869,132,7667,3006
34787,2505,26245,19198,7047,3.06,3.15,26245,670,13389,5809
34788,2138,8832,7256,1576,2.23,2.84,8832,396,2336,4920
34797,223,641,619,22,2.21,4.64,641,0,400,219
34945,329,1461,1359,102,2.79,2.79,1461,22,610,749
34946,684,2523,1508,1015,2.54,2.0,2523,539,599,909
34947,591,4076,1413,2663,3.34,3.13,4076,349,682,731
34949,3566,4435,3450,985,1.78,1.83,4435,211,1129,2321
34950,1224,6250,2317,3933,2.6,2.62,6250,950,1225,1092
34951,1358,6997,6142,855,2.24,2.93,6997,299,2675,3467
34952,3915,17478,12090,5388,2.37,2.41,17478,792,5519,6571
34953,1379,24483,20642,3841,2.91,3.74,24483,348,14699,5943
34956,400,2484,1687,797,3.05,3.83,2484,242,681,1006
34957,6185,10730,7863,2867,2.24,1.7,10730,468,3405,4458
34972,1152,6085,4006,2079,2.7,2.82,6085,266,2095,1911
34974,3342,10109,7989,2120,2.27,2.26,10109,224,3128,4861
34981,234,1662,943,719,3.2,4.21,1662,32,509,434
34982,1182,10768,8044,2724,2.24,2.81,10768,908,3921,4123
34983,1312,15387,12798,2589,2.9,2.94,15387,495,8564,4234
34984,622,6161,4963,1198,2.85,3.49,6161,19,3354,1609
34986,2244,11487,9635,1852,2.47,2.51,11487,220,5232,4403
34987,489,5464,4157,1307,2.34,2.35,5464,82,2062,2095
34990,1657,12039,10713,1326,2.51,2.34,12039,486,5884,4829
34994,1697,7841,4731,3110,2.19,2.25,7841,767,1777,2954
34996,3110,5825,4807,1018,1.87,1.97,5825,216,1593,3214
34997,3513,18365,14975,3390,2.36,2.63,18365,817,7284,7691
35004,129,4616,3423,1193,2.62,2.47,4616,151,2296,1127
35005,591,2869,2359,510,2.77,3.17,2869,240,1331,1028
35006,456,1190,1093,97,2.91,2.1,1190,38,415,678
35007,525,9896,8334,1562,2.64,3.21,9896,155,6102,2232
35010,2554,8082,5871,2211,2.57,2.36,8082,576,2567,3304
35013,,27,9,18,,5.0,27,0,,9
35014,322,1683,1520,163,2.5,2.52,1683,140,609,911
35016,828,6446,4738,1708,2.6,2.64,6446,235,2552,2186
35019,182,867,686,181,2.6,2.78,867,0,211,475
35020,2745,10145,5521,4624,2.41,2.58,10145,1423,2328,3193
35022,769,9062,7151,1911,2.52,2.05,9062,329,5110,2041
35023,1257,8632,6656,1976,2.68,3.1,8632,266,3957,2699
35031,662,2601,1898,703,2.93,2.59,2601,127,821,1077
35032,9,22,18,4,2.44,1.5,22,4,11,7
35033,282,1250,1065,185,2.57,2.69,1250,65,373,692
35034,256,1276,906,370,3.52,2.73,1276,111,203,703
35035,68,364,330,34,2.9,,364,0,122,208
35036,4,75,,75,,2.04,75,48,,
35040,444,6688,5357,1331,2.71,2.91,6688,93,4181,1176
35042,530,2248,1827,421,2.89,1.91,2248,131,634,1193
35043,285,4325,3890,435,3.18,3.65,4325,95,2901,989
35044,304,3310,2097,1213,2.27,2.22,3310,434,1008,1089
35045,753,5676,3785,1891,2.65,2.19,5676,222,1968,1817
35046,756,1895,1478,417,2.61,3.0,1895,61,655,823
35049,187,1373,957,416,2.71,2.5,1373,47,487,470
35051,273,2897,2201,696,2.84,1.94,2897,189,1063,1138
35052,,19,,19,,,19,19,,
35053,1363,1039,973,66,2.71,2.92,1039,27,491,482
35054,351,1538,1388,150,2.76,2.65,1538,64,722,666
35055,1029,9088,5880,3208,2.44,2.35,9088,457,3324,2556
35057,1135,5022,4087,935,2.87,2.61,5022,122,1822,2265
35058,522,3862,2907,955,2.56,2.8,3862,94,1466,1441
35060,102,99,99,0,1.86,,99,17,55,44
35061,189,427,269,158,4.26,2.27,427,13,75,194
35062,441,3152,2546,606,2.77,2.7,3152,134,1461,1085
35063,401,1178,1059,119,2.64,2.4,1178,54,349,710
35064,994,3917,2071,1846,2.39,2.37,3917,447,1170,901
35068,104,3461,2570,891,2.41,2.25,3461,148,1572,998
35070,,42,40,2,2.65,3.0,42,2,16,24
35071,541,6837,5270,1567,2.59,2.33,6837,355,3434,1836
35072,732,1745,1403,342,2.76,2.55,1745,34,718,685
35073,204,1260,868,392,2.46,2.42,1260,84,389,479
35074,,50,,50,,2.28,50,0,,
35077,829,5578,3977,1601,2.52,2.37,5578,188,1820,2157
35078,272,781,655,126,2.67,1.6,781,23,365,290
35079,461,3250,3070,180,2.89,2.92,3250,40,1793,1277
35080,413,6466,6000,466,2.96,3.18,6466,122,4494,1506
35082,,,,0,,,,0,,
35083,120,1381,1124,257,3.06,2.24,1381,24,635,489
35085,512,2894,2325,569,2.83,2.75,2894,61,966,1359
35087,38,987,818,169,2.73,2.78,987,66,299,519
35089,105,559,480,79,2.61,3.7,559,7,192,288
35091,206,1071,1012,59,3.02,2.32,1071,5,673,339
35094,818,5690,4503,1187,2.65,2.74,5690,123,2595,1908
35096,910,2975,2574,401,2.91,2.75,2975,96,1289,1285
35097,134,709,648,61,2.7,3.16,709,17,311,337
35098,92,533,348,185,2.53,2.47,533,10,78,270
35111,551,6445,5826,619,2.71,1.94,6445,117,4324,1502
35112,53,,,0,,,,0,,
35114,176,2869,2491,378,2.9,2.45,2869,83,1886,605
35115,472,6046,4153,1893,2.63,2.7,6046,324,2255,1898
35116,133,1865,1685,180,2.63,2.56,1865,60,1004,681
35117,247,2275,2111,164,2.59,2.49,2275,36,1253,858
35118,162,1069,840,229,3.23,3.33,1069,37,386,454
35119,,28,,28,,4.86,28,0,,
35120,451,6239,5218,1021,2.76,2.65,6239,252,3031,2187
35121,750,6224,4421,1803,2.84,1.93,6224,429,1931,2490
35124,356,9752,8230,1522,2.49,2.63,9752,140,5783,2447
35125,617,3961,2588,1373,2.68,2.62,3961,211,1212,1376
35126,780,7508,6469,1039,2.87,3.29,7508,139,4557,1912
35127,410,3398,2725,673,2.76,2.9,3398,191,1840,885
35128,521,4177,3218,959,2.54,2.71,4177,28,2027,1191
35130,515,1411,1197,214,2.53,2.24,1411,63,376,821
35131,398,1252,940,312,2.6,2.88,1252,69,468,472
35133,210,1272,1126,146,2.76,2.02,1272,114,724,402
35135,110,842,650,192,2.4,2.67,842,33,423,227
35136,432,764,583,181,2.77,2.52,764,14,231,352
35143,877,1244,1026,218,2.57,2.74,1244,30,537,489
35146,395,3915,3347,568,2.77,2.61,3915,145,2090,1257
35147,168,2004,1788,216,2.88,2.72,2004,27,1262,526
35148,234,956,663,293,2.41,2.61,956,30,409,254
35149,,80,54,26,,2.81,80,0,54,
35150,1224,7029,4286,2743,2.46,2.41,7029,819,1852,2434
35151,714,2979,2612,367,2.65,2.62,2979,55,1258,1354
35160,2639,10192,6486,3706,2.39,2.21,10192,977,3184,3302
35171,116,1215,1008,207,2.75,3.65,1215,26,448,560
35172,161,1024,755,269,2.65,2.81,1024,78,339,416
35173,613,10343,9356,987,2.9,3.01,10343,207,6785,2571
35175,380,2040,1731,309,2.47,2.46,2040,88,630,1101
35176,,355,210,145,2.4,1.81,355,78,60,150
35178,359,1190,995,195,2.41,2.56,1190,20,522,473
35179,522,3033,2546,487,2.81,2.98,3033,27,1350,1196
35180,494,4968,4133,835,3.15,1.84,4968,170,2297,1836
35181,,13,13,0,2.0,,13,0,13,
35183,119,312,272,40,3.0,3.35,312,10,85,187
35184,631,1891,1577,314,2.92,3.76,1891,92,692,885
35185,,,,0,,,,0,,
35186,203,1924,1558,366,2.72,2.34,1924,78,935,623
35188,183,829,691,138,3.09,4.23,829,29,352,339
35203,326,1563,405,1158,1.38,1.44,1563,490,403,2
35204,1288,4167,1835,2332,2.13,2.16,4167,1114,672,1163
35205,2420,9251,2713,6538,1.94,1.59,9251,1118,1583,1130
35206,1639,6388,3053,3335,2.4,2.47,6388,794,1628,1425
35207,818,3131,1703,1428,2.17,2.4,3131,650,546,1157
35208,1621,5663,3385,2278,2.47,2.52,5663,688,1678,1707
35209,2770,12457,6488,5969,2.55,2.09,12457,479,4343,2145
35210,729,6074,4290,1784,2.29,1.79,6074,191,2876,1414
35211,3057,11273,4812,6461,2.42,2.01,11273,1516,2521,2291
35212,1180,4245,1831,2414,2.39,2.5,4245,871,1052,779
35213,253,6153,4651,1502,2.52,2.05,6153,78,3055,1596
35214,1193,7171,4860,2311,2.49,2.51,7171,510,3010,1850
35215,2498,17142,9568,7574,2.77,2.66,17142,1348,6367,3201
35216,1352,15492,8661,6831,2.59,2.38,15492,464,5808,2853
35217,1017,4759,2498,2261,2.59,2.78,4759,636,1264,1234
35218,858,2755,1123,1632,2.97,2.57,2755,412,394,729
35221,671,1517,1030,487,2.7,2.07,1517,185,429,601
35222,567,3768,2091,1677,2.4,2.12,3768,354,1610,481
35223,274,4514,3972,542,2.61,1.87,4514,137,2251,1721
35224,820,1971,1072,899,2.69,2.94,1971,188,464,608
35226,753,14283,11237,3046,2.73,2.39,14283,133,8279,2958
35228,759,3820,2436,1384,2.57,2.74,3820,434,1409,1027
35229,,,,0,,,,0,,
35233,516,1596,221,1375,1.34,1.48,1596,502,151,70
35234,707,1941,998,943,2.23,1.89,1941,449,337,661
35235,779,8290,5630,2660,2.59,2.52,8290,162,4104,1526
35242,1660,23129,16847,6282,2.67,1.9,23129,528,11363,5484
35243,1540,8474,4814,3660,2.4,1.63,8474,359,2605,2209
35244,1248,13462,9611,3851,2.84,2.25,13462,400,6734,2877
35249,,,,0,,,,0,,
35254,,,,0,,,,0,,
35401,6504,12352,4150,8202,2.45,2.23,12352,1773,2000,2150
35404,2891,8051,4331,3720,2.93,2.88,8051,360,2580,1751
35405,2887,18842,10292,8550,2.7,2.33,18842,1183,7591,2701
35406,977,7178,5485,1693,2.68,2.09,7178,144,3622,1863
35441,499,353,321,32,3.32,3.22,353,14,92,229
35442,514,1713,1033,680,2.53,2.39,1713,210,283,750
35443,525,471,365,106,2.69,1.78,471,94,93,272
35444,191,1570,1261,309,2.66,2.81,1570,48,688,573
35446,27,724,608,116,3.03,2.83,724,19,260,348
35447,426,1220,926,294,2.47,2.6,1220,130,357,569
35452,214,1494,1349,145,2.62,2.39,1494,97,720,629
35453,779,4294,3543,751,2.95,2.23,4294,52,2054,1489
35456,290,1712,1181,531,2.67,3.2,1712,0,318,863
35457,,57,57,0,,,57,0,,57
35458,50,210,177,33,3.7,2.64,210,0,116,61
35459,90,432,329,103,2.25,2.3,432,61,124,205
35460,60,322,255,67,1.99,4.1,322,20,83,172
35461,209,836,794,42,2.32,2.45,836,35,173,621
35462,513,1813,1172,641,2.34,2.44,1813,319,307,865
35463,169,725,641,84,2.81,4.07,725,13,327,314
35464,94,158,52,106,5.6,3.31,158,35,27,25
35466,390,2015,1751,264,2.66,2.44,2015,109,751,1000
35469,,217,166,51,2.3,,217,9,48,118
35470,435,1632,921,711,2.81,2.55,1632,75,361,560
35473,644,7590,4865,2725,2.68,2.21,7590,254,3402,1463
35474,519,2244,1977,267,3.33,2.61,2244,168,1077,900
35475,1009,6762,6262,500,2.85,3.34,6762,58,4283,1979
35476,483,3071,1238,1833,2.29,2.37,3071,296,939,299
35477,15,33,33,0,4.15,,33,10,5,28
35480,76,505,443,62,4.03,2.1,505,19,246,197
35481,254,1300,897,403,2.41,2.67,1300,50,349,548
35487,,,,0,,,,0,,
35490,315,1833,1454,379,3.15,2.26,1833,23,916,538
35491,,,,0,,,,0,,
35501,1002,3548,2121,1427,2.53,2.91,3548,242,744,1377
35503,646,3674,3034,640,2.6,2.44,3674,95,1415,1619
35504,710,5207,4010,1197,2.64,2.35,5207,215,2135,1875
35540,170,969,811,158,2.55,2.18,969,42,322,489
35541,1096,1480,1271,209,2.51,2.47,1480,24,466,805
35542,67,372,337,35,2.44,1.8,372,15,101,236
35543,124,472,342,130,2.75,2.52,472,12,65,277
35544,38,330,225,105,2.68,1.83,330,11,75,150
35545,3,59,44,15,2.39,4.0,59,10,13,31
35546,269,1380,1190,190,2.81,2.33,1380,47,483,707
35548,125,849,702,147,2.38,2.69,849,36,343,359
35549,390,1446,1096,350,2.18,2.14,1446,133,331,765
35550,433,1956,1607,349,2.63,2.44,1956,131,544,1063
35552,122,464,406,58,3.01,1.84,464,3,255,151
35553,636,1772,1433,339,2.65,2.6,1772,47,486,947
35554,115,408,343,65,2.68,1.95,408,0,96,247
35555,1173,3693,2525,1168,2.46,2.73,3693,514,973,1552
35559,,12,2,10,5.5,5.3,12,0,,2
35563,512,1386,1103,283,2.71,2.65,1386,78,506,597
35564,247,851,644,207,2.41,2.72,851,32,236,408
35565,1264,4448,3371,1077,2.44,2.85,4448,305,1169,2202
35570,995,4281,2832,1449,2.74,2.09,4281,231,1171,1661
35571,140,248,211,37,3.14,2.49,248,2,79,132
35572,399,677,633,44,2.13,1.73,677,19,302,331
35573,2,4,4,0,2.25,,4,0,4,
35574,193,520,457,63,2.86,1.68,520,1,209,248
35575,93,434,356,78,2.44,1.94,434,12,140,216
35576,390,1233,1066,167,2.8,2.22,1233,44,387,679
35577,,2,2,0,1.5,,2,0,,2
35578,464,2014,1742,272,2.58,3.08,2014,37,705,1037
35579,343,1267,1062,205,2.72,3.41,1267,27,406,656
35580,362,1426,1220,206,2.69,2.6,1426,75,386,834
35581,501,1858,1372,486,3.21,3.13,1858,26,459,913
35582,446,1880,1312,568,2.39,2.56,1880,122,615,697
35584,35,91,68,23,2.84,3.0,91,13,15,53
35585,131,502,391,111,3.39,3.64,502,13,207,184
35586,468,1468,1094,374,2.76,2.17,1468,98,409,685
35587,115,258,193,65,2.17,3.03,258,0,14,179
35592,712,1698,970,728,2.67,1.89,1698,221,261,709
35593,189,614,507,107,2.67,3.35,614,21,176,331
35594,743,2565,1936,629,2.92,2.26,2565,133,824,1112
35601,1706,13231,7934,5297,2.47,2.58,13231,834,4621,3313
35603,720,13724,10038,3686,2.46,2.0,13724,578,5110,4928
35610,75,687,581,106,2.76,1.84,687,5,297,284
35611,1760,11416,6975,4441,2.36,2.2,11416,736,3836,3139
35613,348,7803,6745,1058,2.66,2.43,7803,46,4052,2693
35614,448,2592,2005,587,2.69,2.65,2592,40,1007,998
35615,,,,0,,,,0,,
35616,671,1438,1013,425,2.22,3.0,1438,93,467,546
35618,166,834,614,220,2.62,2.46,834,28,207,407
35619,482,1723,1326,397,2.57,3.21,1723,12,653,673
35620,444,4248,3655,593,2.74,2.56,4248,4,2251,1404
35621,46,1032,888,144,3.02,1.74,1032,54,419,469
35622,470,2461,1732,729,2.8,2.98,2461,109,833,899
35630,2602,14573,5990,8583,2.35,2.02,14573,1655,2940,3050
35632,,,,0,,,,0,,
35633,1001,8210,6882,1328,2.49,2.51,8210,259,3278,3604
35634,742,4084,3332,752,2.63,2.06,4084,66,1459,1873
35640,1172,9942,8015,1927,2.76,2.43,9942,541,4171,3844
35643,201,1542,1351,191,2.62,2.75,1542,111,626,725
35645,682,4929,4145,784,2.67,2.62,4929,79,1781,2364
35646,546,1814,1521,293,2.36,2.5,1814,28,605,916
35647,7,379,338,41,3.05,3.93,379,7,163,175
35648,206,1223,993,230,2.86,2.09,1223,39,572,421
35649,3,32,32,0,2.59,,32,0,25,7
35650,925,4980,3988,992,2.53,2.7,4980,306,1683,2305
35651,137,474,398,76,3.06,2.96,474,0,249,149
35652,904,3664,2945,719,2.74,1.75,3664,158,1468,1477
35653,1067,3536,2397,1139,3.26,2.56,3536,314,865,1532
35654,726,2903,1966,937,2.64,2.93,2903,247,799,1167
35660,989,4282,2484,1798,2.26,2.1,4282,178,1059,1425
35661,1131,7466,6054,1412,2.64,1.9,7466,257,3470,2584
35670,736,2383,1792,591,2.88,2.52,2383,117,779,1013
35671,235,654,517,137,2.61,3.85,654,40,355,162
35672,621,2009,1461,548,2.56,3.0,2009,62,693,768
35673,584,2685,2042,643,2.84,2.37,2685,138,1071,971
35674,1319,7321,5043,2278,2.8,2.41,7321,346,2670,2373
35677,388,771,699,72,2.82,2.11,771,6,185,514
35739,159,2129,1727,402,2.36,2.02,2129,193,1010,717
35740,226,1493,942,551,2.05,2.61,1493,69,367,575
35741,86,1703,1352,351,2.05,1.82,1703,20,893,459
35744,124,705,526,179,2.58,3.16,705,6,190,336
35745,82,56,48,8,1.92,,56,0,12,36
35746,108,272,272,0,2.1,,272,0,132,140
35747,924,2287,2017,270,2.64,2.25,2287,52,1384,633
35748,243,2834,2455,379,2.65,2.2,2834,92,1351,1104
35749,704,8869,8033,836,2.8,2.79,8869,251,6010,2023
35750,489,5003,3824,1179,2.65,2.69,5003,184,2736,1088
35751,24,94,94,0,2.81,,94,0,48,46
35752,202,936,646,290,2.29,2.11,936,80,209,437
35754,255,2260,1785,475,2.51,2.55,2260,45,756,1029
35755,215,205,139,66,2.24,2.18,205,1,56,83
35756,562,7855,6663,1192,2.94,2.39,7855,119,5533,1130
35757,273,6344,5282,1062,2.9,2.23,6344,152,3511,1771
35758,568,19142,13168,5974,2.66,2.03,19142,373,9383,3785
35759,120,3967,3770,197,2.65,2.93,3967,38,2678,1092
35760,154,1731,1372,359,3.0,2.69,1731,140,879,493
35761,350,4780,4006,774,2.68,3.12,4780,78,2568,1438
35763,129,7010,6429,581,2.74,2.78,7010,22,4750,1679
35764,51,259,223,36,2.24,1.58,259,33,71,152
35765,370,1681,1409,272,2.72,3.45,1681,85,516,893
35766,40,79,56,23,3.05,2.61,79,0,43,13
35768,896,4743,3115,1628,2.79,2.3,4743,268,1433,1682
35769,812,4123,3307,816,2.45,2.09,4123,161,1598,1709
35771,342,1102,920,182,2.75,2.97,1102,5,411,509
35772,469,1856,1372,484,2.65,2.43,1856,148,486,886
35773,326,5475,4756,719,2.57,2.57,5475,77,2968,1788
35774,13,58,58,0,3.43,,58,0,34,24
35775,49,207,197,10,2.41,7.5,207,0,51,146
35776,287,1322,1112,210,2.66,2.34,1322,26,450,662
35801,963,10555,6885,3670,2.18,1.83,10555,552,4332,2553
35802,1143,11209,5918,5291,2.36,1.82,11209,256,2869,3049
35803,892,11846,9537,2309,2.42,2.08,11846,269,5682,3855
35805,1053,9252,2916,6336,2.35,1.94,9252,1283,1329,1587
35806,537,12886,6113,6773,2.43,1.61,12886,519,4320,1793
35808,9,379,13,366,1.46,2.59,379,0,9,4
35810,1127,12067,7870,4197,2.52,2.7,12067,643,4462,3408
35811,991,11011,8308,2703,2.4,2.32,11011,484,5970,2338
35816,978,6758,1948,4810,1.98,1.99,6758,627,1209,739
35824,246,4218,2239,1979,2.27,2.04,4218,96,1296,943
35896,,,,0,,,,0,,
35901,1924,7123,4606,2517,2.64,2.43,7123,589,2277,2329
35903,1707,7051,4579,2472,2.62,2.47,7051,403,2181,2398
35904,1379,5056,3856,1200,2.51,3.05,5056,258,1282,2574
35905,640,2196,1865,331,2.73,2.2,2196,34,1005,860
35906,807,3882,2305,1577,2.85,2.36,3882,223,1271,1034
35907,301,2971,2696,275,3.04,3.32,2971,58,1522,1174
35950,539,7185,4731,2454,2.73,3.17,7185,258,2840,1891
35951,801,4526,3387,1139,2.92,2.89,4526,191,1732,1655
35952,495,3221,2574,647,2.7,2.6,3221,135,1088,1486
35953,743,2770,2252,518,2.38,2.52,2770,157,1077,1175
35954,1159,4642,3782,860,2.74,2.36,4642,151,1612,2170
35956,747,2983,2365,618,2.89,2.79,2983,162,1212,1153
35957,910,5961,4020,1941,2.55,2.98,5961,377,2061,1959
35958,149,1186,979,207,3.12,1.69,1186,84,451,528
35959,1637,1774,1428,346,2.34,2.5,1774,67,475,953
35960,1929,3452,2579,873,2.49,2.04,3452,128,1077,1502
35961,491,2049,1481,568,2.85,3.08,2049,66,478,1003
35962,565,2846,2099,747,2.66,3.25,2846,103,972,1127
35963,53,495,375,120,2.3,2.28,495,41,274,101
35966,473,1259,1070,189,2.72,2.28,1259,86,418,652
35967,1316,6287,4319,1968,2.8,2.24,6287,233,2085,2234
35968,322,1766,1341,425,2.88,2.53,1766,81,641,700
35971,139,1928,1369,559,2.73,3.09,1928,265,507,862
35972,94,463,417,46,2.2,2.61,463,0,113,304
35973,288,1120,935,185,3.08,3.78,1120,81,285,650
35974,67,644,443,201,2.95,2.11,644,34,272,171
35975,,449,411,38,2.92,2.82,449,0,118,293
35976,1013,6683,5219,1464,2.47,2.8,6683,419,2757,2462
35978,406,1804,1443,361,2.97,3.45,1804,46,744,699
35979,82,382,346,36,2.59,3.0,382,0,152,194
35980,252,1915,1571,344,3.12,3.78,1915,75,870,701
35981,207,649,502,147,3.34,2.29,649,24,121,381
35983,704,1488,1261,227,2.61,2.99,1488,14,634,627
35984,795,747,560,187,2.01,1.46,747,11,248,312
35986,383,3075,2372,703,2.54,2.6,3075,146,1183,1189
35987,151,932,738,194,2.4,3.65,932,32,233,505
35988,98,802,553,249,3.35,2.29,802,0,202,351
35989,164,1288,1078,210,3.04,2.24,1288,43,308,770
35990,12,,,0,,,,0,,
36003,211,1056,851,205,2.29,2.0,1056,94,178,673
36005,311,563,479,84,2.74,2.05,563,7,162,317
36006,114,699,643,56,2.43,2.2,699,1,171,472
36008,,,,0,,,,0,,
36009,323,866,628,238,2.49,2.82,866,51,192,436
36010,915,1852,1243,609,2.88,2.84,1852,124,601,642
36013,16,148,148,0,2.67,,148,0,105,43
36016,485,1484,975,509,2.54,1.94,1484,142,356,619
36017,227,791,498,293,2.8,1.9,791,73,133,365
36020,67,414,307,107,2.74,2.61,414,38,152,155
36022,515,5373,4717,656,2.81,2.96,5373,209,3025,1692
36024,1242,2208,1744,464,2.36,2.23,2208,54,805,939
36025,152,1581,1129,452,2.55,2.53,1581,115,592,537
36026,432,541,522,19,2.3,1.95,541,2,282,240
36027,1420,5768,3370,2398,2.51,2.6,5768,664,1669,1701
36028,279,588,384,204,2.5,2.66,588,117,92,292
36029,59,334,277,57,3.26,5.0,334,64,85,192
36030,130,126,103,23,3.39,3.3,126,18,20,83
36031,,26,26,0,4.12,,26,0,20,6
36032,238,862,631,231,2.8,2.55,862,58,233,398
36033,892,1306,1021,285,2.52,3.15,1306,81,241,780
36034,122,309,266,43,3.17,3.07,309,15,50,216
36035,392,733,632,101,2.77,2.18,733,25,246,386
36036,295,743,634,109,2.58,2.72,743,30,283,351
36037,1918,4345,2984,1361,3.05,2.86,4345,237,1307,1677
36038,8,25,23,2,3.26,2.5,25,2,4,19
36039,45,92,46,46,1.61,4.46,92,0,34,12
36040,174,1345,879,466,3.0,2.17,1345,183,402,477
36041,216,530,474,56,2.77,2.0,530,6,120,354
36042,385,404,370,34,3.06,1.65,404,6,80,290
36043,257,1307,1097,210,2.74,3.81,1307,30,431,666
36046,90,491,470,21,3.23,1.76,491,6,160,310
36047,147,385,375,10,2.48,,385,43,101,274
36048,215,581,403,178,2.16,2.1,581,67,148,255
36049,652,1941,1452,489,2.85,3.38,1941,168,542,910
36051,141,1004,846,158,3.2,2.25,1004,24,257,589
36052,25,357,325,32,1.96,,357,3,210,115
36053,370,910,696,214,2.78,2.27,910,112,137,559
36054,474,5706,3867,1839,2.72,2.63,5706,381,2694,1173
36057,,,,0,,,,0,,
36064,448,4305,3668,637,2.95,2.99,4305,52,2716,952
36066,280,8677,5238,3439,2.58,2.24,8677,375,3670,1568
36067,1226,9971,7510,2461,2.82,2.53,9971,545,4334,3176
36069,294,919,704,215,2.27,1.64,919,53,379,325
36071,93,163,131,32,1.99,2.97,163,0,36,95
36075,182,731,629,102,2.52,1.8,731,78,241,388
36078,633,5207,3646,1561,2.5,2.65,5207,471,1767,1879
36079,965,3340,2646,694,2.7,3.02,3340,132,1374,1272
36080,215,843,680,163,2.71,3.52,843,13,427,253
36081,2130,5606,2493,3113,3.01,2.41,5606,504,1262,1231
36082,,,,0,,,,0,,
36083,1173,3399,2059,1340,2.39,2.21,3399,388,992,1067
36088,741,1105,604,501,2.13,2.57,1105,147,259,345
36089,834,2547,1560,987,2.67,3.22,2547,366,669,891
36091,477,1532,1195,337,2.36,2.51,1532,122,412,783
36092,1130,7752,5865,1887,2.53,2.48,7752,275,3535,2330
36093,305,4235,3896,339,3.03,1.49,4235,89,2863,1033
36101,,,,0,,,,0,,
36104,1322,3825,1025,2800,2.34,1.82,3825,806,372,653
36105,1291,4383,2710,1673,2.54,2.19,4383,589,1299,1411
36106,793,6220,3478,2742,2.36,2.12,6220,246,2283,1195
36107,1011,3095,1169,1926,1.95,2.83,3095,233,620,549
36108,2323,6363,3848,2515,2.5,2.33,6363,1294,1374,2474
36109,1058,10058,6635,3423,2.28,2.51,10058,361,4170,2465
36110,1289,3952,2139,1813,2.55,3.37,3952,372,1184,955
36111,875,4790,2916,1874,2.58,2.95,4790,282,2137,779
36112,,17,,17,,2.12,17,0,,
36113,43,270,,270,,3.26,270,8,,
36114,,,,0,,,,0,,
36115,8,242,,242,,4.13,242,4,,
36116,2717,17215,7971,9244,2.74,2.44,17215,1307,6079,1892
36117,2123,21303,12807,8496,2.57,2.23,21303,728,9114,3693
36130,,,,0,,,,0,,
36201,2365,7388,4554,2834,2.42,2.17,7388,1127,1671,2883
36203,768,7026,4872,2154,2.71,2.51,7026,278,3052,1820
36205,95,423,225,198,2.55,1.49,423,69,102,123
36206,649,4172,2681,1491,2.58,2.71,4172,201,1570,1111
36207,1467,7663,5616,2047,2.4,2.6,7663,195,3400,2216
36250,137,1534,1312,222,3.06,2.78,1534,28,910,402
36251,434,2035,1515,520,2.6,2.61,2035,200,570,945
36255,98,402,378,24,2.45,3.79,402,17,152,226
36256,129,625,548,77,2.32,2.71,625,21,198,350
36258,202,550,493,57,2.5,1.23,550,10,198,295
36260,203,1398,1141,257,3.05,3.37,1398,62,676,465
36262,124,567,495,72,2.95,2.5,567,56,167,328
36263,115,156,121,35,3.34,2.23,156,23,67,54
36264,667,3142,2245,897,2.81,2.54,3142,241,910,1335
36265,1240,8338,5501,2837,2.43,2.26,8338,480,2861,2640
36266,852,2377,1686,691,2.73,2.11,2377,126,747,939
36267,,13,13,0,17.54,,13,0,13,
36268,511,2135,1900,235,2.8,2.66,2135,85,815,1085
36269,85,544,399,145,3.1,1.77,544,10,128,271
36271,549,2300,2109,191,2.61,2.91,2300,3,1080,1029
36272,1384,5134,3982,1152,2.52,2.64,5134,250,1666,2316
36273,271,1150,987,163,2.41,2.87,1150,69,410,577
36274,1104,4123,3140,983,2.48,2.29,4123,251,1258,1882
36276,187,997,788,209,2.69,2.11,997,42,248,540
36277,368,1924,1614,310,2.97,3.63,1924,75,1024,590
36278,1579,1740,1469,271,2.14,2.81,1740,72,554,915
36279,178,914,776,138,2.97,4.49,914,14,328,448
36280,471,1585,1349,236,2.58,3.22,1585,17,617,732
36301,2597,15084,9101,5983,2.45,2.53,15084,949,5311,3790
36303,2849,11898,7166,4732,2.59,2.57,11898,1015,4100,3066
36305,768,6350,4396,1954,2.67,2.55,6350,216,3092,1304
36310,1736,2408,1853,555,2.34,2.58,2408,340,647,1206
36311,271,912,735,177,2.44,2.75,912,17,390,345
36312,467,2339,1697,642,2.55,2.74,2339,147,782,915
36313,39,140,116,24,1.22,,140,0,20,96
36314,56,207,178,29,2.72,1.62,207,0,31,147
36316,173,790,687,103,2.6,3.42,790,8,354,333
36317,61,266,239,27,2.4,2.85,266,4,45,194
36318,204,554,504,50,2.68,3.08,554,2,288,216
36319,169,878,714,164,2.9,1.9,878,22,402,312
36320,351,1304,1076,228,2.54,2.28,1304,42,442,634
36321,91,761,604,157,2.77,2.92,761,16,354,250
36322,691,3922,2264,1658,2.11,2.21,3922,197,826,1438
36323,835,2970,2295,675,2.54,2.54,2970,149,973,1322
36330,1828,14726,9531,5195,2.46,2.73,14726,636,5965,3566
36340,342,2327,1533,794,2.12,2.69,2327,308,676,857
36343,186,535,417,118,2.28,2.97,535,42,187,230
36344,616,2100,1533,567,2.81,3.15,2100,194,867,666
36345,425,3146,2669,477,2.7,2.71,3146,65,1423,1246
36346,250,474,424,50,2.48,2.0,474,8,137,287
36350,415,2940,1795,1145,2.63,2.55,2940,176,1152,643
36351,291,1509,1232,277,2.45,2.39,1509,77,583,649
36352,170,1882,1622,260,2.92,2.7,1882,86,998,624
36353,230,581,533,48,2.85,1.96,581,27,243,290
36360,1264,7823,5036,2787,2.31,2.54,7823,453,2434,2602
36362,58,1461,10,1451,5.6,3.3,1461,2,,10
36370,87,398,370,28,2.45,3.0,398,22,131,239
36371,11,195,147,48,2.07,2.71,195,16,87,60
36373,249,217,192,25,3.11,2.72,217,5,84,108
36374,235,222,180,42,2.31,2.83,222,9,76,104
36375,484,2611,1913,698,2.55,2.86,2611,112,1043,870
36376,206,915,745,170,2.38,2.75,915,65,345,400
36401,1392,2577,2002,575,2.79,3.1,2577,256,464,1538
36420,1050,4076,2971,1105,2.58,2.28,4076,160,1299,1672
36421,1357,3581,2606,975,2.82,2.18,3581,280,1181,1425
36425,198,293,214,79,2.97,2.63,293,9,65,149
36426,1725,5328,3668,1660,2.92,2.6,5328,288,1515,2153
36432,387,665,463,202,3.59,2.03,665,12,127,336
36435,119,167,140,27,2.85,3.48,167,20,39,101
36436,131,202,182,20,2.32,9.8,202,0,98,84
36439,36,34,21,13,2.62,2.08,34,5,14,7
36441,596,1461,1044,417,2.57,2.74,1461,49,347,697
36442,467,1231,889,342,2.75,3.22,1231,77,372,517
36444,206,252,200,52,2.86,1.58,252,38,71,129
36445,428,1901,1531,370,2.62,3.58,1901,75,352,1179
36446,78,136,99,37,3.77,2.11,136,14,9,90
36451,563,1800,1361,439,2.5,2.71,1800,86,488,873
36453,148,940,738,202,2.74,2.22,940,30,269,469
36454,35,22,22,0,1.05,,22,0,,22
36455,74,116,71,45,2.51,1.84,116,6,5,66
36456,259,648,526,122,2.64,2.57,648,28,149,377
36460,1177,3735,2469,1266,2.86,2.1,3735,335,1015,1454
36467,866,3958,2983,975,2.46,2.37,3958,209,1295,1688
36470,,,,0,,,,0,,
36471,253,310,156,154,2.47,2.15,310,4,28,128
36473,66,74,52,22,3.33,6.82,74,0,4,48
36474,409,1051,931,120,2.6,2.2,1051,19,280,651
36475,289,623,560,63,2.56,3.6,623,17,109,451
36476,23,11,3,8,2.0,2.5,11,0,,3
36477,412,1511,1133,378,2.38,2.52,1511,96,441,692
36480,356,575,510,65,2.87,3.15,575,35,172,338
36481,69,69,57,12,3.84,3.25,69,3,28,29
36482,151,363,319,44,2.9,1.61,363,22,141,178
36483,66,211,179,32,2.7,1.91,211,1,34,145
36502,1460,6053,3871,2182,2.42,2.65,6053,449,1554,2317
36503,,,,0,,,,0,,
36505,11,366,331,35,2.64,1.34,366,17,207,124
36507,855,7121,5390,1731,2.71,2.93,7121,344,2858,2532
36509,178,593,378,215,2.77,2.55,593,50,133,245
36511,263,271,271,0,1.31,,271,0,95,176
36512,,7,7,0,1.86,,7,0,,7
36513,22,104,104,0,2.87,,104,0,7,97
36518,363,785,628,157,3.21,2.31,785,26,301,327
36521,172,1949,1763,186,2.58,3.32,1949,99,1018,745
36522,464,2454,1726,728,2.86,2.83,2454,39,864,862
36523,160,932,675,257,2.84,3.86,932,10,272,403
36524,438,428,355,73,2.83,2.18,428,17,105,250
36525,62,744,574,170,3.12,3.2,744,3,264,310
36526,1118,12682,9214,3468,2.73,2.63,12682,109,6326,2888
36527,653,5926,4316,1610,3.3,1.79,5926,214,3102,1214
36528,1384,773,736,37,2.24,2.54,773,5,300,436
36529,105,86,86,0,2.94,,86,25,30,56
36530,951,2870,2258,612,2.21,2.34,2870,112,1136,1122
36532,2440,13481,11442,2039,2.71,2.21,13481,492,6189,5253
36535,2564,15286,11818,3468,2.4,2.32,15286,176,7162,4656
36538,123,146,106,40,1.97,3.73,146,29,,106
36539,114,203,196,7,2.73,,203,0,84,112
36540,103,257,208,49,3.86,1.24,257,87,12,196
36541,974,5214,4557,657,2.85,3.02,5214,266,2560,1997
36542,10396,7926,5094,2832,2.25,1.85,7926,154,2660,2434
36543,,5,5,0,1.6,,5,0,,5
36544,621,4263,3146,1117,2.89,2.65,4263,368,1366,1780
36545,1218,3151,2275,876,3.06,2.21,3151,389,839,1436
36547,,,,0,,,,0,,
36548,140,319,306,13,3.05,6.46,319,23,140,166
36549,587,2314,1968,346,2.41,2.95,2314,38,837,1131
36550,51,143,101,42,1.57,4.52,143,27,44,57
36551,650,3873,3143,730,3.11,3.07,3873,54,2172,971
36553,452,1007,958,49,3.39,2.37,1007,4,215,743
36555,201,446,403,43,3.18,1.65,446,23,230,173
36556,262,54,54,0,2.46,,54,0,23,31
36558,524,1421,1319,102,2.84,2.21,1421,20,434,885
36559,115,69,69,0,2.17,,69,0,,69
36560,238,1075,800,275,2.82,2.25,1075,153,176,624
36561,11660,4029,2993,1036,2.36,1.65,4029,72,1558,1435
36562,115,532,437,95,2.43,3.27,532,8,173,264
36564,,,,0,,,,0,,
36567,513,5051,3901,1150,2.7,2.84,5051,143,2049,1852
36568,,55,34,21,1.5,2.29,55,0,,34
36569,109,231,225,6,3.08,2.67,231,14,52,173
36571,824,6421,5001,1420,2.67,2.25,6421,220,2998,2003
36572,148,2395,1958,437,2.84,2.56,2395,33,1362,596
36574,141,485,405,80,3.14,3.58,485,43,202,203
36575,534,7610,6227,1383,2.91,2.82,7610,256,4127,2100
36576,280,1701,1381,320,2.48,2.68,1701,22,848,533
36578,104,448,427,21,2.74,2.19,448,0,278,149
36579,525,430,389,41,2.98,2.29,430,9,223,166
36580,434,2072,1743,329,2.92,2.22,2072,88,913,830
36581,33,132,132,0,2.3,,132,0,85,47
36582,1038,9216,7029,2187,2.58,2.79,9216,565,4173,2856
36583,36,304,293,11,2.78,1.73,304,7,66,227
36584,154,272,237,35,1.65,1.63,272,38,16,221
36585,105,297,262,35,3.16,4.8,297,0,53,209
36587,867,3942,3145,797,2.91,3.83,3942,168,1618,1527
36602,155,588,120,468,1.7,1.21,588,133,84,36
36603,1036,2971,1036,1935,2.54,2.2,2971,787,403,633
36604,1167,3825,2146,1679,2.55,2.08,3825,353,1299,847
36605,2133,9965,5125,4840,2.55,2.8,9965,1167,3096,2029
36606,1200,7943,3945,3998,2.28,2.38,7943,800,2594,1351
36607,632,2545,1220,1325,2.58,2.03,2545,382,468,752
36608,2294,15134,7918,7216,2.53,1.99,15134,701,5287,2631
36609,1710,11099,4733,6366,2.44,1.85,11099,920,2987,1746
36610,1622,3671,1637,2034,2.58,2.82,3671,653,304,1333
36611,469,2316,1095,1221,2.71,2.81,2316,115,579,516
36612,311,1414,861,553,2.89,3.1,1414,255,488,373
36613,954,4140,2993,1147,2.76,3.2,4140,130,1800,1193
36615,,,,0,,,,0,,
36617,822,5012,2383,2629,2.45,2.42,5012,542,758,1625
36618,480,6801,4991,1810,2.62,2.77,6801,261,3321,1670
36619,692,5606,3865,1741,2.68,2.83,5606,177,2322,1543
36652,,,,0,,,,0,,
36663,,4,4,0,2.0,,4,4,,4
36688,77,96,,96,,1.65,96,18,,
36693,1170,7609,5314,2295,2.69,2.15,7609,170,3443,1871
36695,1588,19367,13025,6342,2.82,2.46,19367,922,9614,3411
36701,2588,7746,4716,3030,2.85,2.5,7746,700,2185,2531
36703,1163,4756,2676,2080,2.66,2.46,4756,866,795,1881
36720,79,237,196,41,2.91,2.39,237,28,54,142
36722,104,66,45,21,1.69,2.0,66,0,9,36
36723,117,123,113,10,3.81,1.3,123,12,20,93
36726,677,1734,1259,475,2.73,2.86,1734,297,495,764
36727,37,76,76,0,1.42,,76,0,1,75
36728,111,137,113,24,4.56,,137,21,10,103
36732,749,3178,1937,1241,2.26,2.38,3178,422,750,1187
36736,125,424,374,50,4.32,2.22,424,27,69,305
36738,125,284,198,86,4.57,1.35,284,34,76,122
36740,325,361,239,122,3.67,1.7,361,77,29,210
36741,23,,,0,,,,0,,
36742,209,1029,851,178,2.71,3.44,1029,26,171,680
36744,876,2194,1468,726,2.64,2.32,2194,227,509,959
36748,481,893,639,254,2.47,3.22,893,63,241,398
36749,110,297,180,117,2.56,1.93,297,62,29,151
36750,188,844,723,121,2.8,2.43,844,15,324,399
36751,112,136,119,17,4.17,2.47,136,20,36,83
36752,175,498,464,34,2.11,,498,41,195,269
36753,7,27,27,0,,,27,0,,27
36754,10,136,110,26,4.95,1.92,136,23,28,82
36756,579,1490,1049,441,3.14,2.45,1490,84,321,728
36758,90,453,396,57,3.02,3.0,453,0,166,230
36759,211,716,596,120,2.88,3.25,716,17,167,429
36761,188,303,201,102,2.03,2.32,303,57,11,190
36763,31,38,35,3,3.51,,38,1,3,32
36764,,,,0,,,,0,,
36765,83,513,471,42,2.99,3.43,513,51,96,375
36766,14,16,11,5,1.73,,16,5,,11
36767,344,371,302,69,4.23,1.55,371,56,67,235
36768,217,325,232,93,2.96,3.22,325,19,41,191
36769,316,829,661,168,2.2,3.46,829,114,174,487
36773,102,99,55,44,1.58,4.61,99,6,14,41
36775,179,584,379,205,2.75,1.35,584,139,102,277
36776,292,569,442,127,3.81,2.39,569,56,85,357
36782,380,776,699,77,2.6,4.21,776,22,197,502
36783,238,324,207,117,2.31,1.97,324,34,66,141
36784,992,2040,1294,746,3.45,1.98,2040,126,577,717
36785,164,426,322,104,2.38,1.45,426,32,219,103
36786,368,981,668,313,2.22,2.91,981,217,101,567
36790,38,238,178,60,2.15,3.28,238,29,48,130
36792,284,469,395,74,2.8,1.91,469,0,95,300
36793,74,191,143,48,3.22,4.56,191,0,67,76
36801,1186,9454,6208,3246,2.49,2.33,9454,1064,3552,2656
36804,865,6961,5698,1263,2.77,2.77,6961,51,3504,2194
36830,3027,19492,10485,9007,2.76,2.08,19492,766,6706,3779
36832,3258,10248,4895,5353,2.8,2.46,10248,519,3002,1893
36849,,,,0,,,,0,,
36850,356,1117,888,229,2.43,2.72,1117,141,292,596
36851,,,,0,,,,0,,
36852,200,761,542,219,3.68,3.96,761,37,318,224
36853,2589,3238,2582,656,2.46,2.37,3238,248,1213,1369
36854,1523,6201,4085,2116,2.68,2.44,6201,355,2310,1775
36855,90,561,487,74,2.16,3.39,561,15,248,239
36856,160,2737,2492,245,3.15,3.02,2737,33,1679,813
36858,17,224,213,11,2.03,3.64,224,51,83,130
36860,251,775,560,215,2.32,2.58,775,64,117,443
36861,812,1218,1143,75,2.36,1.65,1218,57,586,557
36862,543,2115,1516,599,2.31,2.68,2115,251,561,955
36863,1277,4549,3140,1409,2.76,2.55,4549,352,1476,1664
36865,6,13,7,6,3.86,2.5,13,0,7,
36866,278,1670,1264,406,2.26,3.16,1670,35,527,737
36867,1532,8852,4070,4782,2.41,2.37,8852,854,2244,1826
36869,1458,8732,5284,3448,2.5,2.48,8732,680,3109,2175
36870,767,7254,5429,1825,2.65,2.85,7254,215,3624,1805
36871,241,435,392,43,2.55,2.0,435,9,137,255
36874,693,3487,3191,296,2.78,2.1,3487,34,1632,1559
36875,197,1445,1134,311,2.74,2.01,1445,93,529,605
36877,459,4020,3090,930,3.2,3.24,4020,133,1977,1113
36879,134,826,685,141,3.22,2.69,826,1,509,176
36901,23,34,34,0,2.18,,34,0,,34
36904,559,1582,1241,341,2.24,2.77,1582,98,572,669
36907,310,794,678,116,2.23,2.51,794,21,119,559
36908,386,682,594,88,2.46,3.98,682,46,196,398
36910,,6,6,0,2.33,,6,0,6,
36912,309,640,543,97,2.42,4.88,640,20,156,387
36913,,23,23,0,2.17,,23,0,,23
36915,90,290,227,63,2.78,1.76,290,7,83,144
36916,99,307,245,62,2.6,2.15,307,27,25,220
36919,226,700,584,116,2.5,2.28,700,29,102,482
36921,80,641,566,75,1.5,1.61,641,97,124,442
36922,167,205,178,27,3.22,5.56,205,12,20,158
36925,344,1337,802,535,2.17,1.89,1337,168,295,507
37010,207,1821,1721,100,2.92,3.81,1821,76,1135,586
37012,139,872,690,182,2.46,2.1,872,81,392,298
37013,2326,35483,19926,15557,3.0,2.71,35483,1110,16362,3564
37014,32,1220,1196,24,2.43,2.08,1220,0,594,602
37015,855,7047,5260,1787,2.62,2.71,7047,175,3254,2006
37016,21,409,345,64,2.26,2.28,409,1,179,166
37018,253,750,609,141,3.14,4.09,750,0,286,323
37019,49,266,159,107,2.57,3.55,266,0,92,67
37020,68,1974,1847,127,2.61,2.5,1974,1,1275,572
37022,224,2281,1995,286,2.78,3.35,2281,114,1167,828
37023,65,529,370,159,2.55,2.76,529,16,179,191
37025,412,1902,1797,105,2.71,2.06,1902,86,999,798
37026,65,965,826,139,2.54,2.34,965,64,328,498
37027,782,21914,18115,3799,2.9,2.12,21914,270,11742,6373
37028,109,194,180,14,1.82,,194,0,77,103
37029,237,2451,2295,156,2.84,2.51,2451,30,1406,889
37030,233,3099,2183,916,2.48,2.43,3099,172,1040,1143
37031,105,1645,1500,145,2.54,2.18,1645,10,968,532
37032,232,1732,1377,355,3.0,3.1,1732,21,1004,373
37033,706,3046,2124,922,2.43,2.88,3046,175,1105,1019
37034,301,2915,2356,559,2.64,2.36,2915,18,1552,804
37035,39,1433,1294,139,2.45,2.78,1433,32,787,507
37036,476,2055,1807,248,2.94,2.96,2055,81,788,1019
37037,395,2672,2475,197,3.27,3.62,2672,66,1946,529
37040,2112,21037,12468,8569,2.85,2.45,21037,1130,8909,3559
37042,2942,30082,16816,13266,2.84,2.64,30082,1169,13426,3390
37043,1232,18988,13498,5490,2.89,2.22,18988,528,9217,4281
37046,116,2180,2026,154,2.72,2.79,2180,12,1227,799
37047,175,836,665,171,2.51,3.53,836,9,331,334
37048,186,2374,2067,307,2.86,2.69,2374,49,1191,876
37049,50,1383,1137,246,2.87,2.56,1383,44,701,436
37050,219,623,506,117,2.79,3.4,623,38,200,306
37051,329,1431,1213,218,2.37,4.61,1431,16,665,548
37052,83,844,818,26,1.96,3.35,844,36,284,534
37055,1157,10449,7625,2824,2.71,2.6,10449,346,4292,3333
37057,126,320,220,100,1.97,2.81,320,27,7,213
37058,1070,2825,2263,562,2.66,2.64,2825,194,954,1309
37059,44,588,395,193,2.16,3.17,588,28,124,271
37060,226,963,854,109,2.82,2.42,963,26,578,276
37061,462,1625,1203,422,3.18,3.14,1625,121,575,628
37062,144,4778,3805,973,2.71,2.6,4778,118,2460,1345
37064,1110,22401,17698,4703,2.8,2.39,22401,891,12811,4887
37066,1716,22478,15345,7133,2.54,2.46,22478,788,9950,5395
37067,460,12896,7215,5681,2.94,1.94,12896,405,5007,2208
37069,217,7019,6173,846,2.87,3.17,7019,67,3988,2185
37072,787,13324,9090,4234,2.52,2.13,13324,452,5726,3364
37073,216,4974,4242,732,2.8,3.25,4974,52,2731,1511
37074,273,2936,2256,680,2.77,3.31,2936,69,1447,809
37075,1461,26699,19774,6925,2.73,2.4,26699,606,14168,5606
37076,1521,16614,9569,7045,2.48,2.09,16614,479,6632,2937
37078,144,171,122,49,2.07,4.24,171,0,57,65
37079,282,1018,811,207,2.62,3.73,1018,0,290,521
37080,245,3001,2423,578,2.27,2.76,3001,50,1233,1190
37082,33,2222,1803,419,2.55,2.63,2222,80,1185,618
37083,617,5851,4276,1575,2.58,2.55,5851,121,2517,1759
37085,279,1909,1735,174,2.76,2.17,1909,59,1172,563
37086,708,12593,9111,3482,2.79,3.23,12593,226,7088,2023
37087,1384,18754,13078,5676,2.7,2.48,18754,877,8264,4814
37090,464,5959,4204,1755,2.79,2.36,5959,166,2499,1705
37091,991,8597,6084,2513,2.67,2.58,8597,379,2735,3349
37095,174,953,656,297,2.71,2.54,953,58,288,368
37096,1192,2126,1663,463,2.67,2.96,2126,104,484,1179
37097,468,757,572,185,2.48,2.45,757,17,213,359
37098,108,2170,1553,617,3.04,2.73,2170,41,738,815
37101,454,2171,1859,312,3.15,2.72,2171,95,983,876
37110,1879,12962,8864,4098,2.56,2.38,12962,771,3955,4909
37115,1496,17142,7500,9642,2.4,2.39,17142,2042,5148,2352
37118,,449,449,0,2.4,,449,32,195,254
37122,1932,22563,18665,3898,2.79,2.69,22563,342,12999,5666
37127,360,6901,5461,1440,2.9,2.96,6901,138,3868,1593
37128,1349,24552,16535,8017,3.02,2.41,24552,329,12866,3669
37129,1713,20894,14503,6391,2.94,2.46,20894,396,10223,4280
37130,2787,22855,10178,12677,2.65,2.49,22855,1114,6591,3587
37132,,,,0,,,,0,,
37134,354,1004,787,217,2.83,4.27,1004,41,378,409
37135,228,6566,6172,394,3.23,3.09,6566,94,5010,1162
37137,221,1136,1004,132,2.13,1.89,1136,33,471,533
37138,427,9527,7563,1964,2.5,2.72,9527,307,5288,2275
37140,73,83,82,1,2.94,2.0,83,0,32,50
37141,36,494,449,45,2.57,2.24,494,18,173,276
37142,174,711,602,109,2.78,2.47,711,0,234,368
37143,107,1443,1245,198,2.63,2.91,1443,9,857,388
37144,122,1296,1164,132,2.66,2.35,1296,21,569,595
37145,148,1013,866,147,2.63,2.68,1013,37,372,494
37146,91,2866,2394,472,2.58,2.94,2866,61,1815,579
37148,644,8820,6345,2475,2.85,2.69,8820,271,4332,2013
37149,123,920,822,98,2.36,1.69,920,9,447,375
37150,520,1693,1187,506,2.29,3.47,1693,113,450,737
37151,61,238,169,69,2.11,1.12,238,37,115,54
37153,107,1845,1617,228,2.81,3.54,1845,10,940,677
37160,1050,12616,7963,4653,2.63,2.98,12616,723,4895,3068
37165,3,26,18,8,2.89,,26,8,11,7
37166,1100,5676,3713,1963,2.44,2.43,5676,452,2118,1595
37167,1117,21585,12965,8620,2.89,2.63,21585,573,9685,3280
37171,,358,304,54,3.53,5.19,358,0,163,141
37172,753,11514,7788,3726,2.45,3.01,11514,515,4889,2899
37174,821,16722,12575,4147,2.82,2.58,16722,358,9837,2738
37175,385,341,300,41,2.06,1.88,341,4,122,178
37178,195,835,744,91,2.41,1.89,835,0,338,406
37179,179,5088,4339,749,3.23,2.92,5088,76,3234,1105
37180,16,1454,1185,269,2.95,2.95,1454,32,733,452
37181,151,678,562,116,2.46,2.54,678,13,228,334
37183,232,1311,1185,126,2.42,2.19,1311,26,676,509
37184,132,2638,2049,589,2.65,2.55,2638,9,1124,925
37185,1287,3392,2583,809,2.46,2.72,3392,53,1153,1430
37186,560,3651,2512,1139,2.94,2.84,3651,188,1306,1206
37187,431,2962,2198,764,2.72,2.3,2962,98,1390,808
37188,36,6288,4974,1314,2.73,2.13,6288,113,3857,1117
37189,129,1655,1317,338,2.45,3.08,1655,85,943,374
37190,446,3416,2558,858,2.53,2.42,3416,161,1217,1341
37191,278,1525,1361,164,2.89,1.96,1525,21,1105,256
37201,795,857,404,453,1.8,1.11,857,95,122,282
37203,3148,10819,2110,8709,1.76,1.53,10819,1473,1429,681
37204,939,6632,3678,2954,2.51,2.03,6632,275,2503,1175
37205,955,11588,7917,3671,2.31,1.8,11588,784,4442,3475
37206,1269,12176,6092,6084,2.36,2.24,12176,1253,4969,1123
37207,1397,15745,9064,6681,2.57,2.58,15745,1312,6330,2734
37208,1433,8114,2615,5499,2.13,2.04,8114,1275,1857,758
37209,1716,17410,7685,9725,2.17,2.0,17410,1281,5607,2078
37210,1178,7154,1882,5272,2.26,2.13,7154,1460,1130,752
37211,3298,29394,14194,15200,2.53,2.44,29394,1551,9740,4454
37212,1212,6896,2888,4008,2.44,1.82,6896,598,1876,1012
37213,,24,,24,,,24,0,,
37214,875,14203,8752,5451,2.1,2.32,14203,333,6227,2525
37215,1077,10345,8026,2319,2.34,1.65,10345,356,4988,3038
37216,835,8572,6143,2429,2.26,2.16,8572,251,4720,1423
37217,1477,12416,5893,6523,2.53,2.48,12416,801,4327,1566
37218,544,5877,3815,2062,2.43,2.32,5877,618,2502,1313
37219,562,991,253,738,1.34,1.45,991,30,114,139
37220,154,2456,2297,159,2.68,2.04,2456,36,1357,940
37221,1163,18388,13375,5013,2.35,2.14,18388,291,8712,4663
37228,104,1249,,1249,,1.25,1249,374,,
37232,,,,0,,,,0,,
37238,,,,0,,,,0,,
37301,121,376,324,52,2.48,2.33,376,25,95,229
37302,136,1885,1369,516,2.83,2.3,1885,123,901,468
37303,1199,9900,6711,3189,2.54,2.08,9900,461,3685,3026
37305,167,385,383,2,2.69,4.0,385,14,184,199
37306,267,892,793,99,2.57,1.92,892,59,428,365
37307,243,1882,1537,345,2.79,1.82,1882,55,957,580
37308,212,1010,838,172,2.35,2.68,1010,9,475,363
37309,70,853,641,212,2.35,3.04,853,12,321,320
37310,225,1430,1141,289,2.38,2.17,1430,12,765,376
37311,1295,11117,4964,6153,2.42,2.51,11117,967,2792,2172
37312,911,13706,9475,4231,2.63,2.53,13706,383,5592,3883
37313,158,522,440,82,2.3,2.57,522,5,184,256
37315,,,,0,,,,0,,
37316,,,,0,,,,0,,
37317,214,1217,892,325,2.3,2.08,1217,168,443,449
37318,108,714,432,282,2.55,2.57,714,74,149,283
37321,1049,7634,5366,2268,2.54,2.73,7634,486,2587,2779
37322,308,3304,2482,822,2.47,2.59,3304,157,1092,1390
37323,861,12005,9578,2427,2.62,2.47,12005,539,5370,4208
37324,333,2255,1251,1004,2.4,2.15,2255,193,581,670
37325,158,730,616,114,2.28,2.53,730,52,265,351
37326,53,245,98,147,2.48,1.15,245,90,61,37
37327,739,4441,3353,1088,2.59,2.68,4441,200,1492,1861
37328,98,567,521,46,2.18,3.22,567,0,197,324
37329,216,2561,2130,431,2.38,2.65,2561,104,1169,961
37330,485,2813,2368,445,2.2,3.39,2813,31,1474,894
37331,767,2807,2165,642,2.26,2.83,2807,64,1172,993
37332,111,952,844,108,2.27,2.99,952,22,447,397
37333,43,231,172,59,2.37,1.78,231,0,32,140
37334,848,9380,6736,2644,2.63,2.27,9380,696,3641,3095
37335,290,1071,954,117,2.49,2.04,1071,57,458,496
37336,201,1883,1737,146,2.8,2.32,1883,38,884,853
37337,248,402,359,43,1.92,1.21,402,0,85,274
37338,152,1077,833,244,2.88,2.19,1077,44,394,439
37339,186,540,464,76,2.95,4.12,540,12,171,293
37340,,207,158,49,1.64,5.2,207,0,,158
37341,372,5216,4265,951,2.6,2.1,5216,71,2726,1539
37342,127,1460,1129,331,2.57,3.08,1460,52,481,648
37343,1284,16815,12807,4008,2.56,2.11,16815,642,7769,5038
37345,60,969,774,195,2.7,2.54,969,56,332,442
37347,307,3464,2774,690,2.32,2.43,3464,76,1136,1638
37348,122,312,252,60,2.42,1.35,312,18,101,151
37350,63,770,735,35,2.72,2.09,770,18,411,324
37351,54,150,120,30,1.99,1.7,150,14,71,49
37352,352,1211,994,217,2.49,2.83,1211,61,497,497
37353,130,2033,1670,363,2.57,1.98,2033,112,817,853
37354,735,6959,5085,1874,2.53,2.21,6959,300,2244,2841
37355,1034,10981,7390,3591,2.59,2.49,10981,254,3663,3727
37356,398,1040,680,360,2.66,2.45,1040,67,279,401
37357,299,2011,1665,346,2.82,2.57,2011,81,748,917
37359,91,436,391,45,2.54,2.04,436,31,172,219
37360,48,714,547,167,2.89,2.06,714,11,310,237
37361,285,760,584,176,2.28,2.15,760,17,203,381
37362,201,1351,1078,273,2.7,1.96,1351,100,395,683
37363,861,14878,11247,3631,2.76,2.24,14878,394,6816,4431
37365,106,536,470,66,3.46,3.17,536,39,179,291
37366,85,425,368,57,2.19,2.96,425,0,203,165
37367,684,3907,3090,817,2.58,3.2,3907,223,1383,1707
37369,202,178,164,14,2.85,1.29,178,9,38,126
37370,224,2124,1783,341,2.58,2.69,2124,16,969,814
37373,58,1119,982,137,3.0,1.59,1119,52,528,454
37374,72,666,543,123,2.76,2.28,666,11,296,247
37375,244,1053,844,209,2.22,2.65,1053,7,378,466
37376,55,216,105,111,2.38,,216,131,30,75
37377,436,6159,5368,791,2.69,2.11,6159,149,3157,2211
37379,1007,10781,8850,1931,2.66,2.09,10781,287,4742,4108
37380,296,2444,1637,807,2.57,2.41,2444,154,954,683
37381,1124,3959,3129,830,2.52,2.23,3959,222,1334,1795
37383,,,,0,,,,0,,
37385,1068,3070,2580,490,2.83,2.62,3070,67,1087,1493
37387,295,1453,1201,252,2.83,2.04,1453,133,670,531
37388,972,10692,7352,3340,2.51,2.34,10692,522,4152,3200
37391,248,636,473,163,2.78,2.7,636,28,155,318
37394,20,51,47,4,2.02,,51,4,16,31
37396,27,110,98,12,2.22,2.83,110,9,64,34
37397,683,4004,3043,961,2.54,2.27,4004,248,1486,1557
37398,1198,6150,4465,1685,2.52,2.34,6150,299,2352,2113
37402,609,2421,136,2285,2.12,1.53,2421,996,115,21
37403,321,1801,415,1386,1.82,1.69,1801,221,294,121
37404,1017,5123,2527,2596,2.3,2.66,5123,485,1411,1116
37405,1073,8857,4228,4629,2.28,1.83,8857,785,2958,1270
37406,578,5480,2531,2949,2.38,2.42,5480,914,1253,1278
37407,382,3168,1027,2141,2.68,3.46,3168,515,361,666
37408,280,1054,348,706,2.26,1.85,1054,97,212,136
37409,205,1535,1014,521,2.16,2.26,1535,57,769,245
37410,467,1494,425,1069,1.8,2.36,1494,407,235,190
37411,936,7682,4400,3282,2.47,2.26,7682,902,2892,1508
37412,574,9774,5924,3850,2.21,2.25,9774,493,4026,1898
37415,1112,10712,6544,4168,2.26,1.87,10712,263,3856,2688
37416,328,6142,3614,2528,2.55,2.17,6142,124,2354,1260
37419,366,2600,2068,532,2.32,2.51,2600,115,1052,1016
37421,1773,21863,12452,9411,2.49,2.2,21863,774,8000,4452
37450,,,,0,,,,0,,
37601,1842,16115,8658,7457,2.31,2.17,16115,1187,4597,4061
37604,1861,16739,8285,8454,2.43,1.92,16739,1439,4928,3357
37614,,,,0,,,,0,,
37615,791,9211,6953,2258,2.47,2.07,9211,215,3858,3095
37616,334,1982,1461,521,2.76,1.56,1982,183,856,605
37617,543,5549,4736,813,2.5,2.19,5549,162,2488,2248
37618,662,5231,3948,1283,2.4,2.78,5231,183,1887,2061
37620,2079,16327,11543,4784,2.36,2.16,16327,784,5780,5763
37640,907,1518,1166,352,2.17,2.14,1518,69,522,644
37641,501,4014,3217,797,2.33,2.7,4014,161,1479,1738
37642,1066,6194,4773,1421,2.44,2.21,6194,197,2385,2388
37643,2088,13970,9934,4036,2.4,2.24,13970,921,4660,5274
37645,99,2251,1922,329,2.53,1.81,2251,96,1108,814
37650,873,5393,4193,1200,2.4,2.08,5393,332,1895,2298
37656,189,1484,1269,215,2.42,1.65,1484,93,603,666
37657,144,349,280,69,2.26,3.67,349,13,95,185
37658,322,1550,1271,279,2.46,2.71,1550,101,472,799
37659,1088,11463,9380,2083,2.4,2.34,11463,428,5697,3683
37660,2774,17343,10781,6562,2.24,2.15,17343,1500,5135,5646
37663,448,6070,5067,1003,2.31,2.19,6070,141,2949,2118
37664,1245,12553,8893,3660,2.39,1.92,12553,899,4742,4151
37665,429,2180,1324,856,2.27,2.31,2180,120,838,486
37680,28,197,163,34,1.89,2.06,197,14,14,149
37681,311,2495,2078,417,2.54,1.68,2495,120,876,1202
37682,,31,31,0,3.03,,31,0,,31
37683,1083,4969,3991,978,2.44,2.33,4969,229,1608,2383
37686,405,3148,2539,609,2.89,2.15,3148,75,1464,1075
37687,645,1777,1563,214,2.48,2.08,1777,119,543,1020
37688,158,485,442,43,1.98,1.35,485,6,173,269
37690,94,1966,1693,273,2.63,2.63,1966,32,1165,528
37691,118,221,95,126,2.07,2.83,221,41,21,74
37692,141,2124,1393,731,2.6,1.8,2124,125,492,901
37694,159,888,758,130,2.3,2.55,888,62,363,395
37701,568,3398,2263,1135,2.39,2.62,3398,128,1325,938
37705,667,1733,1386,347,2.91,2.8,1733,39,954,432
37708,837,2633,1956,677,2.58,2.13,2633,169,901,1055
37709,102,1479,1125,354,2.49,3.24,1479,48,553,572
37710,48,421,395,26,2.64,3.27,421,7,178,217
37711,438,2053,1738,315,2.54,2.78,2053,42,705,1033
37713,96,533,425,108,2.59,2.87,533,29,223,202
37714,515,1648,1231,417,2.6,2.69,1648,24,431,800
37715,76,331,296,35,2.55,2.14,331,14,36,260
37716,1085,10468,7357,3111,2.55,2.29,10468,496,3655,3702
37719,43,23,19,4,1.37,9.0,23,11,8,11
37721,325,5595,4813,782,2.57,2.31,5595,78,3020,1793
37722,780,2645,2137,508,2.58,2.65,2645,127,808,1329
37723,159,563,474,89,2.11,1.73,563,11,170,304
37724,138,1189,661,528,2.21,1.69,1189,40,268,393
37725,1739,6442,5141,1301,2.74,2.62,6442,87,3030,2111
37726,193,654,557,97,3.01,2.13,654,19,152,405
37727,207,859,729,130,2.67,2.22,859,50,223,506
37729,101,553,455,98,2.98,3.24,553,29,116,339
37730,,20,20,0,2.25,,20,0,5,15
37731,247,226,204,22,2.49,5.09,226,0,35,169
37732,,17,17,0,2.24,,17,0,,17
37733,11,,,0,,,,0,,
37737,455,2547,2163,384,2.35,3.01,2547,32,1237,926
37738,5003,1910,1411,499,2.41,2.8,1910,50,765,646
37742,424,2391,2167,224,2.54,3.55,2391,21,1446,721
37743,1574,9727,7572,2155,2.43,2.61,9727,305,3688,3884
37745,1303,7390,5176,2214,2.48,2.42,7390,429,2891,2285
37748,1374,7014,5036,1978,2.37,2.09,7014,711,2536,2500
37752,268,2384,1709,675,2.33,2.01,2384,99,616,1093
37753,109,372,232,140,2.63,3.07,372,0,30,202
37754,347,1432,1233,199,2.55,2.03,1432,103,606,627
37755,154,1144,830,314,2.43,2.37,1144,54,389,441
37756,235,1286,854,432,2.54,1.91,1286,61,243,611
37757,698,4033,2841,1192,2.46,2.21,4033,229,1868,973
37760,716,4823,3041,1782,2.7,2.5,4823,206,1784,1257
37762,231,1098,620,478,2.58,1.84,1098,164,338,282
37763,906,6645,5355,1290,2.36,2.51,6645,154,2629,2726
37764,415,3763,2927,836,2.58,2.98,3763,175,1535,1392
37765,125,253,244,9,2.57,8.44,253,8,69,175
37766,2405,7144,4285,2859,2.27,2.61,7144,486,2172,2113
37769,435,2254,1615,639,2.43,2.41,2254,82,859,756
37770,167,1263,1119,144,2.31,1.53,1263,63,453,666
37771,414,6818,4758,2060,2.55,2.71,6818,206,2596,2162
37772,485,5308,4538,770,2.44,2.77,5308,118,2765,1773
37774,1102,8300,7219,1081,2.2,2.66,8300,455,3632,3587
37777,586,5227,3477,1750,2.46,2.55,5227,111,1933,1544
37779,216,1331,1085,246,2.49,3.27,1331,66,407,678
37801,1079,11147,7856,3291,2.61,2.19,11147,539,4659,3197
37803,1164,13025,10563,2462,2.48,2.52,13025,410,5742,4821
37804,754,9669,7335,2334,2.61,2.69,9669,297,4565,2770
37806,236,1279,834,445,2.21,2.96,1279,41,390,444
37807,749,4090,3052,1038,2.69,2.85,4090,160,1521,1531
37809,93,831,545,286,2.43,2.98,831,42,208,337
37810,237,614,485,129,3.05,3.29,614,9,212,273
37811,401,1723,1498,225,2.39,2.79,1723,21,720,778
37813,932,6614,4498,2116,2.68,2.56,6614,276,2317,2181
37814,1631,13298,8247,5051,2.6,2.35,13298,867,4438,3809
37818,432,2156,1730,426,2.56,2.22,2156,72,740,990
37819,13,241,148,93,3.03,2.14,241,8,65,83
37820,511,2804,2277,527,2.59,2.48,2804,40,1180,1097
37821,2045,8641,5668,2973,2.43,2.56,8641,451,2304,3364
37825,501,3831,2662,1169,2.36,1.9,3831,326,1369,1293
37826,103,1851,1552,299,2.34,2.56,1851,69,677,875
37828,49,778,642,136,1.98,1.46,778,14,352,290
37829,232,630,522,108,2.71,4.5,630,29,368,154
37830,2091,13056,8224,4832,2.45,2.31,13056,649,4419,3805
37840,140,3943,2837,1106,2.71,2.52,3943,113,1464,1373
37841,489,3707,2603,1104,2.78,2.08,3707,213,1298,1305
37843,258,1813,1462,351,2.23,2.85,1813,24,637,825
37845,87,112,79,33,1.71,7.24,112,0,25,54
37846,345,1489,1144,345,2.81,2.72,1489,28,510,634
37847,92,1030,856,174,2.8,2.87,1030,32,307,549
37848,63,47,39,8,1.82,,47,8,30,9
37849,336,10828,8621,2207,2.74,2.22,10828,354,5227,3394
37851,11,,,0,,,,0,,
37852,273,1171,963,208,2.46,3.42,1171,50,487,476
37853,184,1386,1017,369,2.45,2.17,1386,71,446,571
37854,1018,4741,3482,1259,2.62,2.33,4741,256,1514,1968
37857,1546,7685,5738,1947,2.57,2.69,7685,343,2701,3037
37860,,1556,1066,490,2.64,2.35,1556,88,604,462
37861,901,3431,2635,796,2.27,2.64,3431,292,1267,1368
37862,4768,8787,5291,3496,2.42,2.67,8787,299,2892,2399
37863,3215,2379,1214,1165,2.37,3.04,2379,66,540,674
37865,975,8987,7375,1612,2.75,2.73,8987,138,4859,2516
37866,492,661,583,78,2.29,3.83,661,23,304,279
37869,500,1929,1421,508,2.23,2.38,1929,175,515,906
37870,565,1857,1506,351,2.25,2.26,1857,147,551,955
37871,349,3506,2363,1143,2.5,2.79,3506,60,1236,1127
37872,226,648,539,109,2.96,3.51,648,15,286,253
37873,400,1738,1378,360,2.49,2.37,1738,114,444,934
37874,611,6338,3924,2414,2.6,2.11,6338,492,2083,1841
37876,5103,12376,9622,2754,2.59,2.67,12376,497,4984,4638
37877,537,3403,2909,494,2.71,2.1,3403,24,1679,1230
37878,161,173,155,18,2.49,,173,0,59,96
37879,613,4784,3550,1234,2.32,2.57,4784,284,1609,1941
37880,727,1546,1237,309,2.66,2.07,1546,59,545,692
37881,254,779,654,125,2.38,2.5,779,24,241,413
37882,1259,1306,1041,265,2.19,2.14,1306,38,503,538
37885,365,2591,2067,524,2.25,2.49,2591,59,818,1249
37886,325,1529,1201,328,2.96,3.44,1529,46,674,527
37887,193,1900,1462,438,2.31,2.89,1900,61,673,789
37888,349,1297,1092,205,2.79,1.86,1297,116,213,879
37890,352,3058,2474,584,2.53,2.5,3058,111,967,1507
37891,159,1402,1183,219,2.37,3.62,1402,44,549,634
37892,136,834,655,179,2.35,2.97,834,17,256,399
37902,305,1534,298,1236,1.87,1.26,1534,367,213,85
37909,333,7560,3281,4279,2.28,1.95,7560,628,2214,1067
37912,1192,9766,5031,4735,2.18,2.27,9766,447,3075,1956
37914,1121,8737,5845,2892,2.25,2.49,8737,738,3504,2341
37915,725,2739,591,2148,1.96,1.86,2739,1159,232,359
37916,453,2992,111,2881,2.86,2.7,2992,217,41,70
37917,1708,12255,6068,6187,2.11,1.92,12255,1566,3916,2152
37918,1442,18524,12384,6140,2.52,2.2,18524,740,7772,4612
37919,1491,13356,7549,5807,2.43,1.94,13356,996,4394,3155
37920,2303,17461,10394,7067,2.4,2.29,17461,904,5809,4585
37921,1219,10972,6879,4093,2.61,2.52,10972,771,4545,2334
37922,743,14245,11995,2250,2.82,2.33,14245,254,7999,3996
37923,1235,13054,7858,5196,2.56,2.26,13054,400,4957,2901
37924,420,5234,3968,1266,2.65,2.22,5234,209,2541,1427
37929,,,,0,,,,0,,
37931,536,11904,8306,3598,2.68,2.02,11904,374,5293,3013
37932,598,7405,5431,1974,2.87,2.06,7405,160,3891,1540
37934,262,10570,9070,1500,2.61,2.33,10570,247,5759,3311
37938,401,6660,5937,723,2.58,2.36,6660,190,3568,2369
38001,212,1696,1121,575,2.53,2.54,1696,126,490,631
38002,269,14555,12262,2293,3.02,2.6,14555,367,9180,3082
38004,177,4047,3418,629,2.76,2.95,4047,33,2564,854
38006,177,1893,1185,708,2.81,2.57,1893,137,508,677
38007,,6,6,0,2.17,,6,0,6,
38008,531,3652,2297,1355,2.31,2.16,3652,320,1236,1061
38011,290,3338,2619,719,2.95,2.69,3338,91,1584,1035
38012,796,5234,2807,2427,2.47,2.49,5234,604,1491,1316
38015,121,892,748,144,2.45,2.79,892,35,387,361
38016,1771,18536,10634,7902,2.66,2.12,18536,577,8645,1989
38017,764,19699,15531,4168,2.93,2.28,19699,328,11268,4263
38018,552,14134,8681,5453,2.68,2.79,14134,287,6416,2265
38019,502,5881,3516,2365,2.58,2.5,5881,533,1981,1535
38021,,5,5,0,2.4,,5,0,5,
38023,163,1918,1454,464,2.81,3.3,1918,101,824,630
38024,1059,10532,6465,4067,2.48,2.4,10532,749,2984,3481
38028,122,2876,2754,122,2.7,2.75,2876,6,1704,1050
38029,,15,15,0,1.93,,15,0,,15
38030,37,139,54,85,3.56,2.38,139,8,38,16
38034,259,1328,1090,238,2.46,2.55,1328,55,435,655
38036,18,70,40,30,2.13,1.73,70,25,21,19
38037,96,521,352,169,2.33,2.26,521,39,164,188
38039,221,605,471,134,2.78,2.59,605,4,221,250
38040,274,2095,1180,915,2.24,2.31,2095,187,546,634
38041,293,1038,637,401,2.23,2.47,1038,90,228,409
38042,49,303,208,95,1.94,1.86,303,9,80,128
38044,184,231,185,46,2.17,2.85,231,22,52,133
38046,,5,5,0,1.6,,5,0,4,1
38047,22,60,12,48,1.83,4.79,60,0,12,
38049,324,1458,1087,371,2.61,2.44,1458,50,663,424
38050,32,255,149,106,1.95,2.05,255,19,57,92
38052,227,1633,1255,378,2.49,1.92,1633,97,578,677
38053,1179,9687,6552,3135,2.51,3.06,9687,381,3627,2925
38054,,,,0,,,,0,,
38057,301,1383,1087,296,2.51,2.25,1383,63,488,599
38058,382,3778,3062,716,2.81,2.68,3778,20,2080,982
38059,328,3016,2031,985,2.55,2.77,3016,104,1076,955
38060,175,4183,3637,546,2.58,2.53,4183,208,2497,1140
38061,151,432,387,45,2.9,2.58,432,0,121,266
38063,1088,6036,3611,2425,2.55,2.74,6036,518,1867,1744
38066,90,1219,1126,93,2.44,1.96,1219,78,627,499
38067,178,711,608,103,2.15,1.96,711,18,213,395
38068,406,4043,2699,1344,2.71,2.71,4043,236,1624,1075
38069,292,1147,832,315,2.63,2.08,1147,106,313,519
38070,,70,70,0,1.13,,70,0,61,9
38075,219,1551,1118,433,2.33,2.4,1551,117,579,539
38076,8,355,293,62,2.62,2.73,355,16,205,88
38077,,21,21,0,1.76,,21,0,21,
38079,322,1242,648,594,1.8,1.99,1242,176,232,416
38080,135,964,547,417,2.41,2.86,964,104,303,244
38103,938,7594,2504,5090,1.91,1.4,7594,529,1748,756
38104,1742,12667,4630,8037,2.07,1.55,12667,1822,3037,1593
38105,739,3157,338,2819,2.37,1.57,3157,846,199,139
38106,2622,9414,4075,5339,2.65,2.4,9414,1868,1199,2876
38107,1540,6481,2624,3857,2.55,2.1,6481,1084,1514,1110
38108,1598,6634,2960,3674,2.45,2.71,6634,1326,1023,1937
38109,2757,16268,8996,7272,2.61,2.92,16268,2131,3988,5008
38111,2467,17364,8088,9276,2.28,2.3,17364,2833,4696,3392
38112,1068,6639,3317,3322,2.27,2.18,6639,1117,1714,1603
38113,,,,0,,,,0,,
38114,2676,9791,4519,5272,2.27,2.33,9791,1530,1675,2844
38115,2755,16352,3879,12473,2.31,2.3,16352,1789,2855,1024
38116,3392,15105,6724,8381,2.59,2.75,15105,1363,3674,3050
38117,770,11425,9050,2375,2.33,2.27,11425,343,5703,3347
38118,3199,12665,5388,7277,2.79,3.24,12665,1114,3364,2024
38119,706,9996,5789,4207,2.53,2.14,9996,225,3911,1878
38120,552,6237,4781,1456,2.56,1.68,6237,160,2585,2196
38122,1420,8511,4360,4151,2.55,2.86,8511,660,2440,1920
38125,830,14997,8734,6263,3.07,2.52,14997,285,7408,1326
38126,433,2421,300,2121,2.86,2.06,2421,847,97,203
38127,4052,13935,6700,7235,2.65,3.16,13935,1682,3846,2854
38128,2774,15599,6325,9274,2.91,2.84,15599,1850,4110,2215
38131,,,,0,,,,0,,
38132,,,,0,,,,0,,
38133,206,7764,5548,2216,2.86,2.5,7764,177,3654,1894
38134,1007,14616,7293,7323,2.89,2.56,14616,670,4744,2549
38135,340,10695,8714,1981,2.84,2.73,10695,418,6180,2534
38138,519,10049,8240,1809,2.67,1.86,10049,611,5643,2597
38139,109,5742,5533,209,2.83,2.99,5742,79,3528,2005
38141,467,7861,5124,2737,2.85,3.18,7861,190,4282,842
38152,,,,0,,,,0,,
38201,583,3654,2698,956,2.62,2.76,3654,342,1293,1405
38220,242,687,595,92,2.53,2.14,687,18,327,268
38221,583,1241,951,290,2.37,2.52,1241,51,358,593
38222,435,772,693,79,2.82,3.03,772,0,373,320
38224,66,296,242,54,2.84,2.61,296,0,76,166
38225,144,2236,1549,687,2.31,2.34,2236,121,831,718
38226,,154,154,0,1.81,,154,5,22,132
38229,208,1127,824,303,2.48,2.38,1127,90,449,375
38230,213,1684,1335,349,2.31,2.14,1684,90,627,708
38231,160,696,541,155,2.12,3.66,696,88,174,367
38232,323,828,634,194,2.44,2.81,828,57,210,424
38233,152,1066,840,226,2.5,2.42,1066,66,400,440
38235,13,82,54,28,2.48,1.71,82,2,28,26
38236,60,407,277,130,2.03,1.33,407,0,111,166
38237,871,5773,3328,2445,2.35,2.14,5773,470,1677,1651
38240,150,893,605,288,2.2,2.68,893,39,195,410
38241,98,393,330,63,2.57,2.78,393,12,148,182
38242,1494,7936,5687,2249,2.57,2.29,7936,576,2361,3326
38251,157,1143,941,202,2.78,2.36,1143,41,411,530
38253,66,361,252,109,2.58,3.46,361,13,154,98
38254,,,,0,,,,0,,
38255,134,1100,723,377,2.55,1.87,1100,49,292,431
38256,1619,1579,1343,236,1.98,1.86,1579,106,604,739
38257,338,1839,1345,494,2.31,2.34,1839,85,627,718
38258,97,575,475,100,2.53,2.83,575,70,249,226
38259,103,282,189,93,2.7,2.74,282,11,61,128
38260,178,1600,1250,350,2.29,2.76,1600,101,787,463
38261,745,6554,3725,2829,2.49,2.29,6554,626,1930,1795
38301,2274,13533,6721,6812,2.2,2.53,13533,1736,3269,3452
38305,2104,20328,13373,6955,2.57,2.32,20328,1393,8133,5240
38310,488,2385,1851,534,2.52,3.01,2385,35,825,1026
38311,146,387,351,36,1.95,1.5,387,8,136,215
38313,131,1344,1317,27,2.79,1.22,1344,0,680,637
38315,388,1500,1268,232,2.84,1.89,1500,72,429,839
38316,185,1071,859,212,2.79,2.26,1071,40,283,576
38317,310,1145,946,199,2.03,2.74,1145,152,353,593
38318,90,168,133,35,2.53,6.0,168,11,65,68
38320,914,4223,3002,1221,2.52,2.39,4223,254,1140,1862
38321,101,1090,903,187,2.37,2.53,1090,74,316,587
38326,1498,1362,1107,255,2.03,1.93,1362,35,547,560
38327,61,237,205,32,2.09,2.72,237,28,70,135
38328,101,321,306,15,2.82,2.8,321,5,129,177
38329,769,1158,971,187,2.78,2.27,1158,50,401,570
38330,185,1452,987,465,2.6,3.02,1452,84,536,451
38332,139,517,480,37,2.38,1.59,517,1,69,411
38333,240,97,65,32,2.02,,97,0,9,56
38334,288,671,614,57,2.51,4.12,671,22,301,313
38337,67,482,372,110,2.41,2.56,482,30,174,198
38338,,25,16,9,2.56,4.0,25,4,10,6
38339,76,247,166,81,2.61,2.32,247,28,106,60
38340,551,4009,2839,1170,2.64,2.55,4009,229,1472,1367
38341,277,1021,869,152,2.15,2.39,1021,73,351,518
38342,74,577,420,157,2.17,2.64,577,54,192,228
38343,765,6550,4315,2235,2.51,2.07,6550,822,2296,2019
38344,615,3399,2376,1023,2.55,2.38,3399,203,1002,1374
38345,224,628,519,109,2.77,3.01,628,42,245,274
38347,12,117,97,20,3.7,4.45,117,0,52,45
38348,90,393,342,51,2.18,2.59,393,11,120,222
38351,1187,6929,4796,2133,2.54,2.52,6929,408,2165,2631
38352,,309,200,109,2.88,1.09,309,0,135,65
38355,239,2986,2373,613,2.64,2.74,2986,16,1736,637
38356,150,1200,893,307,2.83,1.95,1200,0,453,440
38357,326,1106,961,145,2.9,3.01,1106,16,455,506
38358,679,4402,2955,1447,2.71,2.88,4402,236,1638,1317
38359,15,127,105,22,2.3,2.0,127,2,48,57
38361,180,530,467,63,2.4,3.63,530,0,299,168
38362,41,444,293,151,2.7,1.83,444,0,244,49
38363,669,2102,1619,483,2.64,2.44,2102,72,801,818
38365,,,,0,,,,0,,
38366,296,883,768,115,2.57,1.63,883,0,392,376
38367,305,1079,854,225,2.6,2.31,1079,34,336,518
38368,47,714,555,159,2.36,3.49,714,28,196,359
38369,153,665,556,109,2.32,3.23,665,22,263,293
38370,257,414,323,91,2.47,1.78,414,9,127,196
38371,194,385,335,50,2.15,2.28,385,15,75,260
38372,1934,6678,4696,1982,2.54,2.51,6678,418,2282,2414
38374,219,825,622,203,2.39,2.41,825,16,180,442
38375,509,3238,2332,906,2.28,2.64,3238,141,965,1367
38376,45,158,93,65,2.38,1.51,158,0,71,22
38379,70,602,425,177,3.01,2.41,602,12,212,213
38380,405,188,173,15,2.33,1.6,188,0,70,103
38381,118,612,402,210,2.89,2.85,612,40,208,194
38382,636,3478,2128,1350,2.34,2.3,3478,415,680,1448
38387,58,183,150,33,2.01,1.33,183,0,55,95
38388,272,644,544,100,3.09,1.98,644,2,280,264
38389,,17,16,1,3.0,2.0,17,3,10,6
38390,43,443,359,84,2.86,2.5,443,33,102,257
38391,38,438,304,134,2.16,3.36,438,10,187,117
38392,46,264,220,44,3.03,2.27,264,0,101,119
38401,2432,24948,17618,7330,2.65,2.32,24948,658,11374,6244
38425,292,667,548,119,2.93,3.21,667,39,250,298
38449,256,1182,991,191,2.29,3.02,1182,30,562,429
38450,267,1106,853,253,2.43,2.13,1106,62,304,549
38451,184,1569,1346,223,2.53,2.08,1569,19,699,647
38452,134,389,368,21,3.06,2.95,389,35,148,220
38453,96,123,90,33,4.18,,123,17,52,38
38454,109,391,316,75,2.43,1.08,391,0,141,175
38455,11,44,42,2,3.36,4.0,44,0,33,9
38456,179,1374,1144,230,3.52,3.41,1374,255,538,606
38457,58,237,169,68,3.15,2.03,237,0,35,134
38459,87,147,106,41,2.85,2.61,147,0,57,49
38460,72,614,579,35,2.47,2.03,614,0,374,205
38461,84,551,454,97,2.34,2.29,551,0,207,247
38462,582,3966,3245,721,2.33,3.37,3966,224,1478,1767
38463,275,988,898,90,2.44,2.38,988,23,403,495
38464,1071,9339,6495,2844,2.61,2.11,9339,718,3243,3252
38468,220,1949,1490,459,2.94,2.58,1949,115,797,693
38469,167,1605,1401,204,2.63,2.99,1605,24,716,685
38471,90,113,93,20,2.4,2.8,113,0,22,71
38472,253,1150,963,187,2.59,3.33,1150,5,499,464
38473,81,359,262,97,2.66,3.82,359,1,144,118
38474,411,3053,2326,727,2.77,2.31,3053,82,1279,1047
38475,197,310,283,27,2.92,3.11,310,0,42,241
38476,128,352,328,24,3.79,2.25,352,76,171,157
38477,316,1220,1052,168,2.91,2.2,1220,6,496,556
38478,1438,6901,4288,2613,2.59,2.36,6901,350,2065,2223
38481,40,389,314,75,2.38,2.04,389,27,126,188
38482,109,600,542,58,2.69,2.14,600,0,355,187
38483,443,2078,1655,423,3.11,2.14,2078,63,872,783
38485,715,2510,1863,647,2.45,2.24,2510,270,1015,848
38486,98,504,327,177,2.7,1.6,504,0,130,197
38487,118,373,320,53,2.58,1.94,373,0,77,243
38488,131,956,855,101,2.35,1.67,956,54,468,387
38501,1858,16743,8488,8255,2.5,2.13,16743,838,4862,3626
38503,,,,0,,,,0,,
38504,319,243,243,0,2.67,,243,0,92,151
38505,,,,0,,,,0,,
38506,662,12114,8742,3372,2.38,2.26,12114,379,4477,4265
38541,115,687,562,125,2.3,2.39,687,27,185,377
38542,,8,,8,,2.13,8,0,,
38543,100,142,122,20,2.38,2.6,142,0,85,37
38544,579,2707,2258,449,2.87,2.4,2707,37,1142,1116
38545,107,526,448,78,2.18,2.96,526,51,113,335
38547,69,770,741,29,2.42,1.41,770,29,454,287
38548,108,392,369,23,2.9,3.65,392,9,103,266
38549,887,1669,1267,402,2.4,2.5,1669,145,420,847
38550,,,,0,,,,0,,
38551,654,1636,1120,516,2.31,2.75,1636,146,244,876
38552,88,98,68,30,3.01,1.33,98,0,28,40
38553,43,1075,877,198,2.43,2.97,1075,43,399,478
38554,92,332,256,76,2.45,1.42,332,11,113,143
38555,759,8871,5506,3365,2.38,2.18,8871,556,2879,2627
38556,1275,5050,3544,1506,2.15,2.26,5050,480,1306,2238
38558,723,4699,4103,596,1.92,1.89,4699,282,1981,2122
38559,95,549,418,131,2.62,2.5,549,18,171,247
38560,156,420,347,73,3.5,3.48,420,28,156,191
38562,728,2477,1995,482,2.63,2.7,2477,271,691,1304
38563,29,895,676,219,2.89,2.35,895,68,417,259
38564,140,293,244,49,1.72,,293,22,112,132
38565,46,291,270,21,3.55,2.14,291,0,140,130
38567,44,319,256,63,2.32,2.05,319,17,163,93
38568,268,739,653,86,2.28,2.13,739,44,244,409
38569,150,69,44,25,2.36,4.76,69,0,6,38
38570,656,4119,3209,910,2.38,2.37,4119,269,1222,1987
38571,516,5811,4861,950,2.43,2.44,5811,176,2470,2391
38572,928,5015,4510,505,2.28,2.72,5015,96,2527,1983
38573,245,869,735,134,2.23,3.42,869,69,187,548
38574,541,3221,2475,746,2.61,3.02,3221,126,1168,1307
38575,35,375,291,84,2.6,2.94,375,0,99,192
38577,100,532,393,139,2.37,4.43,532,5,159,234
38578,44,86,62,24,1.44,1.58,86,3,5,57
38579,82,444,360,84,3.43,2.76,444,16,175,185
38580,103,524,442,82,3.23,2.76,524,14,211,231
38581,343,1485,1208,277,2.43,2.39,1485,112,544,664
38582,238,696,661,35,2.67,1.6,696,48,357,304
38583,1591,9474,7375,2099,2.67,2.32,9474,382,3398,3977
38585,325,1858,1349,509,2.64,2.24,1858,226,407,942
38587,35,570,452,118,2.36,1.85,570,42,197,255
38588,169,388,310,78,2.57,3.78,388,31,65,245
38589,9,111,107,4,2.21,2.75,111,0,57,50
38601,269,776,688,88,2.68,4.14,776,26,253,435
38603,550,1125,1007,118,2.11,2.88,1125,16,395,612
38606,635,5193,3727,1466,2.76,2.85,5193,286,1658,2069
38610,362,959,707,252,3.03,3.71,959,81,291,416
38611,1116,5848,4456,1392,2.64,3.08,5848,182,2418,2038
38614,1375,6412,3389,3023,2.5,2.63,6412,772,1334,2055
38617,99,283,119,164,2.29,2.43,283,38,18,101
38618,381,4663,3597,1066,2.43,2.71,4663,102,1668,1929
38619,876,1906,1058,848,3.4,2.05,1906,131,332,726
38620,218,1267,1002,265,2.93,2.62,1267,118,580,422
38621,311,669,331,338,2.25,3.81,669,66,82,249
38622,20,282,152,130,3.31,1.98,282,40,28,124
38623,18,72,51,21,1.59,1.81,72,0,,51
38625,103,595,309,286,2.93,2.13,595,11,122,187
38626,258,392,372,20,2.02,1.65,392,35,170,202
38627,221,644,618,26,2.4,4.12,644,10,378,240
38629,254,658,553,105,3.51,1.86,658,6,256,297
38631,44,497,220,277,2.44,2.52,497,140,74,146
38632,737,10426,9027,1399,2.79,1.9,10426,268,5578,3449
38633,132,918,656,262,2.8,2.27,918,73,253,403
38635,931,5165,3829,1336,2.58,2.48,5165,254,2016,1813
38637,732,9449,5404,4045,2.73,2.92,9449,420,3821,1583
38639,81,197,119,78,3.12,3.01,197,26,24,95
38641,117,787,719,68,2.51,2.09,787,98,345,374
38642,120,924,741,183,2.94,1.51,924,0,275,466
38643,175,644,259,385,2.1,2.03,644,138,51,208
38644,34,33,13,20,5.15,4.55,33,0,6,7
38645,57,447,286,161,3.18,1.81,447,46,80,206
38646,180,1115,802,313,2.47,2.47,1115,125,299,503
38647,212,240,153,87,3.76,1.61,240,0,9,144
38650,355,1476,1133,343,2.84,3.85,1476,6,553,580
38651,160,2955,2725,230,2.94,3.83,2955,30,2048,677
38652,1282,5886,4287,1599,2.56,2.39,5886,316,1924,2363
38654,723,20009,16645,3364,2.74,2.82,20009,568,11817,4828
38655,7678,16617,9815,6802,2.76,2.57,16617,1099,5457,4358
38658,313,979,819,160,2.82,4.04,979,16,282,537
38659,256,951,670,281,2.62,2.59,951,55,214,456
38661,112,855,840,15,2.53,3.93,855,22,381,459
38663,982,4491,3184,1307,2.64,2.55,4491,227,1811,1373
38664,528,1229,120,1109,1.94,2.64,1229,16,91,29
38665,144,994,615,379,2.74,2.59,994,0,330,285
38666,548,2584,1780,804,2.3,2.66,2584,172,789,991
38668,361,4849,3587,1262,2.7,2.19,4849,291,2315,1272
38670,63,370,245,125,2.22,3.0,370,35,47,198
38671,1085,14273,8781,5492,2.42,2.67,14273,597,6352,2429
38672,284,5422,5091,331,2.85,3.96,5422,149,3738,1353
38673,10,470,459,11,2.92,1.91,470,2,347,112
38674,41,513,448,65,2.73,4.37,513,0,202,246
38676,361,2130,978,1152,2.83,2.87,2130,232,439,539
38677,16,,,0,,,,0,,
38680,206,2545,1584,961,2.45,2.8,2545,66,1188,396
38683,456,1456,1011,445,2.4,2.49,1456,96,325,686
38685,46,594,584,10,2.29,9.2,594,0,138,446
38701,2008,8653,4576,4077,2.38,2.71,8653,1349,2068,2508
38703,771,4512,2476,2036,2.28,3.15,4512,644,847,1629
38720,47,278,227,51,2.24,2.96,278,13,44,183
38721,38,378,262,116,2.15,3.31,378,40,127,135
38722,60,61,52,9,4.46,1.56,61,8,3,49
38723,,32,32,0,1.81,,32,0,,32
38725,176,339,235,104,3.69,3.38,339,26,91,144
38726,46,180,142,38,2.51,2.47,180,20,22,120
38730,92,687,439,248,2.68,2.52,687,36,194,245
38731,,5,,5,,2.0,5,0,,
38732,1045,6008,3521,2487,2.54,2.69,6008,482,1707,1814
38733,,,,0,,,,0,,
38736,44,149,140,9,4.1,6.11,149,8,91,49
38737,93,1157,536,621,2.41,2.81,1157,198,191,345
38738,19,24,10,14,4.3,,24,0,10,
38740,81,144,124,20,2.37,2.9,144,14,74,50
38744,61,240,187,53,1.72,5.32,240,19,57,130
38745,,33,12,21,,9.57,33,0,,12
38746,43,183,92,91,2.47,2.53,183,36,19,73
38748,246,1042,648,394,2.71,3.11,1042,36,248,400
38751,620,3778,1957,1821,2.81,2.68,3778,314,1007,950
38753,79,520,337,183,2.62,2.67,520,35,181,156
38754,145,508,344,164,2.28,2.35,508,41,114,230
38756,401,2588,1673,915,2.35,2.61,2588,230,725,948
38759,84,555,425,130,2.81,1.32,555,10,315,110
38760,95,305,194,111,3.46,2.41,305,41,99,95
38761,192,679,399,280,2.92,2.99,679,60,113,286
38762,158,882,359,523,2.33,3.0,882,135,110,249
38764,36,132,101,31,2.55,1.42,132,1,20,81
38765,,40,,40,,,40,0,,
38767,,21,21,0,4.33,,21,0,,21
38768,19,26,18,8,,3.38,26,0,18,
38769,88,760,346,414,2.22,2.81,760,173,69,277
38771,167,880,454,426,3.16,3.0,880,155,289,165
38772,,33,33,0,1.85,,33,0,,33
38773,249,1181,736,445,2.35,2.78,1181,129,226,510
38774,123,664,383,281,2.34,2.58,664,124,147,236
38776,,6,6,0,2.67,,6,0,6,
38778,79,499,209,290,2.71,2.51,499,50,50,159
38781,11,59,17,42,3.71,1.29,59,25,3,14
38801,1922,11672,7423,4249,2.57,2.49,11672,676,4356,3067
38804,1172,6666,4025,2641,2.46,2.02,6666,711,2267,1758
38821,861,4884,3452,1432,2.39,2.37,4884,222,1641,1811
38824,621,2941,2418,523,2.57,3.43,2941,135,1166,1252
38826,353,2157,1360,797,2.71,2.09,2157,50,825,535
38827,220,1469,891,578,2.76,1.75,1469,25,440,451
38828,421,1443,1102,341,3.6,3.13,1443,11,508,594
38829,1393,6592,4933,1659,2.59,2.28,6592,506,2133,2800
38833,262,888,555,333,2.62,2.51,888,49,160,395
38834,1895,11324,7111,4213,2.45,2.3,11324,828,3375,3736
38838,198,453,453,0,2.82,,453,43,156,297
38839,,17,14,3,1.86,,17,0,,14
38841,103,1325,1032,293,2.82,2.86,1325,77,553,479
38843,818,4060,3237,823,2.51,2.93,4060,135,1604,1633
38844,88,119,119,0,2.03,,119,0,48,71
38846,83,725,642,83,2.48,1.64,725,1,293,349
38847,190,1417,1129,288,2.59,2.44,1417,55,356,773
38848,178,330,311,19,2.46,1.89,330,17,55,256
38849,259,1918,1512,406,2.98,2.68,1918,20,916,596
38850,362,1015,839,176,2.62,2.7,1015,101,224,615
38851,498,3627,2500,1127,2.49,2.04,3627,311,971,1529
38852,1144,3773,2716,1057,2.22,2.08,3773,233,659,2057
38855,368,1991,1581,410,2.62,2.52,1991,122,743,838
38856,51,616,541,75,3.1,1.77,616,45,261,280
38857,109,1344,1126,218,3.51,2.58,1344,49,874,252
38858,965,2296,1698,598,2.95,3.23,2296,93,539,1159
38859,152,194,172,22,2.82,5.0,194,0,81,91
38860,251,2174,1475,699,3.25,2.25,2174,169,733,742
38862,242,995,794,201,2.53,2.41,995,155,320,474
38863,1393,6852,5055,1797,2.62,2.9,6852,298,2501,2554
38864,175,692,565,127,3.19,3.19,692,63,361,204
38865,264,1820,1503,317,3.0,2.26,1820,53,556,947
38866,851,4559,3825,734,2.75,2.8,4559,107,2580,1245
38868,401,2083,1569,514,2.72,2.82,2083,120,604,965
38869,17,129,72,57,2.49,2.46,129,5,12,60
38870,278,1074,957,117,2.69,2.33,1074,40,540,417
38871,122,693,548,145,2.88,2.61,693,2,289,259
38873,364,1180,1010,170,2.63,2.16,1180,78,415,595
38876,150,475,371,104,2.48,2.73,475,6,106,265
38878,143,1029,796,233,2.4,2.58,1029,50,247,549
38879,12,44,44,0,1.32,,44,0,24,20
38901,1482,7464,5083,2381,2.42,2.61,7464,561,2739,2344
38913,42,148,131,17,2.39,3.53,148,0,46,85
38914,37,277,235,42,3.03,2.45,277,1,96,139
38915,302,1647,1112,535,2.09,2.04,1647,106,451,661
38916,352,1896,1255,641,2.29,2.79,1896,156,436,819
38917,317,1314,995,319,3.05,2.49,1314,14,458,537
38920,119,277,229,48,2.13,1.9,277,23,91,138
38921,595,1507,973,534,3.33,2.86,1507,145,275,698
38922,520,1214,945,269,2.42,2.6,1214,49,370,575
38923,156,506,378,128,1.82,,506,24,176,202
38924,139,152,113,39,2.15,1.85,152,15,7,106
38925,236,902,689,213,2.35,2.54,902,31,384,305
38927,139,293,219,74,2.96,1.97,293,7,49,170
38928,41,108,18,90,3.28,3.02,108,23,13,5
38929,83,696,554,142,2.49,3.44,696,72,92,462
38930,2225,8118,4603,3515,2.91,2.85,8118,1037,2099,2504
38940,184,601,520,81,2.76,2.43,601,35,213,307
38941,578,1184,521,663,3.04,2.33,1184,118,267,254
38943,142,234,227,7,2.74,10.14,234,0,112,115
38944,27,61,18,43,2.61,3.49,61,0,5,13
38946,48,85,65,20,2.94,3.15,85,8,34,31
38947,,27,27,0,1.11,,27,0,2,25
38948,316,944,636,308,2.33,2.1,944,31,157,479
38949,,139,139,0,2.41,,139,0,43,96
38950,53,224,168,56,4.22,,224,77,54,114
38951,133,399,269,130,2.12,1.17,399,43,61,208
38952,96,168,104,64,2.87,1.78,168,15,49,55
38953,68,190,190,0,1.88,,190,0,105,85
38954,194,306,263,43,2.7,2.77,306,8,58,205
38957,45,212,80,132,2.69,2.14,212,17,4,76
38961,117,250,193,57,2.03,6.96,250,12,26,167
38962,33,,,0,,,,0,,
38963,113,1035,623,412,3.64,2.23,1035,181,156,467
38964,,19,19,0,4.21,,19,0,11,8
38965,734,3528,2538,990,2.39,2.79,3528,193,1241,1297
38966,139,232,114,118,2.11,2.55,232,29,72,42
38967,748,2513,1594,919,2.76,2.88,2513,125,605,989
39038,431,2012,1173,839,2.54,3.0,2012,359,416,757
39039,183,1314,1101,213,2.43,2.22,1314,0,417,684
39040,258,1527,973,554,2.36,2.55,1527,158,366,607
39041,201,1390,1094,296,2.7,1.7,1390,102,346,748
39042,799,13576,11480,2096,2.75,2.38,13576,89,7345,4135
39044,233,1149,1041,108,2.52,3.78,1149,37,606,435
39045,101,808,715,93,2.01,3.66,808,14,413,302
39046,1033,11397,6543,4854,2.63,2.2,11397,892,4288,2255
39047,1006,15175,12911,2264,2.66,2.43,15175,307,9256,3655
39051,1268,5551,4146,1405,2.74,2.79,5551,557,1520,2626
39054,61,113,66,47,3.38,4.13,113,2,23,43
39056,1100,10573,7334,3239,2.73,2.46,10573,391,4752,2582
39057,135,764,644,120,2.8,3.28,764,4,234,410
39058,,,,0,,,,0,,
39059,690,4248,3509,739,2.72,3.1,4248,480,1499,2010
39061,,,,0,,,,0,,
39062,24,166,118,48,3.4,2.48,166,4,46,72
39063,368,1116,687,429,3.36,2.66,1116,222,234,453
39066,474,1975,1618,357,2.63,2.36,1975,119,622,996
39067,316,400,332,68,2.82,3.09,400,9,97,235
39069,533,1478,934,544,3.35,2.38,1478,133,210,724
39071,458,2499,1853,646,2.79,2.49,2499,169,1085,768
39073,1106,7771,6503,1268,2.71,2.85,7771,130,3337,3166
39074,1052,4867,3195,1672,2.88,2.57,4867,558,1032,2163
39078,135,289,217,72,2.89,4.08,289,12,82,135
39079,75,386,174,212,2.59,3.4,386,112,42,132
39082,142,332,305,27,2.41,,332,27,92,213
39083,1265,3330,2387,943,2.58,3.52,3330,300,817,1570
39086,376,441,268,173,3.68,3.57,441,44,57,211
39088,12,10,10,0,3.9,,10,0,,10
39090,1037,4673,3084,1589,2.87,2.23,4673,562,1142,1942
39092,234,1307,1064,243,2.85,2.67,1307,188,535,529
39094,386,1468,1286,182,2.57,1.91,1468,155,434,852
39095,879,2050,1308,742,2.85,2.38,2050,225,304,1004
39096,349,532,374,158,3.27,,532,52,99,275
39097,48,160,94,66,1.64,1.8,160,0,27,67
39108,436,612,555,57,2.42,4.0,612,11,137,418
39110,944,15947,15233,714,2.75,2.9,15947,140,11489,3744
39111,1060,3021,2214,807,3.02,2.51,3021,150,672,1542
39113,22,114,23,91,1.3,1.74,114,40,5,18
39114,888,3415,2785,630,2.83,3.18,3415,275,1126,1659
39115,,55,55,0,2.35,,55,1,49,6
39116,209,896,877,19,2.8,2.63,896,132,374,503
39117,446,3512,2704,808,2.74,3.99,3512,136,1298,1406
39119,471,2028,1678,350,3.11,2.65,2028,34,613,1065
39120,3501,11482,7282,4200,2.53,2.22,11482,998,2465,4817
39140,291,888,668,220,2.63,2.92,888,28,340,328
39144,172,245,210,35,2.85,3.06,245,19,93,117
39145,370,2014,1684,330,2.47,3.04,2014,58,659,1025
39146,256,1135,794,341,3.28,2.43,1135,98,328,466
39148,,,,0,,,,0,,
39149,178,629,555,74,2.34,2.84,629,111,75,480
39150,749,1796,1331,465,3.23,2.85,1796,211,406,925
39152,80,377,341,36,2.55,3.14,377,31,162,179
39153,270,1039,859,180,2.56,1.92,1039,55,307,552
39154,426,3382,2891,491,2.36,2.83,3382,189,1503,1388
39156,94,268,252,16,2.28,,268,0,5,247
39157,1116,10723,5375,5348,2.64,1.96,10723,247,3808,1567
39159,280,942,573,369,3.31,2.47,942,148,232,341
39160,376,899,772,127,3.3,2.31,899,82,190,582
39162,26,70,69,1,2.86,2.0,70,0,9,60
39166,54,200,122,78,4.44,1.54,200,26,60,62
39167,,,,0,,,,0,,
39168,591,2441,2030,411,2.19,3.11,2441,118,641,1389
39169,235,1046,487,559,3.28,2.85,1046,239,134,353
39170,406,3673,3412,261,2.52,2.41,3673,166,1567,1845
39173,,,,0,,,,0,,
39174,,39,,39,,1.97,39,0,,
39175,625,1414,1121,293,2.28,2.29,1414,138,410,711
39176,254,842,683,159,2.35,2.26,842,106,202,481
39177,9,51,35,16,1.97,,51,0,,35
39179,48,582,436,146,2.43,2.72,582,71,91,345
39180,2508,11962,8290,3672,2.61,2.53,11962,837,4579,3711
39183,1818,4861,3452,1409,2.66,2.78,4861,359,1951,1501
39189,128,1153,801,352,2.78,3.34,1153,72,318,483
39191,966,2639,2243,396,2.69,3.85,2639,62,844,1399
39192,215,456,410,46,4.46,1.54,456,34,53,357
39193,,16,,16,,1.63,16,0,,
39194,1220,5041,2735,2306,2.82,2.72,5041,698,1228,1507
39201,94,543,10,533,2.7,1.07,543,14,,10
39202,679,3568,946,2622,2.08,1.55,3568,526,566,380
39203,813,2040,620,1420,2.24,2.12,2040,539,151,469
39204,1878,5820,1982,3838,2.67,2.38,5820,542,1109,873
39206,1339,9720,4554,5166,2.48,2.16,9720,613,2738,1816
39208,1101,12412,7865,4547,2.4,2.56,12412,397,4422,3443
39209,2581,9905,4567,5338,2.59,2.65,9905,982,1671,2896
39210,,,,0,,,,0,,
39211,1049,9832,6262,3570,2.57,1.93,9832,222,4356,1906
39212,1849,10869,6487,4382,2.59,3.15,10869,454,3993,2494
39213,1870,8309,3798,4511,2.5,2.46,8309,1229,1312,2486
39216,349,1637,729,908,2.31,1.72,1637,91,422,307
39217,,78,,78,,2.15,78,20,,
39218,167,2866,1882,984,2.4,2.43,2866,31,1139,743
39232,173,3870,2124,1746,2.45,2.12,3870,14,1481,643
39269,,,,0,,,,0,,
39272,227,5294,3964,1330,2.82,2.39,5294,101,3288,676
39301,2089,9436,5592,3844,2.48,2.52,9436,1177,2189,3403
39305,1038,8006,5308,2698,2.75,2.26,8006,354,2980,2328
39307,1070,6129,3142,2987,2.24,2.44,6129,880,1521,1621
39309,,,,0,,,,0,,
39320,87,633,513,120,2.93,3.28,633,0,261,252
39322,110,625,554,71,2.9,2.34,625,57,128,426
39323,47,489,404,85,2.51,3.59,489,62,126,278
39324,,,,0,,,,0,,
39325,260,2216,1949,267,2.65,3.13,2216,92,866,1083
39326,27,92,92,0,2.73,,92,0,64,28
39327,162,1450,1173,277,2.43,2.48,1450,65,538,635
39328,474,1783,1209,574,2.53,2.21,1783,260,360,849
39330,178,983,900,83,2.89,1.71,983,41,318,582
39332,140,640,511,129,3.3,3.96,640,4,246,265
39335,540,875,735,140,1.91,2.11,875,74,324,411
39336,101,414,353,61,2.08,4.43,414,36,57,296
39337,241,668,588,80,2.4,2.98,668,50,259,329
39338,406,1377,1262,115,2.59,2.4,1377,21,284,978
39339,882,5623,4098,1525,2.41,2.57,5623,395,1674,2424
39341,531,2027,1434,593,3.03,3.2,2027,162,723,711
39342,127,673,311,362,3.3,2.36,673,32,228,83
39345,456,2242,1621,621,2.55,2.62,2242,233,422,1199
39346,288,824,648,176,2.52,2.57,824,28,253,395
39347,288,587,475,112,2.06,2.47,587,136,213,262
39348,35,170,170,0,3.22,,170,0,22,148
39350,1482,8326,5906,2420,2.82,3.26,8326,783,2387,3519
39352,33,203,160,43,1.23,5.84,203,0,46,114
39354,79,800,673,127,3.23,2.06,800,17,367,306
39355,739,2579,2201,378,2.15,2.58,2579,84,660,1541
39356,25,265,184,81,1.63,2.95,265,0,17,167
39358,224,282,184,98,2.9,2.89,282,7,71,113
39359,2,101,64,37,2.14,3.27,101,6,26,38
39360,464,1220,1091,129,3.13,2.07,1220,138,345,746
39361,182,624,580,44,1.9,1.86,624,60,206,374
39362,395,1439,1132,307,2.3,3.3,1439,104,262,870
39363,245,514,334,180,2.85,2.62,514,43,97,237
39364,89,1317,1183,134,2.21,1.37,1317,74,416,767
39365,752,2831,2213,618,2.87,2.96,2831,210,804,1409
39366,161,333,308,25,3.09,,333,84,43,265
39367,1153,5532,4827,705,2.31,4.34,5532,370,1688,3139
39401,3164,16415,7068,9347,2.57,2.31,16415,1784,3552,3516
39402,1143,17276,10100,7176,2.58,2.44,17276,1041,6119,3981
39406,27,,,0,,,,0,,
39421,164,1179,1085,94,2.73,2.73,1179,72,464,621
39422,388,1713,1412,301,2.7,2.39,1713,279,272,1140
39423,230,1110,971,139,2.24,2.12,1110,53,378,593
39425,141,968,875,93,3.0,1.94,968,24,362,513
39426,1108,6450,5591,859,2.69,2.78,6450,30,2994,2597
39427,143,461,424,37,2.7,2.43,461,9,125,299
39428,747,3237,2279,958,2.84,2.19,3237,211,1132,1147
39429,1375,6224,4737,1487,2.5,2.28,6224,465,1684,3053
39437,870,4251,3257,994,2.94,2.32,4251,211,1585,1672
39439,444,1734,1521,213,2.76,2.27,1734,84,575,946
39440,1520,7496,4579,2917,2.44,3.06,7496,694,1873,2706
39443,1480,8167,6534,1633,2.72,2.55,8167,226,2031,4503
39451,181,1106,756,350,3.39,2.84,1106,91,294,462
39452,2060,10032,8157,1875,2.77,2.35,10032,567,3451,4706
39455,1116,3490,2800,690,2.65,2.5,3490,242,1312,1488
39456,243,245,237,8,4.0,2.38,245,7,91,146
39459,176,1443,1053,390,2.99,3.08,1443,28,350,703
39461,23,351,239,112,1.87,1.77,351,0,37,202
39462,138,436,300,136,3.07,1.6,436,28,152,148
39464,183,1033,913,120,3.32,2.58,1033,36,207,706
39465,883,8157,6409,1748,2.91,2.74,8157,292,3485,2924
39466,1969,10748,8158,2590,2.72,2.53,10748,548,4130,4028
39470,1178,4179,3539,640,2.55,3.21,4179,107,1432,2107
39474,593,2143,1615,528,2.67,1.89,2143,164,514,1101
39475,416,5429,4113,1316,2.53,2.37,5429,159,2398,1715
39476,754,2292,2034,258,2.91,2.51,2292,52,734,1300
39477,98,239,221,18,2.26,3.28,239,24,69,152
39478,88,772,668,104,2.96,2.68,772,25,226,442
39479,301,2213,1753,460,2.78,1.99,2213,206,905,848
39480,140,977,902,75,2.76,1.65,977,73,449,453
39481,211,617,535,82,2.79,1.96,617,64,295,240
39482,355,4117,3601,516,2.54,2.65,4117,115,2005,1596
39483,444,2034,1720,314,2.86,3.18,2034,77,525,1195
39501,1699,8822,3161,5661,2.49,2.57,8822,1126,1632,1529
39503,1878,19976,13314,6662,2.66,2.86,19976,941,8757,4557
39507,1541,7507,3649,3858,2.55,2.26,7507,562,2061,1588
39520,1451,6423,4436,1987,2.18,2.7,6423,522,1907,2529
39525,409,4160,3624,536,2.26,2.25,4160,132,2139,1485
39529,,,,0,,,,0,,
39530,887,3632,1627,2005,2.02,2.33,3632,325,841,786
39531,1799,7821,2872,4949,2.32,2.33,7821,763,1771,1101
39532,1446,13411,7902,5509,2.76,2.31,13411,513,4484,3418
39534,,,,0,,,,0,,
39540,337,4764,2465,2299,2.77,2.54,4764,193,1304,1161
39553,1246,6638,4882,1756,2.89,2.05,6638,353,2567,2315
39556,548,2725,2474,251,3.02,1.92,2725,65,1105,1369
39560,1183,7145,4810,2335,2.66,2.27,7145,273,2620,2190
39561,133,651,600,51,1.98,1.37,651,0,308,292
39562,1091,6802,5680,1122,2.56,2.41,6802,411,2370,3310
39563,1067,4656,3464,1192,2.6,2.65,4656,221,1208,2256
39564,1163,16632,12108,4524,2.58,2.25,16632,383,7709,4399
39565,896,6905,5974,931,2.93,2.79,6905,126,3374,2600
39567,868,3617,2349,1268,2.48,2.98,3617,202,1086,1263
39571,1246,5216,4302,914,2.59,2.41,5216,193,1965,2337
39572,98,564,564,0,2.04,,564,23,156,408
39573,487,3347,3081,266,2.6,2.82,3347,0,1609,1472
39574,834,4480,3790,690,2.84,3.51,4480,173,2212,1578
39576,639,2546,1662,884,2.59,2.1,2546,359,1176,486
39577,500,3489,2274,1215,2.87,3.0,3489,376,1117,1157
39581,1031,4500,2068,2432,2.68,2.5,4500,307,1168,900
39595,,,,0,,,,0,,
39601,1695,8854,6451,2403,2.62,2.81,8854,566,2356,4095
39629,496,2442,2081,361,2.55,2.22,2442,62,522,1559
39630,206,466,187,279,2.93,2.01,466,47,66,121
39631,320,1515,1076,439,2.18,3.02,1515,107,265,811
39633,194,278,213,65,2.43,3.08,278,48,41,172
39635,52,103,62,41,2.32,2.22,103,0,38,24
39638,467,1520,1153,367,2.37,2.27,1520,157,155,998
39641,370,1842,1536,306,2.57,4.13,1842,41,359,1177
39643,173,380,311,69,3.44,,380,9,119,192
39645,541,2153,1610,543,1.99,2.38,2153,284,324,1286
39647,288,233,223,10,2.48,7.0,233,0,81,142
39648,2126,8108,4300,3808,2.56,2.34,8108,570,1600,2700
39652,775,3143,2544,599,2.72,2.34,3143,143,809,1735
39653,348,1031,709,322,2.35,2.24,1031,6,86,623
39654,632,1936,1442,494,2.71,2.73,1936,87,617,825
39656,131,236,190,46,3.58,3.37,236,19,110,80
39657,363,693,608,85,1.99,2.54,693,44,190,418
39661,376,897,705,192,3.06,2.45,897,37,272,433
39662,117,446,446,0,3.39,,446,0,153,293
39663,232,869,634,235,2.67,2.36,869,39,217,417
39664,40,813,739,74,2.04,3.53,813,67,199,540
39665,98,404,348,56,2.58,3.21,404,50,94,254
39666,843,3791,2981,810,2.86,3.41,3791,179,1259,1722
39667,1339,4460,3754,706,2.51,2.17,4460,318,1319,2435
39668,199,326,288,38,3.19,1.13,326,0,22,266
39669,826,2038,1765,273,2.06,1.88,2038,121,386,1379
39701,1555,5321,2525,2796,2.39,2.04,5321,657,1122,1403
39702,1310,8268,5429,2839,2.83,2.69,8268,667,3484,1945
39705,1224,5105,3098,2007,2.2,2.75,5105,147,1552,1546
39730,965,4174,2942,1232,2.74,2.37,4174,251,1227,1715
39735,294,1549,1159,390,2.55,2.2,1549,77,534,625
39736,36,173,93,80,2.58,1.56,173,35,23,70
39737,123,77,64,13,1.73,,77,13,12,52
39739,406,989,694,295,2.87,2.66,989,75,290,404
39740,293,1983,1485,498,3.01,2.62,1983,24,939,546
39741,98,651,542,109,2.21,2.47,651,15,128,414
39743,87,814,759,55,2.52,1.35,814,27,254,505
39744,495,2353,1793,560,2.44,2.43,2353,210,964,829
39745,64,265,191,74,2.17,3.04,265,14,55,136
39746,197,1166,959,207,2.31,1.69,1166,58,357,602
39747,348,687,486,201,2.42,1.48,687,23,135,351
39750,423,1432,1088,344,2.32,2.99,1432,118,380,708
39751,65,518,417,101,2.67,2.74,518,41,165,252
39752,218,957,795,162,2.52,2.28,957,33,301,494
39753,,,,0,,,,0,,
39755,83,385,346,39,2.06,2.95,385,18,111,235
39756,243,540,517,23,3.33,2.57,540,0,146,371
39759,3691,19247,9040,10207,2.52,2.01,19247,1089,4820,4220
39762,,,,0,,,,0,,
39766,111,1158,817,341,2.85,2.45,1158,38,473,344
39767,102,392,347,45,2.17,1.91,392,35,29,318
39769,148,609,443,166,2.31,1.58,609,17,165,278
39771,22,49,38,11,2.0,3.82,49,2,10,28
39772,182,787,685,102,2.36,1.92,787,71,302,383
39773,1153,6090,4068,2022,2.35,2.56,6090,572,1887,2181
39776,119,531,360,171,2.29,2.11,531,4,169,191
39813,313,699,475,224,2.87,2.14,699,69,175,300
39815,218,499,333,166,3.32,2.97,499,31,99,234
39817,1100,3830,2299,1531,2.68,2.63,3830,234,1345,954
39819,930,4527,2677,1850,2.54,2.85,4527,347,1414,1263
39823,588,3174,2185,989,2.36,3.39,3174,343,873,1312
39824,78,259,207,52,2.62,2.65,259,2,44,163
39825,165,621,432,189,2.54,3.37,621,8,259,173
39826,51,300,202,98,2.3,2.65,300,48,29,173
39827,236,1859,1254,605,2.55,2.41,1859,61,695,559
39828,816,5336,3104,2232,2.64,3.09,5336,505,1516,1588
39832,,4,4,0,,,4,0,,4
39834,208,696,522,174,3.46,2.25,696,92,117,405
39836,116,140,91,49,2.22,4.27,140,0,33,58
39837,368,2591,1715,876,2.3,2.36,2591,313,728,987
39840,639,1732,808,924,2.44,2.71,1732,373,399,409
39841,134,290,251,39,2.73,2.36,290,57,72,179
39842,781,2720,1501,1219,2.4,3.07,2720,251,675,826
39845,1358,3182,2251,931,2.54,2.52,3182,321,941,1310
39846,186,616,445,171,2.48,3.16,616,43,158,287
39851,607,867,572,295,1.83,2.41,867,104,188,384
39854,844,1021,832,189,2.1,3.39,1021,130,259,573
39859,156,356,308,48,2.99,1.63,356,0,100,208
39861,133,467,298,169,2.41,2.04,467,41,124,174
39862,119,431,297,134,2.31,2.4,431,20,84,213
39866,116,150,102,48,1.58,3.92,150,28,28,74
39867,71,126,99,27,3.12,1.44,126,3,27,72
39870,218,766,462,304,2.52,2.07,766,47,181,281
39877,99,231,201,30,2.31,1.53,231,9,84,117
39885,2,9,6,3,2.33,3.0,9,4,4,2
39886,183,537,335,202,2.02,4.2,537,96,96,239
39897,395,1402,1137,265,2.47,2.8,1402,41,544,593
40003,44,699,590,109,2.56,4.21,699,12,403,187
40004,806,11967,8727,3240,2.57,2.35,11967,552,5323,3404
40006,285,1785,1427,358,2.75,2.92,1785,86,830,597
40007,,20,20,0,,,20,0,,20
40008,212,1529,1309,220,2.49,2.21,1529,57,647,662
40009,177,572,511,61,2.43,3.61,572,25,151,360
40010,,181,181,0,3.38,,181,0,133,48
40011,145,926,744,182,2.63,3.15,926,23,402,342
40012,,227,149,78,3.07,3.56,227,22,102,47
40013,130,2275,2111,164,2.55,2.81,2275,67,1480,631
40014,242,7341,6350,991,3.09,2.92,7341,99,4761,1589
40019,167,1411,916,495,2.71,2.94,1411,136,575,341
40020,,135,124,11,1.69,1.55,135,0,15,109
40022,24,291,247,44,2.91,3.57,291,7,150,97
40023,86,2165,2033,132,2.77,2.15,2165,43,1476,557
40025,9,194,193,1,2.38,,194,5,89,104
40026,137,2032,1915,117,3.12,3.14,2032,40,1500,415
40031,253,7995,6363,1632,2.86,2.26,7995,145,4254,2109
40033,317,4834,3161,1673,2.46,2.21,4834,421,1584,1577
40036,,124,114,10,2.18,4.3,124,0,,114
40037,78,1064,950,114,2.76,1.8,1064,16,547,403
40040,48,180,143,37,1.87,5.19,180,4,37,106
40041,57,259,71,188,1.13,1.49,259,54,,71
40045,280,1340,1085,255,2.31,2.42,1340,91,410,675
40046,91,516,498,18,2.98,,516,43,389,109
40047,362,8216,7127,1089,2.71,2.34,8216,259,5032,2095
40049,,,,0,,,,0,,
40050,116,712,529,183,2.55,2.17,712,52,293,236
40051,318,1768,1440,328,2.73,2.26,1768,136,794,646
40052,20,194,181,13,2.52,3.08,194,20,68,113
40055,155,858,674,184,2.79,2.64,858,12,455,219
40056,92,1270,1213,57,2.62,2.89,1270,25,860,353
40057,115,1575,1158,417,2.37,2.76,1575,14,663,495
40058,,17,17,0,1.59,,17,0,9,8
40059,621,7653,7022,631,2.68,2.02,7653,114,4505,2517
40060,52,500,415,85,2.79,1.72,500,6,245,170
40061,,,,0,,,,0,,
40062,,77,45,32,1.69,3.78,77,13,16,29
40063,,,,0,,,,0,,
40065,1054,11420,7603,3817,2.69,2.58,11420,434,5143,2460
40067,158,2260,1757,503,2.57,2.89,2260,37,1231,526
40068,21,964,795,169,2.71,3.04,964,14,584,211
40069,352,3259,2400,859,2.5,2.06,3259,284,1424,976
40070,63,162,132,30,3.05,,162,10,84,48
40071,331,5701,4899,802,2.8,2.78,5701,99,3676,1223
40075,110,377,290,87,2.96,1.54,377,10,111,179
40076,154,1128,914,214,2.94,2.64,1128,0,528,386
40077,66,266,171,95,2.21,2.0,266,0,125,46
40078,142,967,794,173,2.93,2.4,967,70,510,284
40104,105,390,365,25,2.77,2.76,390,16,151,214
40107,110,839,687,152,2.66,2.89,839,0,438,249
40108,677,4517,3614,903,2.92,2.14,4517,177,2440,1174
40109,31,858,800,58,2.77,,858,34,440,360
40110,44,188,99,89,1.66,3.31,188,0,34,65
40111,102,680,503,177,2.99,2.09,680,65,198,305
40115,54,257,232,25,3.47,1.92,257,16,95,137
40117,59,912,742,170,2.77,2.56,912,27,326,416
40118,475,3880,2644,1236,2.52,2.5,3880,300,1423,1221
40119,1273,781,757,24,2.63,2.17,781,62,284,473
40121,276,2342,15,2327,2.27,3.16,2342,35,,15
40140,77,269,216,53,1.95,4.15,269,0,75,141
40142,58,763,589,174,2.95,2.1,763,0,241,348
40143,545,2328,1757,571,2.68,2.41,2328,91,797,960
40144,161,529,529,0,2.08,,529,4,329,200
40145,335,205,179,26,3.63,4.23,205,30,82,97
40146,321,1368,1009,359,2.8,2.48,1368,103,532,477
40150,122,1745,1364,381,2.75,2.64,1745,77,713,651
40152,449,337,337,0,2.51,,337,8,185,152
40155,108,461,242,219,2.47,2.43,461,49,43,199
40157,82,342,275,67,2.57,3.0,342,0,181,94
40160,1157,9047,4622,4425,2.53,2.58,9047,664,2635,1987
40161,32,67,38,29,3.0,2.03,67,0,15,23
40162,104,1935,1734,201,2.62,3.4,1935,87,1121,613
40165,1143,14077,11031,3046,2.71,2.27,14077,539,7196,3835
40170,13,159,139,20,3.25,,159,10,60,79
40171,23,114,62,52,1.18,2.08,114,0,12,50
40175,904,5328,3984,1344,3.0,2.7,5328,170,2788,1196
40176,27,329,282,47,2.52,3.96,329,0,116,166
40177,162,664,476,188,2.58,2.14,664,40,178,298
40178,325,182,182,0,2.62,,182,10,101,81
40202,1073,3030,188,2842,1.65,1.31,3030,1792,61,127
40203,1851,8917,1878,7039,2.11,1.72,8917,3248,1137,741
40204,1034,7684,3793,3891,1.97,1.74,7684,584,2692,1101
40205,549,10561,7864,2697,2.36,1.84,10561,623,5020,2844
40206,870,10524,5618,4906,2.11,1.69,10524,915,3826,1792
40207,852,13688,9512,4176,2.25,1.87,13688,522,5685,3827
40208,1352,5090,1214,3876,2.45,2.09,5090,1144,712,502
40209,20,209,138,71,1.91,2.85,209,0,113,25
40210,1500,5733,2269,3464,2.35,2.62,5733,1685,1104,1165
40211,2230,9315,3873,5442,2.27,2.45,9315,2741,2129,1744
40212,1877,6745,3481,3264,2.37,2.53,6745,1768,1655,1826
40213,729,7116,4365,2751,2.19,2.26,7116,330,2503,1862
40214,2088,18396,9710,8686,2.59,2.54,18396,1831,6348,3362
40215,1400,7845,3260,4585,2.26,2.74,7845,1656,2057,1203
40216,1680,17401,10743,6658,2.54,2.43,17401,1581,7474,3269
40217,469,6053,3712,2341,2.05,1.8,6053,490,2253,1459
40218,1264,13483,6549,6934,2.46,2.46,13483,719,4692,1857
40219,777,15565,8156,7409,2.59,2.32,15565,1235,5287,2869
40220,759,15339,9543,5796,2.25,2.19,15339,645,6084,3459
40221,,,,0,,,,0,,
40222,687,10114,5708,4406,2.32,1.81,10114,599,3435,2273
40223,471,10046,7327,2719,2.46,2.0,10046,244,5089,2238
40228,210,7059,5761,1298,2.41,3.05,7059,256,4035,1726
40229,647,14725,10812,3913,2.7,2.66,14725,482,7435,3377
40231,,,,0,,,,0,,
40241,682,12730,8880,3850,2.49,2.09,12730,564,5512,3368
40242,251,4522,3185,1337,2.42,2.4,4522,215,2135,1050
40243,332,5445,3582,1863,2.42,1.72,5445,647,2432,1150
40245,748,13718,10801,2917,2.84,2.1,13718,349,8080,2721
40258,1012,10565,7473,3092,2.68,2.4,10565,703,5101,2372
40272,1158,14523,10706,3817,2.59,2.86,14523,689,6751,3955
40280,,8,,8,,,8,0,,
40291,673,15379,12079,3300,2.53,2.67,15379,576,8336,3743
40299,568,16654,12754,3900,2.53,2.32,16654,688,8972,3782
40310,70,229,172,57,2.47,3.07,229,18,84,88
40311,566,2710,1900,810,2.91,2.28,2710,228,1010,890
40312,403,2300,1532,768,2.58,2.05,2300,244,761,771
40313,271,1076,637,439,2.94,1.95,1076,281,186,451
40316,26,166,110,56,3.65,2.63,166,0,60,50
40322,450,1083,787,296,2.63,2.88,1083,55,322,465
40324,972,18718,13115,5603,2.73,2.29,18718,703,9772,3343
40328,228,436,360,76,2.3,2.51,436,9,121,239
40330,1281,8169,5874,2295,2.52,2.2,8169,394,3247,2627
40334,,6,6,0,2.5,,6,0,,6
40336,961,4985,3531,1454,2.58,2.35,4985,449,1551,1980
40337,396,1955,1530,425,3.1,2.77,1955,217,815,715
40339,33,32,27,5,8.37,3.4,32,0,23,4
40342,829,8804,6943,1861,2.66,2.44,8804,274,4282,2661
40346,121,213,160,53,2.26,7.3,213,23,27,133
40347,156,1362,1021,341,2.68,2.26,1362,51,693,328
40348,67,352,165,187,2.02,1.44,352,6,89,76
40350,,65,65,0,1.25,,65,0,26,39
40351,1396,7995,4933,3062,2.59,2.21,7995,693,2744,2189
40353,923,8734,5424,3310,2.49,2.44,8734,522,3382,2042
40355,,71,34,37,,2.11,71,0,,34
40356,1081,16571,11492,5079,2.67,2.61,16571,707,7290,4202
40357,5,64,17,47,2.06,2.62,64,5,9,8
40358,,474,387,87,2.6,1.07,474,0,225,162
40359,779,2602,2154,448,2.61,2.7,2602,76,1083,1071
40360,361,2685,1824,861,2.63,2.55,2685,243,1104,720
40361,833,7203,4601,2602,2.47,2.59,7203,295,2915,1686
40363,,15,15,0,,,15,0,,15
40370,172,1047,944,103,2.32,3.35,1047,19,682,262
40371,239,1100,941,159,2.81,2.39,1100,97,450,491
40372,79,834,743,91,3.21,2.12,834,46,556,187
40374,63,724,567,157,3.34,1.96,724,60,297,270
40376,54,15,15,0,1.73,,15,0,,15
40379,91,1562,1334,228,2.39,2.51,1562,61,725,609
40380,486,2366,1651,715,3.22,2.67,2366,166,855,796
40383,829,9447,6616,2831,2.64,2.42,9447,424,4167,2449
40385,359,962,761,201,2.54,2.67,962,43,279,482
40387,796,680,527,153,2.46,3.86,680,33,173,354
40390,342,2113,1169,944,2.68,2.99,2113,131,734,435
40391,1186,14703,10527,4176,2.49,2.33,14703,932,6807,3720
40402,117,780,626,154,2.71,1.9,780,82,315,311
40403,1000,9795,6611,3184,2.68,2.37,9795,373,4025,2586
40404,,,,0,,,,0,,
40409,213,1392,885,507,2.76,2.14,1392,153,469,416
40419,344,1583,1250,333,2.78,2.94,1583,175,635,615
40422,918,9389,6086,3303,2.5,2.21,9389,532,3500,2586
40434,,,,0,,,,0,,
40437,99,1990,1665,325,2.36,3.46,1990,29,736,929
40440,120,1146,994,152,2.2,2.11,1146,139,614,380
40442,136,305,294,11,1.92,1.73,305,48,77,217
40444,700,5425,4475,950,2.55,2.59,5425,261,2844,1631
40445,112,263,229,34,2.85,1.88,263,34,18,211
40447,831,3041,2230,811,2.65,1.94,3041,348,851,1379
40448,,,,0,,,,0,,
40456,501,3622,2703,919,2.35,2.38,3622,310,1048,1655
40460,60,352,325,27,3.18,2.81,352,22,122,203
40461,30,925,737,188,2.51,2.96,925,19,291,446
40464,80,413,367,46,2.37,1.35,413,39,201,166
40468,133,848,689,159,2.31,3.42,848,24,362,327
40472,262,607,463,144,2.51,2.4,607,30,112,351
40475,2246,25087,14514,10573,2.57,2.08,25087,1170,9151,5363
40481,40,139,125,14,2.37,,139,0,81,44
40484,667,5001,3709,1292,2.42,2.59,5001,216,2104,1605
40486,99,1024,956,68,3.17,2.69,1024,35,590,366
40489,46,1507,1407,100,2.95,2.38,1507,132,628,779
40502,1276,12866,7474,5392,2.18,1.97,12866,508,4462,3012
40503,861,12543,8011,4532,2.35,2.19,12543,590,5029,2982
40504,1093,11881,3749,8132,2.19,2.17,11881,2268,2327,1422
40505,923,11010,6614,4396,2.24,2.56,11010,1281,4556,2058
40507,123,1339,406,933,1.71,1.3,1339,449,201,205
40508,1614,10190,2888,7302,2.31,1.85,10190,1872,1927,961
40509,1225,18044,11275,6769,2.67,2.1,18044,627,8455,2820
40510,8,417,303,114,1.84,1.61,417,4,136,167
40511,1132,13036,8215,4821,2.45,2.44,13036,546,6088,2127
40513,255,4395,3299,1096,2.61,2.04,4395,78,2125,1174
40514,126,6393,4586,1807,2.7,2.59,6393,51,3305,1281
40515,897,14686,9133,5553,2.62,2.18,14686,404,6538,2595
40516,15,1051,873,178,2.32,3.71,1051,35,584,289
40517,1394,16778,6168,10610,2.18,2.22,16778,1563,4352,1816
40526,,,,0,,,,0,,
40536,,,,0,,,,0,,
40601,1740,22318,13984,8334,2.28,2.1,22318,1478,8662,5322
40701,1909,11302,7491,3811,2.71,2.43,11302,950,4051,3440
40729,268,2071,1719,352,2.82,2.58,2071,83,499,1220
40734,302,1295,895,400,2.79,2.9,1295,66,225,670
40737,81,515,443,72,3.02,3.06,515,0,259,184
40740,65,1380,903,477,2.92,2.98,1380,106,505,398
40741,1197,9389,6602,2787,2.65,2.54,9389,477,3522,3080
40744,990,6729,4924,1805,2.84,2.18,6729,345,2428,2496
40759,191,793,710,83,2.86,2.7,793,67,184,526
40763,77,211,164,47,2.14,2.09,211,37,55,109
40769,1688,5933,3767,2166,2.69,2.74,5933,561,1725,2042
40771,22,608,243,365,3.61,2.41,608,86,98,145
40801,,,,0,,,,0,,
40803,,21,21,0,3.62,,21,0,,21
40806,95,872,592,280,2.53,2.17,872,32,236,356
40807,29,217,190,27,2.43,3.11,217,31,86,104
40808,66,17,17,0,4.24,,17,0,4,13
40810,160,494,425,69,2.53,2.04,494,45,55,370
40813,7,121,72,49,2.42,2.86,121,0,8,64
40815,178,372,246,126,2.29,2.75,372,0,40,206
40816,,,,0,,,,0,,
40818,30,38,38,0,3.47,,38,0,,38
40819,34,367,327,40,2.35,1.75,367,16,141,186
40820,32,145,145,0,2.54,,145,8,26,119
40823,348,1338,732,606,2.34,3.03,1338,147,258,474
40824,41,244,99,145,4.2,2.05,244,14,24,75
40826,117,208,159,49,2.01,3.61,208,17,38,121
40827,58,315,250,65,2.82,2.49,315,0,115,135
40828,331,1612,1295,317,2.74,2.83,1612,171,415,880
40829,13,42,9,33,,2.24,42,33,,9
40830,34,126,126,0,2.29,,126,0,77,49
40831,481,1998,1083,915,2.6,2.13,1998,263,424,659
40840,77,157,138,19,3.02,4.89,157,0,27,111
40843,,47,47,0,2.47,,47,0,12,35
40844,9,51,51,0,1.86,,51,20,,51
40845,7,229,186,43,2.73,2.37,229,12,25,161
40847,,59,45,14,3.93,2.36,59,9,28,17
40849,,30,23,7,1.87,1.86,30,0,,23
40854,100,436,226,210,2.31,2.26,436,46,93,133
40855,192,352,240,112,2.29,2.05,352,11,45,195
40856,78,329,241,88,2.85,2.51,329,5,83,158
40858,58,75,46,29,2.89,3.31,75,0,,46
40862,35,194,163,31,2.45,2.19,194,25,42,121
40863,92,184,144,40,2.42,1.88,184,25,17,127
40865,24,140,108,32,2.62,3.09,140,11,38,70
40868,74,376,288,88,2.11,3.59,376,74,225,63
40870,45,239,212,27,2.61,2.41,239,7,42,170
40873,268,798,570,228,2.69,2.84,798,85,267,303
40874,12,80,56,24,2.02,,80,15,56,
40902,79,328,244,84,2.29,3.1,328,22,93,151
40903,137,262,218,44,3.11,2.68,262,10,80,138
40906,964,4348,2671,1677,2.44,2.76,4348,829,1030,1641
40913,47,114,57,57,3.09,4.3,114,0,,57
40914,113,313,137,176,2.83,2.48,313,31,54,83
40915,41,326,167,159,2.9,2.81,326,100,47,120
40921,31,96,67,29,3.09,2.72,96,12,,67
40923,46,239,186,53,2.71,3.64,239,0,77,109
40927,106,250,223,27,2.83,1.96,250,15,36,187
40935,291,878,563,315,2.29,3.13,878,67,105,458
40939,51,55,55,0,2.75,,55,0,13,42
40940,81,121,104,17,2.01,3.0,121,16,44,60
40941,,,,0,,,,0,,
40943,84,245,171,74,3.38,1.49,245,60,57,114
40946,15,20,10,10,3.7,3.4,20,0,,10
40949,81,82,49,33,3.16,3.45,82,0,45,4
40953,43,157,108,49,1.84,2.96,157,0,29,79
40958,25,209,142,67,2.43,3.04,209,9,9,133
40962,1263,6081,4446,1635,2.76,2.61,6081,804,1378,3068
40964,42,24,,24,,,24,14,,
40965,1037,4792,2668,2124,2.41,2.37,4792,541,904,1764
40972,166,530,397,133,3.03,2.55,530,76,121,276
40977,886,3157,2140,1017,2.81,2.31,3157,270,593,1547
40979,,,,0,,,,0,,
40981,,,,0,,,,0,,
40982,45,163,131,32,3.11,6.13,163,0,30,101
40983,38,83,66,17,2.67,5.41,83,0,32,34
40988,37,182,167,15,2.49,,182,32,82,85
40995,15,6,6,0,,,6,6,,6
40997,113,130,55,75,1.29,2.85,130,33,9,46
41001,271,6662,5834,828,2.93,1.8,6662,186,4156,1678
41002,257,970,692,278,2.46,3.14,970,37,376,316
41003,180,843,585,258,2.61,2.33,843,13,308,277
41004,297,1303,958,345,2.91,2.17,1303,55,600,358
41005,677,8416,6796,1620,3.01,2.56,8416,118,5208,1588
41006,284,1433,1081,352,2.45,2.39,1433,43,496,585
41007,133,1657,1536,121,2.91,2.51,1657,22,1061,475
41008,272,2775,1673,1102,2.66,2.3,2775,187,853,820
41010,443,1304,1124,180,2.31,3.29,1304,62,524,600
41011,1713,12605,5550,7055,2.37,1.92,12605,2185,3859,1691
41014,539,2958,1477,1481,2.13,2.52,2958,429,995,482
41015,658,8099,5610,2489,2.7,2.18,8099,571,3897,1713
41016,505,2770,1967,803,2.22,2.09,2770,458,1359,608
41017,586,15870,12021,3849,2.61,2.1,15870,633,8442,3579
41018,787,11497,7422,4075,2.51,2.49,11497,590,5548,1874
41030,42,1969,1389,580,3.14,2.61,1969,21,536,853
41031,529,6433,4532,1901,2.57,2.45,6433,549,2439,2093
41033,259,632,562,70,3.51,2.37,632,0,397,165
41034,47,477,426,51,2.18,2.9,477,19,162,264
41035,317,4386,3088,1298,2.57,2.97,4386,240,1509,1579
41039,131,1009,822,187,2.93,2.14,1009,63,335,487
41040,572,2869,1982,887,2.57,2.66,2869,200,1081,901
41041,385,2939,1929,1010,2.54,2.76,2939,232,949,980
41042,1037,22003,14621,7382,2.56,2.24,22003,917,9857,4764
41043,177,597,501,96,2.8,4.33,597,12,265,236
41044,86,455,367,88,2.92,3.74,455,15,231,136
41045,87,510,384,126,2.64,3.1,510,14,93,291
41046,115,543,452,91,3.26,5.93,543,3,265,187
41048,114,5390,4769,621,3.02,2.62,5390,99,3912,857
41049,157,823,700,123,2.39,1.97,823,139,242,458
41051,305,10947,9300,1647,2.9,2.68,10947,65,7292,2008
41052,26,89,62,27,1.73,3.26,89,24,62,
41055,264,734,643,91,2.39,2.11,734,48,387,256
41056,1287,5345,3395,1950,2.6,2.5,5345,607,1642,1753
41059,92,1175,989,186,2.71,1.52,1175,35,642,347
41063,59,1011,923,88,2.58,2.69,1011,28,493,430
41064,197,794,616,178,2.23,3.53,794,19,261,355
41071,1200,9653,5095,4558,2.18,1.68,9653,1341,3344,1751
41073,320,2683,1770,913,2.17,1.91,2683,117,1212,558
41074,251,2564,1600,964,2.23,2.1,2564,305,1183,417
41075,217,6586,4823,1763,2.9,1.7,6586,282,3098,1725
41076,588,6658,4987,1671,2.41,2.08,6658,212,3193,1794
41080,33,603,547,56,2.61,2.2,603,0,362,185
41083,87,475,402,73,3.01,2.81,475,4,138,264
41085,63,398,278,120,2.66,2.64,398,56,136,142
41086,188,802,684,118,2.32,3.44,802,2,212,472
41091,262,7638,7120,518,3.0,5.04,7638,51,5427,1693
41092,106,1110,934,176,2.88,2.91,1110,20,404,530
41093,325,1074,927,147,2.87,2.46,1074,69,542,385
41094,202,4841,3840,1001,3.09,2.44,4841,127,2553,1287
41095,330,1359,785,574,2.91,2.61,1359,115,359,426
41097,502,2436,1741,695,2.8,2.41,2436,101,878,863
41098,260,638,480,158,2.59,2.35,638,45,238,242
41101,1437,7714,4698,3016,2.6,2.38,7714,917,2622,2076
41102,1334,7346,5176,2170,2.41,2.78,7346,480,2923,2253
41121,135,632,600,32,3.04,1.81,632,0,287,313
41124,112,407,261,146,2.28,3.41,407,11,48,213
41129,632,3511,2688,823,2.71,1.96,3511,175,1457,1231
41132,,168,161,7,1.56,5.43,168,67,11,150
41135,23,107,77,30,2.36,2.83,107,13,21,56
41139,423,3332,2565,767,2.56,2.22,3332,212,1431,1134
41141,315,769,614,155,2.88,2.55,769,66,194,420
41142,,28,28,0,5.79,,28,0,,28
41143,1480,4706,3499,1207,2.9,2.44,4706,359,1390,2109
41144,511,3601,2891,710,2.62,2.67,3601,214,1228,1663
41146,17,184,149,35,2.85,2.77,184,20,7,142
41149,105,154,129,25,3.8,3.0,154,8,44,85
41159,93,164,116,48,3.68,2.6,164,21,31,85
41164,1273,4467,3658,809,2.82,2.46,4467,268,1118,2540
41166,75,315,281,34,3.87,4.53,315,0,156,125
41168,271,981,852,129,3.65,3.62,981,0,593,259
41169,264,2293,1798,495,2.34,2.03,2293,148,1003,795
41171,630,1310,975,335,2.75,2.79,1310,94,293,682
41174,110,400,341,59,2.29,2.24,400,9,131,210
41175,492,2201,1585,616,2.48,2.55,2201,84,549,1036
41179,753,2752,2137,615,2.6,2.45,2752,278,902,1235
41180,196,355,303,52,2.39,2.12,355,16,84,219
41181,,52,52,0,2.4,,52,0,11,41
41183,85,714,480,234,2.39,2.24,714,8,290,190
41189,165,709,532,177,2.66,2.59,709,13,303,229
41201,85,71,63,8,2.89,,71,0,33,30
41203,109,269,250,19,3.49,4.58,269,8,49,201
41204,43,286,221,65,2.9,1.8,286,40,105,116
41214,63,152,25,127,2.4,3.58,152,0,,25
41216,89,549,464,85,2.76,2.54,549,16,272,192
41219,192,696,551,145,2.69,2.51,696,106,225,326
41222,247,995,905,90,2.65,4.28,995,10,526,379
41224,599,1566,1253,313,2.38,2.08,1566,144,343,910
41226,29,74,74,0,3.38,,74,0,32,42
41230,1271,4281,3316,965,3.11,2.3,4281,215,1306,2010
41231,76,420,332,88,2.59,1.8,420,58,103,229
41232,70,172,64,108,2.47,3.2,172,20,17,47
41234,75,202,172,30,2.72,2.67,202,0,107,65
41238,89,341,210,131,2.74,3.12,341,67,51,159
41240,718,2429,1265,1164,2.67,2.43,2429,247,597,668
41250,49,417,364,53,2.17,2.28,417,22,53,311
41254,,239,175,64,3.5,1.75,239,21,71,104
41255,82,261,202,59,2.62,2.27,261,7,62,140
41256,100,848,682,166,2.55,3.48,848,57,360,322
41257,58,238,131,107,3.1,2.98,238,2,54,77
41260,27,258,153,105,2.84,1.85,258,26,97,56
41262,149,317,257,60,3.89,,317,17,89,168
41263,48,107,77,30,3.57,3.97,107,15,15,62
41264,164,257,208,49,3.28,5.12,257,8,152,56
41265,280,460,369,91,2.28,2.77,460,38,221,148
41267,145,291,153,138,5.38,5.12,291,51,37,116
41268,53,337,276,61,2.74,1.98,337,32,196,80
41271,14,89,38,51,2.89,2.92,89,8,,38
41274,13,243,131,112,2.36,1.36,243,49,55,76
41301,495,2143,1470,673,2.71,2.44,2143,501,370,1100
41310,,,,0,,,,0,,
41311,633,2341,1630,711,2.81,1.97,2341,348,601,1029
41314,496,1577,1084,493,2.99,2.46,1577,170,343,741
41317,15,224,189,35,2.4,1.8,224,37,25,164
41332,131,305,278,27,2.87,3.22,305,23,108,170
41339,723,4236,2990,1246,2.54,2.27,4236,537,975,2015
41348,48,465,301,164,2.35,2.42,465,100,60,241
41351,15,8,8,0,,,8,0,,8
41352,35,242,219,23,2.11,2.48,242,15,73,146
41360,35,114,89,25,2.69,3.32,114,0,42,47
41364,40,65,58,7,1.67,1.86,65,6,4,54
41365,66,303,184,119,2.49,1.61,303,38,65,119
41366,43,22,5,17,3.6,,22,17,5,
41367,,98,71,27,1.56,5.22,98,9,15,56
41385,8,248,214,34,2.69,1.18,248,13,71,143
41386,,11,11,0,,,11,7,,11
41390,11,38,38,0,2.16,,38,0,,38
41397,,60,60,0,2.22,,60,0,4,56
41408,10,170,150,20,1.85,2.55,170,36,36,114
41421,9,137,126,11,1.96,4.27,137,0,49,77
41425,168,437,399,38,2.79,2.71,437,39,86,313
41464,58,137,115,22,1.76,4.5,137,0,12,103
41465,848,4134,3080,1054,2.61,2.68,4134,417,831,2249
41472,797,3300,2520,780,2.86,2.67,3300,267,1130,1390
41501,1405,9306,5785,3521,2.59,1.94,9306,903,2355,3430
41503,93,149,118,31,2.82,2.19,149,23,29,89
41512,76,250,235,15,2.17,,250,10,146,89
41513,27,196,161,35,1.83,1.74,196,0,27,134
41514,311,1190,821,369,2.03,2.86,1190,85,207,614
41517,,22,22,0,2.0,,22,0,10,12
41519,63,312,244,68,2.5,1.25,312,38,90,154
41522,433,2004,1519,485,2.56,2.85,2004,158,378,1141
41524,8,95,86,9,2.47,3.22,95,7,22,64
41526,,23,,23,,2.04,23,0,,
41527,40,345,329,16,2.36,2.06,345,19,151,178
41528,86,154,134,20,2.63,3.85,154,10,59,75
41531,51,376,295,81,2.73,2.19,376,0,160,135
41534,122,97,97,0,2.21,,97,0,35,62
41535,,286,221,65,2.84,1.25,286,20,158,63
41537,459,1620,1218,402,2.4,2.98,1620,204,332,886
41538,127,115,87,28,1.99,4.79,115,34,17,70
41539,81,693,596,97,2.0,2.41,693,11,210,386
41540,53,95,75,20,2.36,6.7,95,9,28,47
41543,100,252,161,91,2.64,1.67,252,11,36,125
41544,73,209,178,31,2.78,1.9,209,22,66,112
41547,,367,288,79,1.98,1.96,367,57,17,271
41548,208,453,332,121,3.52,1.3,453,107,78,254
41553,42,781,749,32,2.94,2.09,781,0,270,479
41554,132,296,268,28,2.94,,296,28,56,212
41555,128,309,277,32,3.6,3.03,309,19,20,257
41557,129,858,758,100,2.45,1.98,858,17,219,539
41558,58,310,211,99,2.2,2.85,310,13,76,135
41559,32,184,155,29,1.54,2.31,184,0,11,144
41560,64,77,64,13,2.17,4.31,77,0,16,48
41562,141,955,758,197,2.2,2.89,955,36,311,447
41563,51,114,107,7,2.79,3.57,114,15,23,84
41564,102,241,237,4,2.39,,241,4,32,205
41566,63,199,119,80,2.99,2.84,199,18,26,93
41567,65,33,25,8,2.84,1.88,33,0,18,7
41568,111,350,350,0,1.88,,350,110,85,265
41571,65,208,182,26,3.24,2.35,208,20,6,176
41572,360,1375,1236,139,2.32,2.14,1375,88,326,910
41601,166,288,194,94,1.57,2.36,288,51,19,175
41602,4,346,297,49,3.15,1.98,346,0,222,75
41603,278,671,377,294,2.03,3.5,671,32,124,253
41604,112,197,185,12,2.86,,197,27,70,115
41605,74,347,327,20,2.28,,347,20,155,172
41606,54,251,222,29,2.43,2.0,251,10,56,166
41607,65,169,162,7,2.46,2.14,169,74,82,80
41612,14,126,103,23,1.66,,126,56,34,69
41615,104,137,125,12,2.68,6.0,137,12,28,97
41616,55,248,175,73,2.58,1.84,248,21,24,151
41619,64,141,87,54,2.4,2.11,141,23,27,60
41621,18,71,51,20,1.8,3.9,71,0,38,13
41622,,86,76,10,1.61,,86,0,13,63
41630,21,337,247,90,2.26,2.68,337,26,111,136
41631,51,288,199,89,3.0,2.63,288,65,58,141
41632,30,229,156,73,2.73,1.1,229,16,31,125
41635,208,1263,948,315,2.65,2.11,1263,35,318,630
41636,27,433,290,143,2.27,2.43,433,84,48,242
41640,17,441,315,126,2.07,3.52,441,13,87,228
41642,35,315,170,145,4.22,2.1,315,71,52,118
41643,,65,44,21,1.52,2.57,65,25,,44
41645,197,299,233,66,2.91,2.52,299,0,154,79
41647,110,502,482,20,2.37,2.05,502,31,55,427
41649,216,950,641,309,2.34,2.71,950,74,202,439
41650,129,194,123,71,3.22,1.61,194,0,,123
41651,22,76,30,46,1.77,1.87,76,0,30,
41653,754,4135,2856,1279,2.31,2.28,4135,259,1194,1662
41655,61,477,228,249,2.74,2.58,477,26,70,158
41659,23,299,231,68,2.74,1.6,299,11,135,96
41660,105,102,102,0,4.82,,102,0,80,22
41663,65,115,52,63,3.27,3.43,115,35,29,23
41666,186,375,277,98,3.66,3.0,375,19,127,150
41667,62,115,115,0,2.92,,115,14,25,90
41669,101,256,194,62,2.91,2.16,256,56,79,115
41701,1124,6092,4352,1740,2.45,2.74,6092,564,1790,2562
41712,31,118,87,31,2.14,6.19,118,0,60,27
41713,,44,44,0,7.61,,44,0,,44
41714,68,172,164,8,3.78,,172,8,111,53
41719,96,481,398,83,2.43,1.28,481,15,134,264
41721,14,327,237,90,1.79,1.79,327,48,18,219
41722,74,509,398,111,2.29,2.23,509,47,75,323
41723,193,465,312,153,2.78,2.73,465,49,63,249
41725,64,181,168,13,3.67,5.62,181,0,6,162
41727,,553,501,52,2.65,2.12,553,6,289,212
41729,,,,0,,,,0,,
41731,98,355,309,46,2.29,1.7,355,22,81,228
41735,9,63,34,29,2.0,1.97,63,4,,34
41739,,48,48,0,2.6,,48,0,,48
41740,104,216,163,53,3.39,4.4,216,34,43,120
41745,18,187,165,22,3.21,7.36,187,14,31,134
41746,106,261,209,52,2.5,2.79,261,33,83,126
41749,373,939,875,64,2.11,4.0,939,15,458,417
41751,56,112,90,22,2.71,2.27,112,0,15,75
41754,71,263,260,3,2.28,,263,4,,260
41759,87,209,127,82,3.17,1.63,209,0,31,96
41760,,180,180,0,2.06,,180,63,59,121
41762,,,,0,,,,0,,
41763,20,233,213,20,3.19,2.25,233,9,52,161
41764,25,219,197,22,2.06,2.09,219,24,11,186
41766,,209,209,0,3.24,,209,25,35,174
41772,9,135,118,17,4.03,1.71,135,0,43,75
41773,74,504,368,136,2.21,2.72,504,72,70,298
41774,173,1033,887,146,2.36,2.09,1033,36,254,633
41775,44,35,35,0,2.17,,35,0,,35
41776,249,464,414,50,4.3,4.22,464,65,166,248
41777,67,382,325,57,2.26,5.21,382,86,135,190
41778,,108,108,0,,,108,0,,108
41804,50,343,324,19,3.57,4.05,343,38,208,116
41810,101,144,104,40,2.48,2.6,144,0,,104
41812,20,115,92,23,2.07,,115,0,18,74
41815,49,282,124,158,3.19,1.77,282,0,7,117
41817,98,227,174,53,2.6,3.13,227,0,40,134
41819,70,201,187,14,1.76,,201,0,68,119
41821,22,89,89,0,2.8,,89,0,15,74
41822,93,712,491,221,2.17,2.75,712,90,108,383
41824,103,331,253,78,2.72,1.04,331,63,49,204
41825,34,115,78,37,2.6,2.11,115,13,29,49
41826,,233,204,29,2.72,1.76,233,23,37,167
41828,74,223,176,47,3.08,3.17,223,3,58,118
41831,105,474,362,112,2.44,1.1,474,36,65,297
41832,64,141,85,56,1.84,2.14,141,21,34,51
41833,53,69,46,23,2.78,2.3,69,11,33,13
41834,35,142,54,88,1.96,2.7,142,0,14,40
41835,167,276,217,59,2.92,1.39,276,14,61,156
41836,148,344,222,122,3.2,1.52,344,0,72,150
41837,22,219,219,0,3.68,,219,0,71,148
41838,,331,197,134,4.09,2.33,331,0,78,119
41839,41,224,183,41,2.99,3.07,224,13,89,94
41840,147,328,244,84,2.64,4.43,328,15,55,189
41843,,209,165,44,1.83,,209,67,27,138
41844,66,499,206,293,1.81,2.13,499,54,23,183
41845,57,141,141,0,2.12,,141,38,5,136
41847,63,113,78,35,2.15,,113,0,4,74
41848,,,,0,,,,0,,
41849,12,73,73,0,2.12,,73,0,,73
41855,144,304,283,21,2.33,,304,0,52,231
41858,692,3106,2145,961,2.25,2.92,3106,196,804,1341
41859,,111,90,21,2.0,2.48,111,0,37,53
41861,34,140,113,27,2.96,2.15,140,11,32,81
41862,105,360,298,62,2.13,3.55,360,16,120,178
42001,1967,12874,7898,4976,2.46,2.23,12874,810,4320,3578
42003,2332,11256,7276,3980,2.68,2.09,11256,1048,3692,3584
42020,110,777,752,25,2.48,1.88,777,51,424,328
42021,187,530,424,106,2.52,2.87,530,12,217,207
42022,57,28,28,0,2.64,,28,0,20,8
42023,270,829,668,161,2.61,3.08,829,33,251,417
42024,220,426,308,118,2.13,2.13,426,15,151,157
42025,1580,8127,6901,1226,2.44,1.83,8127,536,3434,3467
42027,371,700,584,116,2.37,2.14,700,0,230,354
42028,89,217,203,14,2.93,4.36,217,0,129,74
42029,390,2634,1886,748,2.45,1.92,2634,75,912,974
42031,383,1218,890,328,2.47,3.18,1218,106,363,527
42032,55,105,98,7,2.56,1.57,105,0,11,87
42035,15,353,283,70,2.88,3.14,353,6,122,161
42036,61,516,462,54,1.82,2.19,516,0,262,200
42037,,,,0,,,,0,,
42038,1022,2037,1673,364,2.33,2.67,2037,63,973,700
42039,178,552,413,139,2.55,1.55,552,24,187,226
42040,34,345,317,28,2.31,1.5,345,16,135,182
42041,536,1667,1145,522,2.88,2.99,1667,279,294,851
42044,783,1508,1312,196,2.54,2.71,1508,42,693,619
42045,297,904,768,136,2.68,1.74,904,31,365,403
42047,12,72,8,64,1.75,2.86,72,0,,8
42048,315,721,566,155,2.25,2.17,721,27,300,266
42049,187,617,478,139,2.69,2.78,617,34,325,153
42050,444,1087,801,286,2.45,2.52,1087,114,343,458
42051,198,981,877,104,2.8,2.86,981,0,488,389
42053,397,2056,1681,375,2.64,2.63,2056,105,754,927
42054,147,493,344,149,2.51,1.48,493,8,169,175
42055,532,1083,1027,56,2.09,2.88,1083,17,391,636
42056,192,555,462,93,2.92,2.02,555,46,180,282
42058,182,800,705,95,2.63,3.2,800,0,365,340
42060,22,,,0,,,,0,,
42061,24,56,56,0,1.25,,56,0,,56
42064,848,3041,2460,581,2.43,3.02,3041,172,1046,1414
42066,1183,9457,6453,3004,2.55,2.43,9457,623,3457,2996
42069,58,219,173,46,2.32,3.35,219,15,155,18
42071,2424,11690,7099,4591,2.46,2.03,11690,518,3540,3559
42076,430,485,317,168,2.23,1.21,485,8,110,207
42078,204,770,688,82,2.36,2.11,770,45,287,401
42079,145,460,363,97,3.04,3.43,460,0,184,179
42081,252,761,643,118,2.12,3.56,761,4,237,406
42082,127,867,803,64,2.28,2.83,867,21,455,348
42083,72,187,131,56,2.53,2.77,187,0,55,76
42085,81,270,255,15,2.64,1.53,270,15,92,163
42086,218,1540,1325,215,2.74,2.48,1540,8,778,547
42087,156,1009,872,137,2.81,2.61,1009,48,427,445
42088,137,835,659,176,2.62,2.23,835,17,268,391
42101,2708,22496,10672,11824,2.7,2.37,22496,1859,6792,3880
42103,532,9100,5445,3655,2.48,2.17,9100,290,3238,2207
42104,1044,15334,9734,5600,2.64,2.14,15334,1142,6233,3501
42120,162,848,636,212,3.63,2.53,848,10,374,262
42122,173,2056,1882,174,2.79,2.38,2056,85,1365,517
42123,125,438,355,83,2.5,2.59,438,39,183,172
42124,13,30,30,0,2.17,,30,0,23,7
42127,314,2894,1575,1319,2.47,2.3,2894,277,905,670
42129,473,2846,2110,736,2.44,2.42,2846,143,761,1349
42130,36,58,58,0,2.55,,58,0,26,32
42131,,44,44,0,3.23,,44,5,36,8
42133,167,550,367,183,2.19,2.34,550,8,168,199
42134,1022,6876,4501,2375,2.77,2.47,6876,197,2614,1887
42140,150,455,353,102,2.32,2.9,455,22,146,207
42141,1556,12262,8377,3885,2.51,2.47,12262,573,4388,3989
42151,55,67,67,0,2.25,,67,0,16,51
42153,,31,24,7,2.46,,31,0,8,16
42154,81,193,193,0,2.44,,193,8,97,96
42156,94,159,159,0,1.8,,159,0,88,71
42157,14,168,130,38,4.66,2.08,168,3,63,67
42159,91,723,512,211,2.06,2.04,723,3,365,147
42160,78,618,417,201,3.79,2.38,618,65,194,223
42163,,21,,21,,1.95,21,0,,
42164,1263,6359,4791,1568,2.63,2.48,6359,360,2360,2431
42166,139,877,722,155,2.84,3.09,877,34,246,476
42167,446,3460,2363,1097,2.4,2.44,3460,281,1024,1339
42170,14,580,465,115,2.37,1.17,580,18,225,240
42171,349,2425,1990,435,2.86,2.12,2425,34,1357,633
42202,161,768,594,174,2.62,2.19,768,72,245,349
42204,72,280,211,69,2.48,1.46,280,20,145,66
42206,202,2128,1599,529,2.62,2.68,2128,35,837,762
42207,201,451,367,84,2.04,3.35,451,15,165,202
42210,310,1970,1564,406,2.41,2.27,1970,96,710,854
42211,1819,5313,4237,1076,2.5,2.21,5313,323,2337,1900
42214,7,257,211,46,2.09,2.63,257,7,72,139
42215,33,645,560,85,2.79,2.76,645,53,269,291
42217,185,1270,1043,227,2.56,2.75,1270,117,414,629
42220,341,2299,1744,555,2.65,2.39,2299,128,980,764
42223,435,4346,1,4345,7.0,3.38,4346,88,,1
42232,59,210,176,34,2.89,2.03,210,17,151,25
42234,151,893,550,343,2.24,3.31,893,137,229,321
42236,64,240,177,63,3.67,1.43,240,7,65,112
42240,2368,16619,8850,7769,2.49,2.26,16619,1441,4723,4127
42252,,26,26,0,3.08,,26,0,11,15
42254,4,117,78,39,1.74,1.77,117,5,36,42
42256,938,1984,1757,227,2.35,2.62,1984,132,737,1020
42259,667,416,344,72,2.44,2.54,416,12,108,236
42261,819,3551,2488,1063,2.86,2.61,3551,231,1147,1341
42262,415,3280,1243,2037,2.76,2.75,3280,204,992,251
42265,,329,233,96,3.58,1.84,329,0,116,117
42266,213,832,693,139,3.18,2.33,832,149,336,357
42273,61,264,225,39,2.34,2.72,264,3,48,177
42274,56,971,845,126,2.51,1.14,971,32,512,333
42275,27,310,235,75,3.01,2.56,310,5,119,116
42276,695,6038,4026,2012,2.49,2.49,6038,442,2368,1658
42280,63,146,137,9,2.93,3.89,146,16,73,64
42285,12,167,158,9,2.77,,167,0,61,97
42286,98,495,360,135,4.18,3.44,495,97,92,268
42301,1266,18528,11574,6954,2.49,2.23,18528,1722,7058,4516
42303,1280,16483,10879,5604,2.49,2.3,16483,998,6347,4532
42320,326,3341,2341,1000,2.69,2.52,3341,123,1258,1083
42321,58,160,160,0,2.35,,160,13,111,49
42322,31,51,51,0,2.69,,51,0,51,
42323,56,242,166,76,3.19,1.91,242,28,86,80
42324,59,413,371,42,2.6,1.86,413,12,219,152
42325,90,647,482,165,2.69,1.72,647,42,256,226
42326,57,101,82,19,3.37,,101,0,46,36
42327,124,1595,1278,317,2.92,1.98,1595,107,751,527
42328,49,435,364,71,2.74,3.23,435,17,175,189
42330,459,3501,2869,632,2.72,2.45,3501,88,1313,1556
42332,38,83,55,28,1.75,1.36,83,0,8,47
42333,77,332,252,80,2.18,4.74,332,23,19,233
42337,124,614,515,99,3.09,3.38,614,79,291,224
42338,,21,21,0,1.24,,21,0,21,
42339,75,312,287,25,3.04,2.16,312,0,160,127
42343,159,532,426,106,2.56,4.47,532,43,158,268
42344,88,325,296,29,3.12,2.03,325,0,102,194
42345,694,4513,3560,953,2.61,2.27,4513,309,1612,1948
42347,390,2244,1708,536,2.65,2.23,2244,129,891,817
42348,263,1911,1594,317,2.68,2.33,1911,92,780,814
42349,129,564,454,110,2.76,5.27,564,16,172,282
42350,79,550,473,77,2.57,2.84,550,8,188,285
42351,120,1716,1321,395,2.58,2.92,1716,58,728,593
42352,151,756,548,208,2.35,1.98,756,82,267,281
42354,9,87,70,17,2.81,3.29,87,3,46,24
42355,107,570,463,107,2.38,2.2,570,20,237,226
42356,,,,0,,,,0,,
42361,77,233,223,10,3.1,,233,5,70,153
42366,224,1969,1839,130,2.72,2.46,1969,26,1047,792
42367,139,307,286,21,2.71,3.05,307,4,86,200
42368,63,438,424,14,2.8,1.57,438,4,229,195
42369,23,103,96,7,2.86,3.29,103,1,39,57
42370,,37,37,0,2.35,,37,0,16,21
42371,65,127,119,8,1.65,,127,0,34,85
42372,92,671,566,105,2.2,1.95,671,38,306,260
42374,22,58,50,8,2.92,3.63,58,0,25,25
42376,164,2336,2063,273,2.55,2.72,2336,31,1188,875
42378,138,1245,1120,125,2.69,2.38,1245,18,622,498
42404,183,842,697,145,2.76,2.74,842,80,271,426
42406,122,979,790,189,2.58,2.19,979,2,526,264
42408,550,2579,1922,657,2.7,2.1,2579,237,887,1035
42409,147,814,643,171,2.78,2.36,814,16,311,332
42410,233,403,274,129,2.26,3.51,403,52,117,157
42411,131,743,652,91,2.3,2.62,743,15,270,382
42413,25,1095,962,133,2.18,2.53,1095,10,467,495
42420,1633,15524,9357,6167,2.49,2.25,15524,1207,5144,4213
42431,1463,10884,6769,4115,2.46,2.32,10884,628,3678,3091
42436,35,576,412,164,2.69,2.51,576,0,182,230
42437,556,2629,1731,898,2.54,2.38,2629,198,851,880
42440,42,430,327,103,2.43,2.53,430,26,139,188
42441,130,579,446,133,2.75,2.08,579,31,245,201
42442,247,1194,935,259,2.62,3.22,1194,52,487,448
42444,,,,0,,,,0,,
42445,585,4370,3117,1253,2.38,2.18,4370,508,1469,1648
42450,439,1636,1209,427,2.33,2.42,1636,159,352,857
42451,,222,171,51,2.98,2.55,222,0,28,143
42452,105,861,757,104,2.73,1.65,861,0,439,318
42453,6,211,168,43,2.58,3.4,211,5,67,101
42455,175,1042,649,393,3.32,2.95,1042,26,363,286
42456,56,641,540,101,2.05,1.75,641,27,266,274
42458,51,546,546,0,2.35,,546,16,348,198
42459,253,1514,1141,373,2.67,1.76,1514,40,629,512
42461,120,528,350,178,2.11,2.03,528,31,149,201
42462,55,421,404,17,3.4,2.76,421,4,214,190
42463,4,75,63,12,2.29,1.33,75,3,30,33
42464,104,683,610,73,2.21,1.55,683,49,330,280
42501,1409,6471,4057,2414,2.52,2.47,6471,495,2177,1880
42503,1262,10033,6928,3105,2.61,2.36,10033,523,3176,3752
42516,34,221,213,8,2.78,2.13,221,11,35,178
42518,1082,1062,803,259,2.5,4.35,1062,67,409,394
42519,1158,1187,932,255,2.6,2.84,1187,129,370,562
42528,212,654,548,106,2.76,3.09,654,63,158,390
42533,57,351,194,157,3.42,1.87,351,55,102,92
42539,865,3710,2692,1018,2.68,2.17,3710,276,1163,1529
42541,70,112,97,15,1.95,2.8,112,0,,97
42544,1611,2412,2064,348,2.33,2.35,2412,104,1056,1008
42553,193,2197,1774,423,2.66,3.19,2197,155,811,963
42565,78,239,195,44,3.28,2.55,239,73,114,81
42566,155,107,96,11,2.9,6.0,107,0,29,67
42567,555,2159,1739,420,2.15,2.63,2159,188,783,956
42602,1167,3754,2745,1009,2.28,2.82,3754,237,974,1771
42603,53,194,163,31,2.41,4.13,194,0,73,90
42629,1129,2237,1698,539,2.32,2.35,2237,75,773,925
42631,,54,,54,,3.54,54,0,,
42633,1887,7333,5239,2094,2.37,2.71,7333,473,2054,3185
42634,94,564,508,56,2.84,2.8,564,42,275,233
42635,103,1615,905,710,2.69,2.09,1615,232,388,517
42638,49,46,46,0,3.41,,46,0,,46
42642,1451,4726,3305,1421,2.5,2.81,4726,156,1482,1823
42647,236,1225,870,355,2.75,3.21,1225,22,357,513
42649,178,634,560,74,2.06,2.49,634,50,151,409
42653,561,1380,934,446,3.05,2.66,1380,122,493,441
42701,1562,21283,13107,8176,2.6,2.1,21283,1383,8614,4493
42712,163,648,527,121,2.43,3.8,648,39,170,357
42713,152,761,543,218,2.19,2.79,761,16,188,355
42715,12,91,79,12,2.41,1.58,91,0,18,61
42716,88,669,522,147,2.29,1.72,669,50,346,176
42717,961,2448,1796,652,2.54,2.0,2448,210,637,1159
42718,1333,9837,6548,3289,2.61,2.36,9837,509,3481,3067
42721,480,1277,1017,260,2.9,2.81,1277,50,391,626
42722,43,198,173,25,2.19,1.64,198,18,71,102
42724,159,1875,1642,233,2.8,2.2,1875,10,797,845
42726,1333,1791,1419,372,2.76,3.31,1791,94,596,823
42728,1431,6078,4555,1523,2.46,2.41,6078,383,2186,2369
42729,513,577,508,69,2.35,2.54,577,30,153,355
42732,189,673,478,195,3.35,3.7,673,0,241,237
42733,173,589,402,187,3.03,2.88,589,9,126,276
42740,127,961,642,319,2.25,2.46,961,19,261,381
42741,13,121,104,17,4.84,3.59,121,4,74,30
42742,,31,31,0,3.52,,31,0,31,
42743,675,3558,2474,1084,2.55,2.43,3558,164,1109,1365
42746,269,747,608,139,3.2,2.94,747,63,426,182
42748,307,3444,2680,764,2.61,2.54,3444,102,1373,1307
42749,454,2070,1491,579,2.36,2.84,2070,130,734,757
42753,67,304,265,39,2.36,2.21,304,12,134,131
42754,1471,5816,4177,1639,2.73,2.52,5816,292,1855,2322
42757,203,1263,1002,261,2.39,3.1,1263,40,563,439
42758,24,12,12,0,3.0,,12,0,12,
42759,,6,6,0,6.0,,6,0,6,
42762,,41,26,15,5.0,3.2,41,15,15,11
42764,26,176,140,36,1.91,3.75,176,8,87,53
42765,358,2278,1607,671,3.24,2.19,2278,421,752,855
42776,110,768,654,114,2.81,2.75,768,36,381,273
42782,112,289,256,33,2.57,2.36,289,17,159,97
42784,116,1044,798,246,2.64,1.78,1044,18,488,310
42788,,140,124,16,2.04,,140,0,72,52
43001,122,1072,999,73,2.35,3.05,1072,16,591,408
43002,,319,227,92,1.54,,319,0,197,30
43003,159,1095,822,273,2.5,2.49,1095,16,618,204
43004,252,10941,8821,2120,2.81,2.9,10941,212,7304,1517
43005,,168,112,56,1.63,5.02,168,0,104,8
43006,21,156,103,53,2.47,1.83,156,10,61,42
43007,,31,23,8,1.52,1.5,31,0,23,
43008,386,1036,727,309,2.02,3.1,1036,62,461,266
43009,28,680,576,104,2.88,3.38,680,11,404,172
43010,12,102,89,13,2.35,2.31,102,1,55,34
43011,157,2485,2151,334,2.92,2.35,2485,29,1654,497
43013,40,521,441,80,3.13,2.06,521,24,370,71
43014,145,1194,881,313,3.44,2.04,1194,188,519,362
43015,1154,21467,15122,6345,2.73,2.07,21467,1004,10910,4212
43016,1121,18509,10393,8116,2.7,2.03,18509,580,7464,2929
43017,917,15888,10497,5391,2.8,2.23,15888,498,7509,2988
43018,31,25,25,0,1.92,,25,0,14,11
43019,130,3392,2856,536,2.87,2.69,3392,285,1723,1133
43021,177,4392,4100,292,3.05,2.53,4392,56,3182,918
43022,121,929,590,339,2.51,2.32,929,37,270,320
43023,278,4485,3835,650,2.85,2.05,4485,164,2506,1329
43025,377,2059,1563,496,2.66,2.01,2059,69,1079,484
43026,690,24574,16980,7594,2.79,2.08,24574,675,13003,3977
43027,,54,,54,,3.48,54,0,,
43028,741,2802,2405,397,2.78,2.87,2802,168,1400,1005
43029,30,135,83,52,2.7,3.29,135,0,40,43
43030,,104,104,0,2.07,,104,0,40,64
43031,140,5125,3988,1137,2.78,2.16,5125,138,2889,1099
43032,,,,0,,,,0,,
43033,15,192,148,44,2.58,2.2,192,13,109,39
43035,427,11235,8597,2638,3.15,2.33,11235,147,7007,1590
43036,9,146,81,65,2.37,2.29,146,1,64,17
43037,9,62,28,34,3.36,3.24,62,7,12,16
43040,468,12645,9792,2853,2.71,2.11,12645,449,7210,2582
43044,137,1967,1439,528,2.63,2.16,1967,119,870,569
43045,27,641,564,77,2.92,3.27,641,59,463,101
43046,313,1463,1153,310,2.31,2.51,1463,36,761,392
43047,,9,9,0,2.44,,9,0,4,5
43050,1405,12151,8123,4028,2.42,2.29,12151,650,5125,2998
43054,573,10624,7045,3579,2.99,1.99,10624,111,5664,1381
43055,2803,24398,14845,9553,2.57,2.39,24398,1842,9550,5295
43056,477,6957,5577,1380,2.58,2.42,6957,303,3165,2412
43060,52,1050,767,283,2.53,2.59,1050,48,479,288
43061,34,1601,1543,58,3.19,2.71,1601,1,1015,528
43062,641,11281,9108,2173,2.9,2.27,11281,423,6789,2319
43064,306,5711,4822,889,3.04,2.51,5711,30,3345,1477
43065,550,15864,14313,1551,2.85,2.27,15864,235,10244,4069
43066,10,465,432,33,2.28,1.45,465,14,285,147
43067,47,439,406,33,2.87,,439,0,353,53
43068,913,23078,13383,9695,2.62,2.41,23078,1148,9918,3465
43070,,32,32,0,2.16,,32,0,16,16
43071,53,790,720,70,2.73,3.4,790,0,470,250
43072,240,2312,1819,493,2.41,2.42,2312,48,1151,668
43074,302,5485,4500,985,2.79,2.51,5485,143,3480,1020
43076,543,3331,2914,417,2.56,1.99,3331,70,1733,1181
43077,5,61,47,14,5.09,1.86,61,1,31,16
43078,815,8360,6110,2250,2.38,2.4,8360,463,3550,2560
43080,147,1604,984,620,2.9,3.05,1604,57,539,445
43081,1405,26339,16659,9680,2.51,2.13,26339,812,12498,4161
43082,659,11822,10321,1501,2.91,1.96,11822,267,7824,2497
43084,30,227,195,32,3.56,2.38,227,2,106,89
43085,381,10399,7452,2947,2.65,2.25,10399,308,5150,2302
43101,14,147,68,79,2.68,1.94,147,17,43,25
43102,138,1577,1302,275,2.36,2.87,1577,2,737,565
43103,123,4076,3038,1038,3.14,2.33,4076,162,2080,958
43105,181,3225,2587,638,2.84,2.12,3225,169,1684,903
43106,40,614,414,200,2.76,3.13,614,35,272,142
43107,140,1301,1061,240,2.36,3.26,1301,54,710,351
43109,,81,33,48,2.91,1.38,81,11,27,6
43110,673,15795,9255,6540,2.53,2.21,15795,386,6943,2312
43111,,41,41,0,2.29,,41,0,20,21
43112,85,1613,1438,175,3.14,2.62,1613,53,1019,419
43113,691,9721,6426,3295,2.48,2.37,9721,627,3715,2711
43115,10,538,381,157,3.54,3.41,538,125,228,153
43116,14,783,740,43,3.29,4.05,783,3,621,119
43117,,29,5,24,,2.67,29,0,,5
43119,259,10988,8580,2408,2.71,2.15,10988,265,6238,2342
43123,1182,26411,19367,7044,2.59,2.26,26411,841,14388,4979
43125,182,5496,3260,2236,2.62,2.33,5496,72,2176,1084
43126,14,152,106,46,2.29,2.89,152,4,56,50
43127,21,110,71,39,3.41,3.21,110,0,32,39
43128,54,906,553,353,2.37,2.46,906,98,297,256
43130,2201,23921,16396,7525,2.59,2.21,23921,1529,10772,5624
43135,291,1743,1521,222,2.27,2.12,1743,86,642,879
43136,,798,677,121,2.95,2.14,798,25,511,166
43137,87,929,800,129,2.43,2.15,929,19,405,395
43138,1019,7426,5495,1931,2.58,2.39,7426,243,3570,1925
43140,531,7806,5641,2165,2.51,2.22,7806,372,3847,1794
43142,6,60,36,24,1.5,2.42,60,2,19,17
43143,235,2042,1419,623,2.67,2.91,2042,42,1017,402
43144,34,181,124,57,1.94,3.25,181,0,53,71
43145,111,815,617,198,2.47,2.49,815,53,366,251
43146,333,3655,3230,425,2.53,2.99,3655,104,2335,895
43147,741,14796,12719,2077,3.07,2.64,14796,276,9595,3124
43148,55,689,519,170,2.57,3.12,689,6,290,229
43149,144,1074,974,100,2.4,3.14,1074,75,476,498
43150,16,893,788,105,2.69,2.34,893,38,441,347
43151,,86,56,30,2.82,2.5,86,0,26,30
43152,72,310,291,19,1.84,1.53,310,0,120,171
43153,45,363,238,125,2.73,2.86,363,4,174,64
43154,6,1247,1096,151,3.18,2.62,1247,2,605,491
43155,222,982,779,203,2.65,1.28,982,15,527,252
43156,28,83,70,13,2.13,3.38,83,2,33,37
43157,47,193,129,64,2.95,3.84,193,9,68,61
43158,,132,89,43,3.45,2.53,132,0,70,19
43160,937,8956,5533,3423,2.5,2.29,8956,719,3371,2162
43162,156,2681,2128,553,2.58,2.29,2681,87,1389,739
43164,83,824,588,236,2.65,2.81,824,10,391,197
43201,2272,14156,2448,11708,1.99,2.26,14156,1775,1814,634
43202,723,9384,2936,6448,2.17,2.15,9384,895,2232,704
43203,1091,4122,1264,2858,2.05,2.24,4122,1189,928,336
43204,1921,17589,9212,8377,2.3,2.64,17589,1243,5635,3577
43205,1869,5415,1896,3519,2.28,2.18,5415,952,1309,587
43206,1677,11090,5164,5926,1.91,2.12,11090,992,3398,1766
43207,1983,18992,11564,7428,2.39,2.4,18992,1914,7038,4526
43209,989,12061,6967,5094,2.54,1.93,12061,858,5020,1947
43210,206,148,,148,,3.03,148,61,,
43211,1314,8696,3309,5387,2.43,2.69,8696,1745,1656,1653
43212,869,11970,4044,7926,2.45,1.54,11970,653,2838,1206
43213,1186,15582,6288,9294,2.38,2.25,15582,1967,4287,2001
43214,1224,12859,8215,4644,2.13,1.85,12859,1038,5942,2273
43215,1477,10221,2134,8087,1.36,1.45,10221,1502,1497,637
43217,102,738,91,647,2.16,3.05,738,25,48,43
43218,,,,0,,,,0,,
43219,1088,11826,5120,6706,2.6,2.67,11826,1338,3103,2017
43220,689,13230,6498,6732,2.57,1.85,13230,605,4581,1917
43221,665,14627,10155,4472,2.45,2.29,14627,219,7208,2947
43222,447,1657,425,1232,3.5,2.13,1657,312,226,199
43223,1171,9103,4416,4687,2.51,2.96,9103,1356,2723,1693
43224,1362,18098,9076,9022,2.38,2.57,18098,1860,5946,3130
43227,714,9985,4809,5176,2.53,2.43,9985,1263,3319,1490
43228,1656,22983,11015,11968,2.49,2.41,22983,1520,7956,3059
43229,1161,21939,8791,13148,2.6,2.46,21939,1884,6280,2511
43230,1082,24594,14566,10028,2.62,2.04,24594,971,10503,4063
43231,518,8528,4416,4112,2.77,2.58,8528,482,3360,1056
43232,1041,18943,7526,11417,2.61,2.41,18943,1890,5461,2065
43235,952,19107,10449,8658,2.5,2.0,19107,668,6996,3453
43240,50,3554,1008,2546,2.25,1.77,3554,113,725,283
43302,2629,19972,12884,7088,2.54,2.36,19972,1599,7780,5104
43310,357,1142,990,152,2.41,2.21,1142,37,647,343
43311,991,8089,5485,2604,2.59,2.1,8089,695,3880,1605
43314,106,1173,872,301,2.54,2.43,1173,43,563,309
43315,251,2746,2030,716,2.55,2.44,2746,87,1184,846
43316,218,2514,1741,773,2.68,2.04,2514,67,1023,718
43317,4,60,40,20,2.45,2.5,60,0,24,16
43318,68,1628,1359,269,2.39,2.39,1628,72,822,537
43319,,406,378,28,2.4,3.61,406,0,230,148
43320,103,516,467,49,2.38,2.71,516,20,259,208
43321,8,120,101,19,2.61,4.32,120,1,67,34
43322,14,126,87,39,3.05,2.15,126,7,41,46
43323,33,312,273,39,2.06,2.15,312,1,134,139
43324,604,1074,934,140,2.33,2.36,1074,38,590,344
43325,,24,9,15,1.89,6.27,24,0,,9
43326,498,5297,3713,1584,2.43,2.3,5297,419,2057,1656
43330,4,32,20,12,2.1,1.17,32,5,16,4
43331,1703,2025,1685,340,1.94,2.46,2025,46,799,886
43332,121,677,539,138,2.08,2.61,677,20,322,217
43333,,285,261,24,3.25,,285,0,146,115
43334,103,2466,2088,378,2.59,2.22,2466,31,1439,649
43336,,,,0,,,,0,,
43337,65,398,327,71,2.06,2.3,398,0,188,139
43338,634,3757,2939,818,2.73,2.46,3757,235,1687,1252
43340,54,703,498,205,3.48,2.34,703,122,320,178
43341,57,419,389,30,2.35,,419,27,156,233
43342,146,1275,1081,194,2.67,3.01,1275,0,648,433
43343,60,632,514,118,1.92,1.57,632,13,347,167
43344,302,2260,1871,389,2.59,2.74,2260,90,1409,462
43345,17,356,333,23,2.79,1.78,356,29,239,94
43346,,15,,15,,4.67,15,0,,
43347,19,474,405,69,2.81,3.51,474,20,214,191
43348,679,1001,598,403,2.04,1.98,1001,120,297,301
43350,,101,57,44,1.86,3.09,101,9,23,34
43351,304,4456,3152,1304,2.58,1.81,4456,394,1799,1353
43356,37,429,329,100,2.5,1.82,429,62,229,100
43357,87,1672,1285,387,2.83,1.63,1672,61,889,396
43358,83,1006,800,206,2.65,1.98,1006,14,445,355
43359,25,251,172,79,2.45,3.06,251,4,65,107
43360,80,676,551,125,2.9,2.1,676,5,472,79
43402,713,14033,6012,8021,2.54,1.99,14033,872,3890,2122
43403,,6,,6,,,6,0,,
43406,39,698,574,124,2.46,2.4,698,16,306,268
43407,74,207,194,13,2.58,4.31,207,0,80,114
43408,20,104,94,10,3.56,4.1,104,4,68,26
43410,456,3931,3061,870,2.48,2.37,3931,75,1737,1324
43412,128,1528,1368,160,2.42,3.14,1528,14,870,498
43413,16,384,326,58,2.4,3.43,384,0,216,110
43414,,93,93,0,1.95,,93,0,,93
43416,50,1242,991,251,2.4,2.17,1242,32,649,342
43420,1599,12191,8266,3925,2.48,2.2,12191,649,4839,3427
43430,108,1934,1619,315,2.65,1.8,1934,70,1025,594
43431,161,1762,1494,268,2.74,2.47,1762,16,1045,449
43432,,425,411,14,2.8,,425,19,252,159
43433,,24,24,0,1.88,,24,0,24,
43434,12,37,30,7,4.23,3.29,37,7,8,22
43435,53,405,326,79,2.72,2.04,405,1,220,106
43436,61,,,0,,,,0,,
43437,8,152,106,46,3.42,2.57,152,2,73,33
43438,859,149,140,9,1.94,2.0,149,1,46,94
43439,,44,44,0,1.25,,44,0,44,
43440,4246,2262,1917,345,1.88,1.66,2262,64,671,1246
43442,22,356,296,60,2.5,2.37,356,22,160,136
43443,70,699,566,133,2.69,2.53,699,10,406,160
43445,,462,425,37,2.33,1.54,462,0,339,86
43446,397,43,41,2,1.78,2.5,43,0,14,27
43447,147,1193,974,219,2.75,2.45,1193,42,584,390
43449,820,3481,2637,844,2.35,2.19,3481,126,1577,1060
43450,198,1466,950,516,2.57,2.07,1466,67,497,453
43451,47,458,316,142,2.92,1.85,458,0,167,149
43452,4013,6676,5188,1488,2.13,1.85,6676,298,2936,2252
43456,842,179,165,14,2.49,1.71,179,0,85,80
43457,26,544,496,48,2.63,2.42,544,62,349,147
43458,39,153,123,30,2.33,1.93,153,5,64,59
43460,94,2580,1843,737,2.62,1.9,2580,126,1355,488
43462,30,418,382,36,2.41,2.53,418,42,229,153
43463,,204,95,109,2.09,2.47,204,0,57,38
43464,95,860,623,237,2.51,1.57,860,12,290,333
43465,96,2292,1777,515,2.53,2.26,2292,108,979,798
43466,60,851,699,152,2.69,3.78,851,10,511,188
43467,14,45,32,13,2.41,1.92,45,1,18,14
43468,,215,202,13,2.88,1.85,215,0,140,62
43469,109,1170,907,263,2.49,1.8,1170,0,586,321
43501,15,319,284,35,2.99,2.06,319,18,120,164
43502,180,2594,2121,473,2.71,1.91,2594,36,1185,936
43504,29,393,345,48,2.74,2.17,393,3,186,159
43505,,30,18,12,3.78,1.67,30,0,9,9
43506,284,6431,4810,1621,2.34,2.0,6431,244,2465,2345
43510,,60,60,0,3.77,,60,0,60,
43511,11,418,362,56,2.55,2.84,418,14,175,187
43512,1349,11550,8747,2803,2.48,2.27,11550,635,5031,3716
43515,269,2970,2500,470,2.56,2.6,2970,49,1646,854
43516,77,1036,804,232,2.56,2.62,1036,46,489,315
43517,196,1482,1181,301,2.46,2.52,1482,85,741,440
43518,86,1100,969,131,2.59,3.23,1100,15,579,390
43519,42,124,94,30,2.88,1.9,124,0,94,
43520,21,11,11,0,2.09,,11,0,,11
43521,99,1175,819,356,2.65,2.12,1175,80,466,353
43522,54,1391,1138,253,2.34,3.1,1391,33,742,396
43523,,28,28,0,1.68,,28,0,21,7
43524,38,437,357,80,2.46,3.08,437,2,181,176
43525,32,412,373,39,2.78,1.77,412,16,279,94
43526,37,2035,1635,400,2.73,2.24,2035,133,1082,553
43527,55,930,821,109,2.44,2.64,930,42,448,373
43528,397,6602,4849,1753,2.67,1.93,6602,349,3524,1325
43529,25,95,72,23,3.26,4.13,95,12,28,44
43530,,,,0,,,,0,,
43531,,124,100,24,3.15,,124,0,41,59
43532,103,1274,1046,228,2.65,2.65,1274,42,694,352
43533,23,569,439,130,2.62,2.05,569,18,279,160
43534,89,669,549,120,2.6,2.2,669,38,349,200
43535,76,239,196,43,2.4,2.02,239,0,146,50
43536,,104,104,0,1.96,,104,0,55,49
43537,736,12484,8662,3822,2.61,1.86,12484,213,5965,2697
43540,16,550,479,71,2.52,3.06,550,21,332,147
43541,11,59,52,7,2.81,1.29,59,0,20,32
43542,58,1491,1404,87,2.96,1.15,1491,0,1036,368
43543,537,3267,2577,690,2.29,2.18,3267,193,1434,1143
43545,490,5890,4379,1511,2.55,2.06,5890,216,2436,1943
43547,32,143,126,17,3.79,1.94,143,0,82,44
43548,36,314,293,21,2.44,1.86,314,0,131,162
43549,80,529,510,19,2.61,1.84,529,6,257,253
43551,1262,17755,11851,5904,2.71,1.7,17755,603,8315,3536
43553,13,185,155,30,2.89,1.77,185,27,98,57
43554,99,875,613,262,2.41,2.06,875,28,386,227
43555,,117,67,50,2.57,1.8,117,0,61,6
43556,53,603,504,99,2.82,2.94,603,14,276,228
43557,52,960,776,184,2.61,2.92,960,25,514,262
43558,268,5558,4811,747,2.41,2.21,5558,126,2697,2114
43560,631,12007,10085,1922,2.72,2.08,12007,307,6961,3124
43565,5,155,105,50,2.73,2.7,155,3,75,30
43566,181,3475,3097,378,2.31,2.29,3475,89,1991,1106
43567,263,4997,3863,1134,2.7,2.3,4997,138,2517,1346
43569,149,1088,834,254,2.84,2.01,1088,5,585,249
43570,61,1222,900,322,2.7,2.69,1222,53,527,373
43571,119,2725,2175,550,2.73,1.92,2725,25,1586,589
43604,1180,4949,878,4071,2.15,1.71,4949,2229,370,508
43605,2039,10059,4441,5618,2.48,2.53,10059,1868,2044,2397
43606,1762,9963,5403,4560,2.36,1.98,9963,921,3397,2006
43607,1957,8968,4221,4747,2.08,2.41,8968,1168,1864,2357
43608,1480,5455,2733,2722,2.21,2.89,5455,1014,1136,1597
43609,1682,8468,3674,4794,2.38,2.4,8468,1513,1681,1993
43610,763,1770,990,780,2.6,2.45,1770,258,383,607
43611,930,7705,5287,2418,2.33,2.56,7705,574,3031,2256
43612,1477,11577,6148,5429,2.48,2.4,11577,824,3506,2642
43613,1042,13404,8782,4622,2.37,2.49,13404,871,5796,2986
43614,955,13744,7878,5866,2.37,1.74,13744,1189,5602,2276
43615,1194,17948,9780,8168,2.39,1.97,17948,1187,5884,3896
43616,448,8509,6451,2058,2.48,1.96,8509,541,3801,2650
43617,147,2973,2687,286,2.98,1.52,2973,15,1787,900
43619,171,3063,2279,784,2.29,2.41,3063,70,1623,656
43620,801,2290,752,1538,2.63,1.97,2290,587,424,328
43623,673,9027,5914,3113,2.37,1.81,9027,775,3655,2259
43701,2965,22739,14747,7992,2.47,2.27,22739,1967,8553,6194
43711,13,12,10,2,2.7,18.0,12,0,,10
43713,516,2415,2016,399,2.74,2.21,2415,56,990,1026
43716,264,833,625,208,2.14,1.58,833,157,202,423
43717,14,60,50,10,2.42,1.9,60,0,17,33
43718,259,1101,876,225,2.54,2.08,1101,22,353,523
43719,277,1021,819,202,2.49,2.63,1021,45,400,419
43720,213,454,445,9,2.33,6.56,454,0,168,277
43721,64,89,51,38,3.69,3.08,89,0,24,27
43722,45,139,77,62,2.94,7.95,139,0,29,48
43723,322,1911,1142,769,2.57,2.18,1911,196,605,537
43724,514,2737,1919,818,2.59,2.39,2737,307,645,1274
43725,1044,8414,5626,2788,2.43,2.13,8414,596,3421,2205
43727,143,575,525,50,2.28,2.54,575,0,257,268
43728,171,501,441,60,2.62,2.92,501,17,149,292
43730,347,842,682,160,3.3,2.76,842,40,309,373
43731,276,1948,1488,460,2.53,2.72,1948,102,828,660
43732,165,605,530,75,2.4,2.0,605,65,207,323
43733,,12,12,0,5.33,,12,0,12,
43734,10,598,527,71,3.09,3.96,598,11,423,104
43735,33,62,27,35,4.22,3.17,62,0,18,9
43736,6,12,12,0,1.83,,12,8,2,10
43738,6,51,47,4,2.13,1.5,51,2,31,16
43739,4,810,766,44,3.33,3.09,810,0,606,160
43740,9,94,65,29,2.4,2.07,94,2,46,19
43746,16,312,276,36,2.18,1.56,312,0,176,100
43747,97,522,412,110,2.88,2.26,522,38,123,289
43748,120,1061,842,219,2.84,2.49,1061,139,366,476
43749,232,936,872,64,1.9,2.08,936,0,388,484
43750,48,29,29,0,4.07,,29,0,9,20
43754,212,466,373,93,2.83,3.43,466,16,120,253
43755,96,745,596,149,2.06,2.83,745,14,338,258
43756,455,2168,1569,599,2.37,2.19,2168,132,610,959
43758,357,1102,892,210,2.62,2.08,1102,79,319,573
43759,65,68,51,17,3.27,3.24,68,0,10,41
43760,137,558,361,197,2.64,2.7,558,0,187,174
43761,40,45,45,0,2.2,,45,0,28,17
43762,150,1721,1331,390,2.52,2.06,1721,60,921,410
43764,133,2867,1923,944,2.81,2.33,2867,374,1118,805
43766,68,513,368,145,2.31,2.21,513,77,162,206
43767,10,490,478,12,2.07,1.33,490,1,229,249
43768,17,158,80,78,2.2,3.74,158,1,41,39
43771,116,871,644,227,2.66,1.94,871,9,453,191
43772,135,743,557,186,2.13,3.27,743,40,282,275
43773,311,1061,827,234,3.02,1.69,1061,164,299,528
43777,207,1940,1432,508,2.68,2.65,1940,117,833,599
43778,42,479,449,30,2.7,2.37,479,109,217,232
43779,59,213,201,12,2.63,4.67,213,20,92,109
43780,700,909,821,88,2.02,3.11,909,20,387,434
43782,110,226,197,29,3.26,3.14,226,0,122,75
43783,292,1898,1588,310,2.8,2.67,1898,124,927,661
43786,5,33,24,9,2.5,2.0,33,0,12,12
43787,502,1152,916,236,2.85,2.5,1152,87,445,471
43788,74,324,303,21,1.98,5.76,324,4,147,156
43791,,62,52,10,3.62,,62,0,52,
43793,425,1956,1369,587,2.36,1.92,1956,197,506,863
43802,45,381,352,29,3.93,2.17,381,53,204,148
43804,21,1064,744,320,3.83,2.78,1064,573,353,391
43805,29,95,49,46,3.71,1.67,95,0,,49
43811,35,290,226,64,2.27,1.63,290,30,77,149
43812,912,7767,5108,2659,2.38,2.29,7767,594,2620,2488
43821,205,1606,1236,370,2.77,2.38,1606,60,763,473
43822,291,1876,1552,324,2.68,2.18,1876,108,829,723
43824,144,1370,1238,132,3.16,2.23,1370,351,641,597
43830,134,2124,1773,351,2.92,2.97,2124,56,1363,410
43832,342,3328,2445,883,2.15,2.48,3328,356,1068,1377
43836,9,59,54,5,1.87,2.8,59,1,17,37
43837,124,728,635,93,2.3,4.26,728,14,322,313
43840,26,399,372,27,3.17,2.0,399,51,221,151
43842,,107,107,0,1.76,,107,0,22,85
43843,63,401,349,52,2.19,1.48,401,20,169,180
43844,256,1652,1462,190,2.58,2.71,1652,13,822,640
43845,209,1808,1362,446,2.54,2.84,1808,51,722,640
43901,198,800,617,183,2.5,1.74,800,55,220,397
43902,,58,43,15,3.35,5.27,58,0,31,12
43903,241,778,620,158,2.61,2.62,778,43,324,296
43905,23,173,148,25,2.96,,173,0,137,11
43906,887,3177,2306,871,2.47,2.69,3177,216,890,1416
43907,536,2052,1515,537,2.52,2.04,2052,107,817,698
43908,183,455,354,101,2.56,2.1,455,35,98,256
43909,,25,7,18,,1.78,25,0,7,
43910,95,1428,1278,150,2.39,2.37,1428,21,590,688
43912,590,2696,1943,753,2.47,1.71,2696,226,882,1061
43913,174,500,299,201,2.79,1.78,500,39,178,121
43914,,20,11,9,,2.0,20,0,,11
43915,126,548,492,56,2.15,2.0,548,3,262,230
43917,173,1242,1086,156,2.47,1.62,1242,94,348,738
43920,1329,9058,6148,2910,2.47,2.14,9058,866,2877,3271
43925,,85,46,39,1.67,3.67,85,0,31,15
43926,18,99,62,37,2.19,1.97,99,10,27,35
43928,20,43,43,0,3.02,,43,0,,43
43930,92,377,368,9,2.87,5.11,377,51,213,155
43931,,94,94,0,1.76,,94,12,,94
43932,44,375,296,79,2.31,3.08,375,4,167,129
43933,224,745,712,33,2.78,,745,7,276,436
43934,57,112,112,0,1.69,,112,6,11,101
43935,935,3431,2156,1275,2.52,2.08,3431,395,1246,910
43938,411,2400,1778,622,2.33,2.69,2400,216,882,896
43939,29,130,115,15,2.05,2.33,130,8,46,69
43940,36,145,125,20,2.11,5.2,145,0,27,98
43942,201,979,736,243,3.09,1.88,979,65,370,366
43943,273,1346,1151,195,2.42,2.26,1346,78,396,755
43944,123,913,682,231,2.25,3.08,913,9,411,271
43945,119,1177,889,288,2.65,2.72,1177,66,373,516
43946,273,840,658,182,2.28,2.87,840,48,244,414
43947,354,2026,1624,402,2.58,2.01,2026,93,907,717
43948,38,245,205,40,2.72,2.43,245,10,112,93
43950,1134,5257,4108,1149,2.68,2.0,5257,183,2086,2022
43951,43,31,21,10,,3.2,31,0,,21
43952,1649,6910,3704,3206,2.54,1.96,6910,1116,1919,1785
43953,406,4876,3478,1398,2.43,2.23,4876,202,1944,1534
43961,15,129,99,30,2.11,2.67,129,6,24,75
43962,12,32,20,12,2.65,1.75,32,5,10,10
43963,92,615,354,261,2.28,2.04,615,61,130,224
43964,391,3946,3141,805,2.41,2.24,3946,247,1463,1678
43967,,51,51,0,4.37,,51,10,18,33
43968,288,2595,1919,676,2.27,2.55,2595,230,1008,911
43971,170,470,301,169,2.01,2.22,470,34,176,125
43972,30,71,71,0,1.44,,71,0,,71
43973,355,833,712,121,2.74,2.86,833,156,327,385
43974,8,35,31,4,2.55,,35,4,10,21
43976,97,612,477,135,2.52,1.96,612,9,227,250
43977,214,809,582,227,2.49,2.69,809,41,225,357
43981,16,117,95,22,2.13,1.77,117,8,53,42
43983,214,149,92,57,1.75,2.72,149,19,22,70
43985,48,90,80,10,2.48,4.0,90,0,31,49
43986,150,698,597,101,2.72,2.42,698,36,329,268
43988,396,916,685,231,2.52,2.38,916,148,400,285
44001,378,8316,7220,1096,2.59,2.08,8316,229,4596,2624
44003,1583,1566,1199,367,3.25,2.57,1566,151,669,530
44004,2091,13221,8468,4753,2.33,2.4,13221,1497,4152,4316
44010,,558,417,141,2.66,3.13,558,112,209,208
44011,331,9137,7902,1235,2.78,1.87,9137,318,4998,2904
44012,485,10311,8410,1901,2.5,2.03,10311,404,5942,2468
44017,226,6978,4874,2104,2.41,2.14,6978,419,3076,1798
44021,203,2046,1556,490,2.93,2.12,2046,290,1005,551
44022,336,6846,6157,689,2.49,1.84,6846,184,3715,2442
44023,304,7277,6631,646,2.66,1.87,7277,220,4775,1856
44024,525,8896,7661,1235,2.77,2.07,8896,345,4845,2816
44026,141,4343,4048,295,2.48,2.29,4343,183,2339,1709
44028,118,3626,3348,278,2.57,2.22,3626,101,2020,1328
44030,1327,6020,4648,1372,2.36,2.48,6020,436,2610,2038
44032,55,404,392,12,3.21,2.17,404,7,287,105
44035,2640,26894,16519,10375,2.34,2.17,26894,2342,9911,6608
44039,544,13297,11678,1619,2.63,2.56,13297,368,8196,3482
44040,112,1117,1052,65,2.73,3.0,1117,26,527,525
44041,1239,5974,3926,2048,2.44,1.98,5974,436,2036,1890
44044,219,4281,3713,568,2.57,3.23,4281,135,2397,1316
44045,18,289,252,37,2.24,3.14,289,8,183,69
44046,73,732,593,139,2.98,2.8,732,189,358,235
44047,330,3680,2736,944,2.37,2.23,3680,196,1461,1275
44048,107,831,682,149,2.67,2.64,831,30,329,353
44049,12,76,58,18,2.5,2.94,76,6,28,30
44050,139,2484,2137,347,2.74,2.59,2484,26,1401,736
44052,1962,11689,6019,5670,2.25,2.66,11689,1045,3392,2627
44053,671,8495,5288,3207,2.55,2.11,8495,788,3620,1668
44054,479,5359,4253,1106,2.43,2.07,5359,147,2596,1657
44055,1176,8108,4193,3915,2.39,2.4,8108,799,1931,2262
44056,145,4733,4276,457,2.54,2.65,4733,160,3067,1209
44057,745,7599,6201,1398,2.51,2.46,7599,323,3893,2308
44060,1474,25494,20676,4818,2.41,2.08,25494,828,12449,8227
44062,267,4275,3398,877,3.99,2.47,4275,1931,2419,979
44064,76,683,617,66,2.04,2.73,683,15,442,175
44065,302,1648,1521,127,2.48,1.28,1648,60,939,582
44067,327,8392,7394,998,2.38,1.68,8392,176,4914,2480
44068,20,84,60,24,2.65,2.04,84,0,48,12
44070,486,13289,10199,3090,2.47,2.2,13289,603,6372,3827
44072,46,1999,1573,426,2.43,2.88,1999,72,1048,525
44074,298,3803,2452,1351,2.46,2.09,3803,196,1442,1010
44076,258,1784,1333,451,2.9,2.6,1784,288,733,600
44077,1675,23080,16664,6416,2.49,2.37,23080,1276,11472,5192
44080,,92,74,18,1.72,,92,19,19,55
44081,115,2572,2301,271,2.61,3.8,2572,58,1499,802
44082,90,622,496,126,3.37,1.61,622,27,158,338
44084,364,1465,1276,189,2.61,2.29,1465,54,856,420
44085,230,1270,1173,97,2.25,5.67,1270,23,710,463
44086,84,887,831,56,2.6,2.29,887,24,564,267
44087,223,9021,6892,2129,2.66,1.75,9021,443,4999,1893
44089,1222,6702,5295,1407,2.41,1.91,6702,216,3406,1889
44090,302,3977,3186,791,2.86,2.11,3977,260,1974,1212
44092,653,7594,4973,2621,2.26,2.05,7594,315,2885,2088
44093,241,465,335,130,2.26,1.69,465,0,185,150
44094,1194,16940,11000,5940,2.35,1.82,16940,793,6672,4328
44095,879,14517,10934,3583,2.34,2.01,14517,664,6897,4037
44099,,692,610,82,3.84,3.35,692,270,361,249
44101,,,,0,,,,0,,
44102,3368,19366,6235,13131,2.5,2.0,19366,4363,3412,2823
44103,2804,6921,2298,4623,2.4,1.82,6921,2569,966,1332
44104,1934,8283,2153,6130,2.53,2.14,8283,2786,948,1205
44105,3493,14859,6903,7956,2.26,2.32,14859,2701,3005,3898
44106,2369,10934,2999,7935,2.27,1.71,10934,3297,1457,1542
44107,2119,26319,11542,14777,2.27,1.65,26319,3675,7936,3606
44108,3283,9143,4168,4975,2.09,2.6,9143,2618,1610,2558
44109,2965,16769,8000,8769,2.3,2.38,16769,3027,4719,3281
44110,2259,9303,3529,5774,1.99,1.92,9303,2535,1592,1937
44111,1726,17718,9768,7950,2.33,2.43,17718,1924,6455,3313
44112,3698,8236,3297,4939,2.64,1.94,8236,2475,1566,1731
44113,2003,9718,2579,7139,2.07,1.57,9718,1563,1611,968
44114,977,3847,330,3517,2.63,1.43,3847,1336,112,218
44115,646,4494,315,4179,2.65,1.86,4494,2239,265,50
44116,746,9704,6892,2812,2.46,1.53,9704,793,4142,2750
44117,401,4932,1995,2937,2.42,1.63,4932,1357,1273,722
44118,1670,16477,10131,6346,2.57,2.05,16477,1650,6564,3567
44119,712,6140,2982,3158,2.07,2.02,6140,803,1945,1037
44120,3745,16790,7870,8920,2.29,1.85,16790,3210,4214,3656
44121,1221,13489,9185,4304,2.36,2.46,13489,1291,5954,3231
44122,1952,15039,9517,5522,2.57,1.96,15039,1406,5707,3810
44123,985,8530,3975,4555,2.16,2.15,8530,1360,2478,1497
44124,1227,18946,11812,7134,2.21,1.91,18946,1636,7287,4525
44125,1150,12080,7259,4821,2.42,2.37,12080,1324,4370,2889
44126,372,7575,5276,2299,2.42,1.89,7575,514,3433,1843
44127,526,1882,794,1088,2.69,2.23,1882,570,309,485
44128,1735,12606,6204,6402,2.13,2.3,12606,1695,3584,2620
44129,945,11988,8441,3547,2.4,2.24,11988,615,5123,3318
44130,1193,22822,14306,8516,2.35,2.02,22822,1337,8265,6041
44131,385,8348,7643,705,2.44,2.74,8348,122,4343,3300
44132,1007,6749,2841,3908,2.24,2.13,6749,789,1575,1266
44133,893,13515,9655,3860,2.51,1.72,13515,546,6118,3537
44134,1171,16107,12173,3934,2.31,2.32,16107,698,7468,4705
44135,823,11349,6761,4588,2.32,2.35,11349,1493,4095,2666
44136,485,10527,7658,2869,2.54,1.89,10527,686,4717,2941
44137,1131,10298,6149,4149,1.95,2.78,10298,822,3520,2629
44138,406,9477,7430,2047,2.56,1.91,9477,485,4686,2744
44139,388,8926,7536,1390,2.92,1.99,8926,322,4910,2626
44140,246,6065,5640,425,2.68,1.74,6065,209,4009,1631
44141,482,5509,4544,965,2.59,1.98,5509,186,2740,1804
44142,329,7671,6100,1571,2.44,2.3,7671,324,3568,2532
44143,760,10996,7907,3089,2.39,1.67,10996,1069,4621,3286
44144,460,9483,5335,4148,2.37,2.32,9483,792,2990,2345
44145,1108,14446,10404,4042,2.53,1.73,14446,865,6035,4369
44146,1164,14260,7585,6675,2.23,1.86,14260,1215,4938,2647
44147,336,8110,6741,1369,2.57,1.72,8110,251,4540,2201
44149,271,8330,7791,539,2.57,1.9,8330,331,4866,2925
44201,141,2513,2133,380,2.79,2.43,2513,123,1463,670
44202,485,8485,7154,1331,2.71,1.62,8485,486,5149,2005
44203,1498,16455,11273,5182,2.4,2.22,16455,1624,7005,4268
44212,659,18167,13865,4302,2.73,1.8,18167,612,10250,3615
44214,43,749,660,89,2.93,3.49,749,15,461,199
44215,263,929,768,161,2.57,2.4,929,23,526,242
44216,187,3577,3251,326,2.52,2.7,3577,59,1926,1325
44217,58,1358,1194,164,2.67,2.19,1358,29,643,551
44221,852,13659,7773,5886,2.32,1.95,13659,695,5554,2219
44223,376,8395,6339,2056,2.27,1.8,8395,511,4308,2031
44224,1315,16150,10992,5158,2.57,2.06,16150,718,7704,3288
44230,98,3524,2971,553,2.35,1.99,3524,211,1684,1287
44231,136,3124,2494,630,3.0,2.23,3124,337,1740,754
44232,,,,0,,,,0,,
44233,83,2910,2829,81,2.79,1.46,2910,32,1732,1097
44234,48,1259,1081,178,2.43,2.25,1259,22,588,493
44235,14,538,466,72,2.97,2.18,538,36,316,150
44236,169,9612,8541,1071,2.83,1.67,9612,323,6210,2331
44240,3558,16928,8850,8078,2.49,2.01,16928,1674,5387,3463
44241,222,7225,4994,2231,2.44,2.36,7225,363,3190,1804
44243,,,,0,,,,0,,
44250,189,586,485,101,2.32,2.16,586,10,300,185
44251,35,400,361,39,2.4,1.49,400,11,200,161
44253,56,1257,1188,69,2.56,3.52,1257,52,520,668
44254,159,1961,1455,506,2.56,2.19,1961,112,950,505
44255,290,2847,2314,533,2.63,2.75,2847,86,1325,989
44256,1205,25207,20581,4626,2.63,2.1,25207,798,14100,6481
44260,225,5126,4423,703,2.54,2.77,5126,268,2655,1768
44262,107,2142,1716,426,2.47,1.8,2142,230,940,776
44264,132,1200,1033,167,2.55,1.94,1200,3,655,378
44266,1104,13723,9531,4192,2.45,2.03,13723,1048,5539,3992
44270,173,3281,2329,952,2.61,2.03,3281,187,1376,953
44272,127,2184,1835,349,2.62,2.14,2184,78,1193,642
44273,55,2819,2325,494,2.58,2.26,2819,57,1650,675
44274,,97,43,54,2.33,4.06,97,0,43,
44275,50,1120,990,130,2.53,2.98,1120,15,712,278
44276,48,624,540,84,2.98,3.02,624,3,364,176
44278,216,7384,6195,1189,2.58,1.9,7384,223,3927,2268
44280,152,2019,1735,284,2.75,1.67,2019,17,1070,665
44281,510,13504,9987,3517,2.66,1.85,13504,567,6770,3217
44285,,45,41,4,2.44,1.75,45,4,18,23
44286,197,2584,2454,130,2.4,2.55,2584,38,1532,922
44287,251,2896,2483,413,2.76,2.7,2896,189,1470,1013
44288,133,1214,863,351,2.51,2.81,1214,82,460,403
44301,1019,5811,3455,2356,2.21,2.61,5811,623,2131,1324
44302,315,2575,1140,1435,2.08,1.39,2575,815,782,358
44303,443,3659,1847,1812,2.34,1.64,3659,212,977,870
44304,300,1296,111,1185,1.89,2.32,1296,283,33,78
44305,1045,9193,5129,4064,2.06,2.55,9193,952,3247,1882
44306,1351,8986,3930,5056,2.2,2.54,8986,1493,2198,1732
44307,639,2844,915,1929,1.86,2.15,2844,797,385,530
44308,71,443,16,427,,1.6,443,176,11,5
44310,991,10167,3932,6235,2.53,2.37,10167,1878,2389,1543
44311,599,2826,429,2397,2.37,2.16,2826,681,119,310
44312,1048,13474,10165,3309,2.35,2.06,13474,722,6380,3785
44313,781,12603,7314,5289,2.27,1.99,12603,778,4488,2826
44314,865,8104,4268,3836,2.17,2.37,8104,953,2899,1369
44319,631,9589,6953,2636,2.36,2.06,9589,395,4284,2669
44320,739,8817,4813,4004,2.24,2.06,8817,1275,2858,1955
44321,203,6467,5025,1442,2.64,1.74,6467,232,3624,1401
44325,,,,0,,,,0,,
44333,555,7786,6530,1256,2.46,1.86,7786,379,4181,2349
44401,78,958,871,87,2.62,2.06,958,35,607,264
44402,83,1104,960,144,2.49,3.42,1104,15,572,388
44403,170,1805,1593,212,2.07,2.07,1805,168,613,980
44404,9,603,557,46,2.91,2.54,603,9,246,311
44405,481,3289,2105,1184,2.3,2.54,3289,391,881,1224
44406,728,8888,7831,1057,2.58,2.17,8888,173,4717,3114
44408,218,4652,3362,1290,2.5,1.56,4652,400,2067,1295
44410,797,7471,5958,1513,2.31,1.97,7471,380,3452,2506
44411,253,798,755,43,2.91,1.63,798,18,456,299
44412,87,979,877,102,2.62,1.86,979,14,584,293
44413,270,2871,2160,711,2.44,2.36,2871,105,1089,1071
44415,,,,0,,,,0,,
44417,23,608,564,44,2.34,2.43,608,35,244,320
44418,143,483,474,9,2.27,1.89,483,11,190,284
44420,635,6354,4518,1836,2.31,2.58,6354,301,2632,1886
44423,100,884,696,188,2.83,2.58,884,58,426,270
44424,,24,10,14,,3.14,24,0,,10
44425,612,5826,4687,1139,2.42,1.72,5826,242,2400,2287
44427,113,545,460,85,2.05,3.16,545,26,191,269
44428,81,1314,1053,261,2.32,2.52,1314,37,472,581
44429,471,1135,892,243,2.27,2.67,1135,72,585,307
44430,177,1371,1086,285,2.47,2.8,1371,37,489,597
44431,188,1859,1616,243,2.51,2.45,1859,53,775,841
44432,606,4173,3030,1143,2.39,2.45,4173,235,1402,1628
44436,245,1488,1288,200,2.49,2.07,1488,58,707,581
44437,118,1740,1465,275,2.3,2.54,1740,44,934,531
44438,185,2358,1585,773,1.99,2.22,2358,117,758,827
44439,,137,111,26,3.23,1.31,137,57,96,15
44440,135,1887,1578,309,2.51,1.72,1887,121,1019,559
44441,26,755,734,21,2.62,3.0,755,32,335,399
44442,93,1622,1472,150,2.48,1.59,1622,84,658,814
44443,95,736,662,74,3.07,1.72,736,46,360,302
44444,604,4253,2972,1281,2.4,1.88,4253,335,1757,1215
44445,88,1226,982,244,2.49,2.81,1226,95,447,535
44446,1143,9223,5430,3793,2.42,1.8,9223,921,2493,2937
44449,341,622,513,109,2.5,1.97,622,0,232,281
44450,81,651,537,114,3.21,3.12,651,47,328,209
44451,224,1205,970,235,2.46,2.52,1205,38,533,437
44452,86,1403,1205,198,2.36,1.41,1403,150,468,737
44454,,286,263,23,2.49,1.52,286,0,218,45
44455,5,527,476,51,2.95,3.1,527,4,172,304
44460,1345,10505,7729,2776,2.5,1.89,10505,776,4248,3481
44470,66,1595,1418,177,2.63,2.14,1595,64,740,678
44471,454,4344,3067,1277,2.44,2.31,4344,271,1853,1214
44473,271,1736,1343,393,2.37,2.3,1736,72,569,774
44481,519,3729,3196,533,2.58,2.1,3729,95,1472,1724
44483,1448,11003,6764,4239,2.23,2.16,11003,1113,3660,3104
44484,957,9094,6645,2449,2.38,2.42,9094,589,3744,2901
44485,990,6946,3576,3370,2.1,2.38,6946,967,1434,2142
44490,24,351,199,152,2.36,2.79,351,18,105,94
44491,109,1115,1036,79,3.04,2.8,1115,322,607,429
44493,7,54,32,22,2.75,1.91,54,0,18,14
44502,849,3488,1853,1635,2.15,2.78,3488,434,618,1235
44503,91,516,,516,,1.13,516,427,,
44504,445,2003,843,1160,2.51,1.74,2003,353,375,468
44505,1080,6788,3641,3147,2.14,2.35,6788,1208,1573,2068
44506,166,1287,694,593,2.4,1.85,1287,233,211,483
44507,592,1876,870,1006,2.32,2.57,1876,464,103,767
44509,594,5114,2978,2136,2.04,2.37,5114,841,1313,1665
44510,214,865,432,433,1.96,2.71,865,262,93,339
44511,881,8880,6657,2223,2.19,2.09,8880,525,3203,3454
44512,1173,14304,9376,4928,2.42,1.92,14304,1006,5730,3646
44514,607,9504,7878,1626,2.38,2.03,9504,337,4290,3588
44515,1075,12574,8112,4462,2.27,1.94,12574,615,4765,3347
44555,,,,0,,,,0,,
44601,1263,13481,8108,5373,2.39,2.25,13481,1519,4238,3870
44606,144,2478,1977,501,3.62,3.03,2478,984,1131,846
44607,10,13,13,0,6.54,,13,0,,13
44608,117,865,546,319,2.71,2.78,865,34,288,258
44609,158,1488,1304,184,2.3,2.34,1488,53,626,678
44610,67,95,39,56,2.64,2.88,95,0,29,10
44611,22,907,788,119,2.73,2.32,907,74,472,316
44612,99,2233,1571,662,2.71,1.7,2233,69,1000,571
44613,18,739,524,215,2.37,2.36,739,25,304,220
44614,192,5479,4403,1076,2.4,2.26,5479,73,3042,1361
44615,1074,4135,3300,835,2.38,2.03,4135,360,1980,1320
44618,87,2534,1944,590,2.87,2.41,2534,326,1057,887
44619,,94,94,0,1.65,,94,0,7,87
44620,46,761,645,116,2.53,2.23,761,17,405,240
44621,230,1714,1123,591,2.55,2.72,1714,75,623,500
44622,522,7281,5014,2267,2.64,2.26,7281,539,2876,2138
44624,86,1675,1448,227,3.57,2.73,1675,501,572,876
44625,48,467,353,114,3.06,2.84,467,16,222,131
44626,58,1181,1014,167,2.43,1.8,1181,140,539,475
44627,16,1759,1485,274,4.26,2.81,1759,1115,773,712
44628,127,415,312,103,2.86,1.31,415,28,176,136
44629,110,1048,780,268,2.87,2.35,1048,32,458,322
44630,,34,34,0,4.47,,34,0,34,
44632,66,3785,3020,765,2.83,2.31,3785,71,1900,1120
44633,39,689,548,141,3.71,2.45,689,231,268,280
44634,,863,676,187,2.12,2.04,863,4,321,355
44637,222,933,718,215,2.35,2.64,933,20,421,297
44638,70,421,288,133,2.79,2.59,421,22,186,102
44639,,116,101,15,2.52,2.8,116,5,64,37
44640,3,75,60,15,2.42,3.73,75,0,34,26
44641,440,7916,5971,1945,2.61,1.87,7916,428,4052,1919
44643,149,1455,1167,288,2.79,2.27,1455,28,789,378
44644,187,2193,1442,751,2.28,1.95,2193,321,736,706
44645,24,1075,925,150,2.8,2.73,1075,15,555,370
44646,1494,19606,13088,6518,2.55,2.12,19606,1111,8727,4361
44647,490,7885,5820,2065,2.3,2.3,7885,310,3586,2234
44651,109,323,276,47,3.35,2.15,323,53,150,126
44652,,191,134,57,2.84,3.07,191,0,113,21
44653,18,257,216,41,2.79,2.83,257,3,113,103
44654,640,6191,4664,1527,3.39,2.47,6191,1677,2912,1752
44656,219,1049,833,216,2.35,2.56,1049,194,411,422
44657,396,4116,2821,1295,2.36,2.26,4116,112,1734,1087
44659,5,56,43,13,2.67,1.92,56,3,32,11
44660,,42,34,8,3.06,,42,22,12,22
44661,,108,88,20,3.78,2.0,108,4,73,15
44662,225,3931,3218,713,2.83,2.19,3931,282,1881,1337
44663,667,11177,7412,3765,2.29,1.95,11177,544,3783,3629
44665,,82,59,23,2.76,,82,7,33,26
44666,109,1049,927,122,2.49,2.33,1049,6,618,309
44667,383,5040,3593,1447,2.83,2.33,5040,443,2102,1491
44669,22,587,448,139,3.05,2.17,587,0,250,198
44670,,23,23,0,1.83,,23,10,6,17
44671,83,39,39,0,3.23,,39,0,,39
44672,350,2168,1083,1085,2.37,1.86,2168,306,600,483
44675,175,837,635,202,2.29,2.18,837,11,231,404
44676,55,1854,1495,359,3.09,2.45,1854,218,869,626
44677,53,1000,792,208,2.49,1.96,1000,53,419,373
44678,,89,59,30,1.71,4.13,89,0,38,21
44680,49,1799,1317,482,2.64,1.91,1799,112,762,555
44681,182,2664,2041,623,3.73,2.34,2664,858,1176,865
44682,115,469,318,151,2.92,2.83,469,16,252,66
44683,288,3039,1947,1092,2.59,2.54,3039,277,1019,928
44685,302,10888,9097,1791,2.77,1.77,10888,267,5784,3313
44687,,127,66,61,2.29,1.51,127,22,27,39
44688,29,1253,946,307,2.11,2.72,1253,88,472,474
44689,81,157,95,62,3.79,2.6,157,44,67,28
44690,,52,44,8,1.61,1.88,52,7,,44
44691,1170,18109,12583,5526,2.38,1.98,18109,1400,7078,5505
44693,12,11,7,4,4.86,1.75,11,0,7,
44695,193,447,373,74,2.85,2.43,447,19,154,219
44697,7,125,122,3,1.85,4.67,125,0,29,93
44699,137,298,239,59,2.04,2.44,298,10,96,143
44702,97,534,5,529,1.8,1.21,534,355,,5
44703,894,3668,1388,2280,2.34,2.07,3668,718,742,646
44704,450,1428,682,746,2.16,2.47,1428,300,329,353
44705,1007,7239,3865,3374,2.47,2.63,7239,1003,2148,1717
44706,1007,7044,5198,1846,2.35,2.17,7044,390,2947,2251
44707,519,3555,1705,1850,2.6,2.6,3555,742,947,758
44708,1152,10803,7425,3378,2.37,1.99,10803,501,4675,2750
44709,547,8648,4984,3664,2.2,1.81,8648,778,3273,1711
44710,490,3415,1731,1684,2.27,2.67,3415,323,962,769
44714,234,4234,2612,1622,2.26,2.36,4234,302,1686,926
44718,331,5715,3886,1829,2.31,1.99,5715,274,2024,1862
44720,829,16856,12067,4789,2.44,1.96,16856,569,7644,4423
44721,58,5366,4726,640,2.52,2.56,5366,48,3284,1442
44730,255,2532,1988,544,2.53,2.14,2532,34,1212,776
44802,9,365,342,23,2.65,1.96,365,9,161,181
44804,13,536,514,22,3.0,2.82,536,9,369,145
44805,1133,12550,8762,3788,2.46,2.28,12550,1055,5120,3642
44807,56,885,734,151,2.23,1.56,885,19,354,380
44809,,69,19,50,1.53,1.94,69,9,10,9
44811,274,5281,3869,1412,2.47,2.2,5281,336,2228,1641
44813,267,2918,2328,590,2.88,1.8,2918,196,1266,1062
44814,64,869,701,168,2.29,3.49,869,2,350,351
44815,19,292,238,54,2.12,3.39,292,5,128,110
44817,30,544,485,59,2.8,2.63,544,17,305,180
44818,42,885,741,144,2.39,3.19,885,17,339,402
44820,753,7500,5267,2233,2.27,2.23,7500,617,3035,2232
44822,190,1111,822,289,2.87,3.67,1111,119,534,288
44824,141,1417,1179,238,2.52,2.99,1417,24,712,467
44825,7,71,58,13,3.36,2.92,71,4,31,27
44826,,585,521,64,2.4,2.88,585,10,318,203
44827,383,3046,2318,728,2.26,2.39,3046,145,1258,1060
44828,30,60,19,41,,2.76,60,26,,19
44830,1071,7283,5331,1952,2.39,2.49,7283,527,2863,2468
44833,845,7131,4577,2554,2.35,2.2,7131,296,2458,2119
44836,80,945,829,116,2.45,2.07,945,20,504,325
44837,68,1440,1130,310,2.91,2.69,1440,95,549,581
44838,13,88,68,20,1.99,2.05,88,3,45,23
44839,1068,5642,4364,1278,2.19,2.22,5642,259,2433,1931
44840,115,1142,990,152,2.53,3.37,1142,52,672,318
44841,43,268,229,39,2.34,3.64,268,0,103,126
44842,305,2116,1607,509,2.43,2.36,2116,183,912,695
44843,49,1114,994,120,2.4,2.35,1114,17,623,371
44844,71,270,261,9,2.19,2.67,270,0,175,86
44846,127,1312,1108,204,2.64,1.95,1312,38,642,466
44847,199,1444,1173,271,2.49,2.75,1444,19,595,578
44849,53,881,746,135,2.67,2.29,881,22,401,345
44850,26,9,,9,,3.22,9,0,,
44851,201,2088,1599,489,2.47,2.03,2088,114,1053,546
44853,18,547,456,91,2.66,2.66,547,6,194,262
44854,53,672,506,166,2.04,2.48,672,0,248,258
44855,37,449,391,58,3.38,2.07,449,17,294,97
44856,7,92,83,9,2.1,1.78,92,2,24,59
44857,795,9916,6853,3063,2.49,1.97,9916,655,4221,2632
44859,,849,849,0,2.83,,849,0,560,289
44861,,71,51,20,1.29,5.05,71,11,42,9
44864,261,1255,1020,235,2.43,2.66,1255,43,520,500
44865,248,1142,863,279,2.76,2.44,1142,103,492,371
44866,44,775,731,44,2.82,2.95,775,69,335,396
44867,51,980,723,257,2.84,2.25,980,30,420,303
44870,2814,17030,10325,6705,2.45,2.07,17030,1688,5932,4393
44874,10,124,94,30,2.78,1.33,124,3,50,44
44875,427,5549,3898,1651,2.55,2.18,5549,334,2433,1465
44878,79,944,726,218,3.21,3.22,944,177,358,368
44880,45,1027,978,49,3.06,,1027,114,775,203
44881,,27,19,8,4.21,2.25,27,0,3,16
44882,147,1093,892,201,2.29,2.29,1093,28,488,404
44883,1030,11548,7953,3595,2.32,2.05,11548,871,4233,3720
44887,64,316,284,32,3.45,1.72,316,0,131,153
44889,269,2774,2329,445,2.63,2.36,2774,89,1471,858
44890,490,4062,2808,1254,2.6,2.6,4062,146,1661,1147
44901,,,,0,,,,0,,
44902,582,1939,618,1321,1.85,2.91,1939,490,184,434
44903,1291,9636,6909,2727,2.43,2.88,9636,713,3912,2997
44904,144,6158,4553,1605,2.42,2.06,6158,404,2862,1691
44905,456,5175,3914,1261,2.12,2.52,5175,344,2127,1787
44906,728,7624,4555,3069,2.31,1.84,7624,811,2620,1935
44907,615,7148,3780,3368,2.16,2.14,7148,786,2376,1404
45001,89,304,121,183,2.57,3.05,304,13,65,56
45002,528,4945,3873,1072,2.8,2.59,4945,136,2570,1303
45003,51,211,153,58,2.55,2.03,211,6,83,70
45005,817,12328,8944,3384,2.62,2.24,12328,672,5982,2962
45011,1961,25726,18916,6810,2.87,2.48,25726,1526,13150,5766
45013,1403,20307,14644,5663,2.64,2.53,20307,848,9561,5083
45014,1319,18753,11766,6987,2.55,2.16,18753,846,7893,3873
45015,334,4892,2848,2044,2.23,2.68,4892,247,1627,1221
45030,478,8443,6815,1628,2.57,2.13,8443,281,4460,2355
45032,28,267,184,83,2.41,2.55,267,2,111,73
45033,12,177,149,28,2.9,,177,5,23,126
45034,35,427,379,48,2.43,2.88,427,0,313,66
45036,1090,13068,9356,3712,2.89,2.05,13068,435,6928,2428
45039,501,10825,9390,1435,2.6,2.53,10825,122,7445,1945
45040,687,20573,15736,4837,2.83,2.43,20573,296,11013,4723
45041,,130,130,0,,,130,0,,130
45042,780,11315,7768,3547,2.49,2.44,11315,844,4760,3008
45044,1929,19913,12760,7153,2.81,2.52,19913,1363,9003,3757
45050,144,4406,3413,993,2.86,2.11,4406,133,2774,639
45051,,47,,47,,2.77,47,8,,
45052,35,1644,1453,191,2.53,2.27,1644,40,895,558
45053,93,1120,1079,41,3.28,4.17,1120,82,768,311
45054,160,1079,995,84,2.74,1.29,1079,6,766,229
45055,,49,40,9,2.68,4.67,49,0,18,22
45056,1339,8413,4109,4304,2.31,2.62,8413,501,2476,1633
45062,11,277,250,27,2.48,3.19,277,26,107,143
45064,44,1231,1094,137,2.67,1.93,1231,28,704,390
45065,251,2133,1804,329,3.14,2.06,2133,30,1074,730
45066,384,9194,8128,1066,2.88,2.51,9194,129,5690,2438
45067,260,4897,3627,1270,2.9,3.44,4897,191,2745,882
45068,239,4475,3619,856,2.65,2.27,4475,129,2454,1165
45069,876,20251,15977,4274,2.8,2.21,20251,319,10979,4998
45070,13,54,35,19,2.11,2.16,54,0,14,21
45101,228,798,473,325,2.71,1.88,798,88,140,333
45102,403,9190,6335,2855,2.69,2.34,9190,659,4547,1788
45103,685,13761,9434,4327,2.6,2.21,13761,548,6413,3021
45105,,62,,62,,,62,0,,
45106,430,4444,3440,1004,2.59,2.56,4444,240,2154,1286
45107,229,3645,2552,1093,2.69,2.3,3645,168,1511,1041
45111,,143,138,5,2.37,1.8,143,0,85,53
45112,32,13,11,2,2.91,2.5,13,1,4,7
45113,146,1573,1400,173,2.45,2.77,1573,58,895,505
45115,,121,80,41,2.03,1.93,121,32,40,40
45118,354,1384,1184,200,2.83,2.56,1384,51,886,298
45119,,,,0,,,,0,,
45120,95,1067,668,399,2.53,2.38,1067,111,348,320
45121,449,3591,2480,1111,2.52,2.18,3591,483,1532,948
45122,386,4157,3526,631,2.77,2.7,4157,363,2524,1002
45123,580,3298,2166,1132,2.68,2.44,3298,254,1367,799
45130,127,1469,1197,272,2.98,1.89,1469,57,628,569
45131,28,97,53,44,3.06,3.3,97,1,26,27
45132,11,106,59,47,1.64,2.28,106,9,34,25
45133,1582,9078,6295,2783,2.63,2.29,9078,1044,3645,2650
45135,139,1975,1510,465,3.08,2.19,1975,73,1041,469
45140,705,21116,16437,4679,2.69,2.19,21116,538,11379,5058
45142,79,1518,1278,240,2.63,2.41,1518,46,895,383
45144,413,1517,1150,367,2.48,2.4,1517,99,593,557
45146,38,425,325,100,2.96,3.16,425,1,235,90
45147,,82,58,24,3.47,1.63,82,0,52,6
45148,23,662,505,157,2.79,2.19,662,7,280,225
45150,388,13560,10247,3313,2.56,2.0,13560,636,6886,3361
45152,588,4405,3905,500,3.19,2.4,4405,93,2732,1173
45153,130,761,684,77,2.33,3.87,761,0,368,316
45154,216,3109,2184,925,2.95,2.42,3109,101,1283,901
45155,29,150,115,35,3.62,2.09,150,8,49,66
45156,12,18,18,0,4.33,,18,3,8,10
45157,164,3821,3193,628,2.72,2.55,3821,180,2016,1177
45158,38,297,232,65,2.56,3.6,297,12,87,145
45159,101,1454,1090,364,2.64,2.45,1454,103,720,370
45160,45,316,70,246,2.69,1.77,316,124,45,25
45162,21,992,861,131,2.53,2.93,992,47,571,290
45164,29,108,85,23,2.8,2.78,108,0,46,39
45166,,42,,42,,1.64,42,0,,
45167,347,1415,975,440,2.41,2.1,1415,91,515,460
45168,30,545,433,112,2.33,2.57,545,10,234,199
45169,213,1750,1290,460,2.61,2.22,1750,96,731,559
45171,486,2144,1764,380,2.46,2.57,2144,114,1115,649
45172,18,92,85,7,3.31,1.86,92,0,65,20
45174,29,655,632,23,3.12,2.22,655,0,455,177
45176,200,3990,2759,1231,2.79,1.92,3990,183,1884,875
45177,718,9002,6098,2904,2.4,2.16,9002,451,3717,2381
45202,2254,8867,2125,6742,1.88,1.54,8867,1882,1574,551
45203,156,1293,400,893,1.84,2.21,1293,487,310,90
45204,774,2705,1123,1582,2.11,2.52,2705,430,632,491
45205,1449,7080,2557,4523,2.48,2.6,7080,1721,1153,1404
45206,1236,6149,2179,3970,1.84,1.48,6149,1562,1462,717
45207,638,2435,1171,1264,2.23,2.21,2435,603,796,375
45208,514,8426,5501,2925,2.47,1.55,8426,192,4085,1416
45209,508,6078,2319,3759,2.08,1.5,6078,357,1840,479
45211,1905,15479,7848,7631,2.55,2.19,15479,2383,5338,2510
45212,1174,9756,4245,5511,2.47,1.94,9756,1127,3046,1199
45213,339,5554,3309,2245,2.26,1.85,5554,328,2543,766
45214,1209,4170,920,3250,1.91,2.29,4170,1501,460,460
45215,1105,12854,7200,5654,2.54,2.19,12854,1187,4653,2547
45216,556,3612,1760,1852,2.43,2.61,3612,509,887,873
45217,405,2676,1654,1022,2.59,1.96,2676,418,970,684
45218,107,1503,1060,443,2.62,2.38,1503,106,704,356
45219,1157,6761,1148,5613,1.92,2.3,6761,1148,802,346
45220,646,6570,1918,4652,2.63,1.74,6570,1058,1320,598
45223,1339,5652,2390,3262,2.43,1.96,5652,995,1815,575
45224,523,9411,5555,3856,2.31,2.12,9411,1104,3839,1716
45225,762,4143,499,3644,2.19,2.31,4143,1787,202,297
45226,314,3036,1844,1192,2.32,1.41,3036,100,1209,635
45227,631,8712,4747,3965,2.36,1.88,8712,519,3221,1526
45229,1251,6547,2045,4502,2.34,1.97,6547,2329,1424,621
45230,436,11536,8514,3022,2.53,1.91,11536,586,6223,2291
45231,1328,16877,11971,4906,2.39,2.76,16877,1357,8242,3729
45232,168,3166,662,2504,2.24,2.63,3166,1069,344,318
45233,282,5583,4591,992,2.65,2.3,5583,289,2575,2016
45236,831,11371,7233,4138,2.3,1.72,11371,861,5133,2100
45237,862,9739,4795,4944,2.34,2.0,9739,1437,3231,1564
45238,1462,19751,11411,8340,2.64,2.16,19751,1905,8113,3298
45239,805,11945,7217,4728,2.61,2.16,11945,699,5340,1877
45240,429,10596,6302,4294,2.63,2.72,10596,548,4557,1745
45241,629,9900,7403,2497,2.44,2.0,9900,294,4668,2735
45242,514,8862,6860,2002,2.54,2.08,8862,303,4438,2422
45243,419,6167,5577,590,2.64,2.09,6167,78,3925,1652
45244,418,10376,8489,1887,2.83,2.17,10376,238,5957,2532
45245,428,8602,5408,3194,2.52,2.28,8602,339,3618,1790
45246,360,5705,3117,2588,2.44,2.22,5705,538,2104,1013
45247,433,9311,7522,1789,2.55,2.23,9311,359,4764,2758
45248,291,9420,8213,1207,2.54,2.51,9420,252,5583,2630
45249,254,5541,3609,1932,2.82,2.04,5541,176,2508,1101
45251,537,8113,6118,1995,2.49,2.82,8113,581,4124,1994
45252,93,1981,1843,138,2.41,4.9,1981,18,942,901
45255,392,9229,6096,3133,2.56,1.92,9229,652,3671,2425
45267,,,,0,,,,0,,
45301,,78,78,0,3.54,,78,0,38,40
45302,86,1545,1270,275,3.02,2.76,1545,18,902,368
45303,60,906,660,246,2.38,2.59,906,10,356,304
45304,166,2720,2144,576,2.8,2.29,2720,82,1298,846
45305,48,4497,3501,996,2.52,2.2,4497,83,2571,930
45306,111,827,640,187,2.91,2.36,827,32,360,280
45307,14,115,64,51,2.17,3.14,115,1,46,18
45308,152,1627,1231,396,2.81,2.96,1627,65,749,482
45309,220,4710,3587,1123,2.62,1.89,4710,233,2276,1311
45310,5,83,76,7,2.72,1.57,83,0,39,37
45311,391,2360,1837,523,2.66,2.72,2360,72,1009,828
45312,37,424,372,52,2.5,2.65,424,16,237,135
45314,103,1275,938,337,3.06,2.59,1275,49,678,260
45315,115,1768,1496,272,2.26,2.0,1768,84,1037,459
45316,14,50,34,16,2.85,1.94,50,0,26,8
45317,44,402,338,64,2.45,3.92,402,9,140,198
45318,252,2181,1689,492,2.47,2.04,2181,87,895,794
45319,14,115,91,24,2.79,2.46,115,16,75,16
45320,444,6501,4928,1573,2.41,2.12,6501,479,2944,1984
45321,35,430,356,74,2.67,2.57,430,26,223,133
45322,483,9164,6751,2413,2.46,1.99,9164,315,4333,2418
45323,73,2150,1778,372,2.42,2.17,2150,35,1174,604
45324,1602,17681,8930,8751,2.25,2.13,17681,997,5269,3661
45325,31,1024,965,59,2.45,2.69,1024,19,563,402
45326,12,491,407,84,2.68,2.67,491,5,275,132
45327,353,3537,3039,498,2.64,1.89,3537,153,2122,917
45328,20,177,108,69,3.25,3.04,177,2,69,39
45330,40,340,262,78,2.5,2.35,340,8,138,124
45331,858,9630,6346,3284,2.4,2.05,9630,583,3463,2883
45332,18,241,195,46,2.84,2.41,241,8,112,83
45333,23,482,380,102,3.5,3.65,482,3,306,74
45334,30,862,553,309,2.34,2.45,862,61,288,265
45335,172,2833,2269,564,2.51,2.21,2833,61,1651,618
45336,4,34,30,4,2.43,3.0,34,0,25,5
45337,33,666,568,98,2.77,3.09,666,2,378,190
45338,64,1929,1458,471,2.41,2.62,1929,84,819,639
45339,31,470,379,91,2.49,2.63,470,11,235,144
45340,7,139,135,4,2.35,2.25,139,0,34,101
45341,103,1672,1340,332,2.13,2.65,1672,34,577,763
45342,1097,14681,8962,5719,2.63,2.14,14681,636,5872,3090
45344,444,6559,5103,1456,2.51,2.53,6559,194,3272,1831
45345,137,2571,1984,587,2.34,3.1,2571,81,1356,628
45346,54,918,647,271,2.21,2.81,918,10,348,299
45347,250,1735,1348,387,2.22,2.53,1735,98,735,613
45348,62,250,208,42,3.31,3.1,250,1,70,138
45349,4,117,90,27,2.33,3.85,117,0,55,35
45350,5,22,21,1,2.76,,22,0,17,4
45351,5,117,96,21,3.32,1.29,117,6,49,47
45352,12,91,58,33,2.14,2.82,91,1,9,49
45353,,60,54,6,2.83,7.33,60,0,34,20
45354,85,267,192,75,2.51,2.33,267,11,140,52
45356,1127,10502,7014,3488,2.39,2.22,10502,648,4769,2245
45358,31,126,103,23,2.34,2.57,126,0,59,44
45359,41,694,545,149,2.75,2.7,694,18,321,224
45360,47,202,158,44,2.03,2.66,202,2,69,89
45361,,104,75,29,2.64,3.59,104,2,49,26
45362,66,501,432,69,2.42,2.45,501,14,221,211
45363,9,600,514,86,2.9,2.17,600,0,262,252
45365,1123,11557,7656,3901,2.51,2.5,11557,515,4650,3006
45368,93,1782,1235,547,2.55,1.94,1782,91,698,537
45369,51,1638,1427,211,2.55,2.56,1638,40,825,602
45370,44,1044,912,132,3.15,1.55,1044,94,650,262
45371,287,8898,6719,2179,2.63,2.01,8898,162,4355,2364
45372,11,132,85,47,2.27,2.26,132,0,47,38
45373,1209,14377,10308,4069,2.68,2.24,14377,770,7964,2344
45377,258,6287,3942,2345,2.5,1.97,6287,275,2743,1199
45378,19,200,178,22,2.4,3.18,200,5,97,81
45380,119,2257,1777,480,2.71,1.97,2257,44,828,949
45381,71,2308,1890,418,2.42,2.66,2308,102,1095,795
45382,42,412,329,83,2.5,3.65,412,6,223,106
45383,117,2724,1975,749,2.29,2.42,2724,153,1022,953
45384,64,240,210,30,2.49,4.17,240,8,95,115
45385,1286,15670,10903,4767,2.53,2.22,15670,1045,7231,3672
45387,92,2586,1865,721,2.11,1.85,2586,117,990,875
45388,5,221,198,23,3.33,3.96,221,1,119,79
45389,40,203,160,43,2.41,2.63,203,2,84,76
45390,162,1193,829,364,2.67,2.59,1193,112,445,384
45402,1834,4544,1622,2922,2.03,1.99,4544,1100,840,782
45403,1435,6118,2228,3890,2.26,2.14,6118,1553,942,1286
45404,689,3901,1621,2280,2.56,2.88,3901,511,681,940
45405,2903,8890,2960,5930,2.21,2.1,8890,1779,1728,1232
45406,2031,8855,4266,4589,2.17,2.25,8855,1593,2193,2073
45409,509,2902,1998,904,2.43,2.1,2902,187,1421,577
45410,924,7020,3151,3869,2.38,2.27,7020,1154,1737,1414
45414,511,9517,6177,3340,2.22,1.98,9517,1369,3550,2627
45415,205,5770,3810,1960,2.35,1.98,5770,202,2830,980
45416,321,1930,1286,644,2.13,2.77,1930,95,688,598
45417,3813,11451,6277,5174,1.98,2.64,11451,2044,2583,3694
45419,426,7010,4776,2234,2.52,1.89,7010,323,3412,1364
45420,806,11579,6839,4740,2.14,2.01,11579,1025,4494,2345
45423,,,,0,,,,0,,
45424,1099,20219,15323,4896,2.45,2.65,20219,819,10561,4762
45426,1013,6566,3376,3190,2.02,2.14,6566,1130,2183,1193
45428,,,,0,,,,0,,
45429,723,12085,8449,3636,2.31,1.88,12085,795,5480,2969
45430,59,2976,2377,599,2.41,1.82,2976,87,1566,811
45431,1145,11912,6476,5436,2.29,2.17,11912,418,4223,2253
45432,257,6313,4664,1649,2.34,2.28,6313,269,2939,1725
45433,17,402,4,398,4.75,3.18,402,0,,4
45434,148,4569,4287,282,2.73,2.34,4569,19,2934,1353
45435,,,,0,,,,0,,
45439,476,4638,2449,2189,2.76,2.38,4638,420,1637,812
45440,646,9355,5964,3391,2.54,2.1,9355,603,3618,2346
45449,655,8478,5286,3192,2.15,2.27,8478,360,3234,2052
45458,858,14502,10954,3548,2.59,2.23,14502,277,7476,3478
45459,897,12712,8948,3764,2.26,1.77,12712,735,5201,3747
45469,9,5,,5,,4.8,5,0,,
45501,,,,0,,,,0,,
45502,399,6886,6073,813,2.47,2.36,6886,279,3740,2333
45503,1436,14121,8512,5609,2.42,2.05,14121,1175,5286,3226
45504,886,6127,4347,1780,2.43,2.36,6127,239,2702,1645
45505,1408,7960,3941,4019,2.46,2.62,7960,882,2349,1592
45506,903,5593,3305,2288,2.47,2.36,5593,830,2039,1266
45601,1878,21554,14935,6619,2.51,2.08,21554,1513,7743,7192
45612,364,1791,1442,349,2.41,2.25,1791,174,735,707
45613,283,1217,945,272,2.56,2.24,1217,106,331,614
45614,547,1564,1316,248,2.98,2.85,1564,119,714,602
45616,174,657,527,130,2.36,3.69,657,69,108,419
45617,,,,0,,,,0,,
45618,,,,0,,,,0,,
45619,650,2904,2211,693,2.71,1.94,2904,122,1180,1031
45620,31,277,226,51,2.62,1.98,277,6,107,119
45621,48,179,127,52,2.22,2.06,179,18,39,88
45622,,114,114,0,2.86,,114,0,16,98
45623,175,1175,1033,142,2.86,3.2,1175,67,439,594
45624,,,,0,,,,0,,
45628,205,2097,1673,424,2.55,2.63,2097,128,1065,608
45629,274,1013,818,195,2.6,2.27,1013,62,364,454
45630,,164,114,50,2.32,3.92,164,19,43,71
45631,899,5976,4262,1714,2.21,2.17,5976,561,2019,2243
45634,139,726,541,185,2.63,2.26,726,79,204,337
45636,29,87,44,43,2.75,3.49,87,0,36,8
45638,1302,7954,5422,2532,2.72,2.35,7954,625,2884,2538
45640,823,6026,4364,1662,2.61,2.47,6026,317,2204,2160
45642,,,,0,,,,0,,
45644,198,1968,1252,716,2.74,1.63,1968,309,698,554
45645,124,1085,945,140,2.79,2.34,1085,0,303,642
45646,23,159,159,0,3.77,,159,0,17,142
45647,124,1132,957,175,2.61,1.78,1132,43,439,518
45648,782,3994,3144,850,2.99,2.23,3994,283,1365,1779
45650,85,159,146,13,2.71,1.92,159,0,59,87
45651,314,1937,1250,687,2.72,2.7,1937,55,782,468
45652,234,1404,1195,209,2.54,2.04,1404,15,499,696
45653,236,1255,932,323,2.83,2.54,1255,65,422,510
45654,71,407,324,83,2.18,2.16,407,27,166,158
45656,681,2540,2088,452,2.73,2.28,2540,216,845,1243
45657,515,691,555,136,2.24,1.85,691,4,190,365
45658,289,881,813,68,3.17,2.24,881,39,345,468
45659,260,959,802,157,2.78,3.25,959,45,324,478
45660,560,2797,1960,837,2.56,2.98,2797,271,1031,929
45661,313,2505,1557,948,2.79,2.63,2505,119,895,662
45662,1725,11002,5703,5299,2.39,2.36,11002,1336,2395,3308
45663,353,2684,1961,723,2.32,2.49,2684,137,1038,923
45669,496,3984,3191,793,2.55,2.02,3984,232,1585,1606
45671,87,102,97,5,3.37,4.2,102,1,27,70
45672,76,487,487,0,2.57,,487,51,214,273
45673,,144,68,76,1.79,2.83,144,0,24,44
45674,55,189,89,100,3.69,3.01,189,24,63,26
45677,,20,20,0,2.8,,20,0,,20
45678,44,446,257,189,2.46,2.22,446,42,88,169
45679,163,1061,774,287,2.55,2.72,1061,32,320,454
45680,935,4684,2971,1713,2.73,2.42,4684,218,1527,1444
45681,77,627,500,127,2.55,2.38,627,4,285,215
45682,237,936,745,191,2.12,2.09,936,12,253,492
45684,202,714,623,91,2.42,3.48,714,21,268,355
45685,70,398,295,103,4.4,3.2,398,19,130,165
45686,319,1330,1015,315,2.66,3.13,1330,114,335,680
45688,59,149,106,43,2.23,1.67,149,13,39,67
45690,725,5597,3644,1953,2.55,2.3,5597,201,1819,1825
45692,450,3283,2401,882,2.71,2.0,3283,179,1188,1213
45693,783,3194,2298,896,2.79,2.53,3194,410,1343,955
45694,768,4667,3626,1041,2.65,2.7,4667,102,1757,1869
45695,113,301,215,86,2.6,2.38,301,0,96,119
45696,50,462,373,89,1.7,1.19,462,11,84,289
45697,302,2048,1650,398,3.02,2.65,2048,82,1049,601
45698,42,182,180,2,2.54,,182,2,75,105
45699,,,,0,,,,0,,
45701,1871,11093,5640,5453,2.46,2.4,11093,705,3146,2494
45710,245,2178,1670,508,2.38,2.24,2178,62,777,893
45711,70,412,341,71,2.35,3.35,412,10,139,202
45714,490,4078,2854,1224,2.38,1.91,4078,112,1593,1261
45715,175,956,631,325,2.58,2.33,956,49,248,383
45716,27,181,135,46,2.24,3.35,181,16,57,78
45719,48,332,178,154,2.15,2.35,332,28,79,99
45720,,,,0,,,,0,,
45721,,12,12,0,2.75,,12,0,,12
45723,398,1454,1226,228,2.46,2.45,1454,82,630,596
45724,43,979,790,189,2.51,2.1,979,25,376,414
45727,40,241,223,18,3.19,3.89,241,11,126,97
45729,18,680,677,3,2.81,2.0,680,0,329,348
45732,569,1732,1294,438,2.68,1.92,1732,149,591,703
45734,82,159,127,32,2.15,1.47,159,40,24,103
45735,123,653,605,48,2.26,1.65,653,19,236,369
45739,13,13,13,0,3.46,,13,0,13,
45740,27,146,111,35,1.96,2.97,146,4,28,83
45741,78,217,217,0,1.9,,217,38,63,154
45742,71,1196,1099,97,2.8,1.63,1196,33,462,637
45743,162,472,407,65,2.73,1.66,472,10,258,149
45744,335,955,855,100,2.42,2.67,955,23,338,517
45745,135,510,352,158,2.66,2.73,510,29,159,193
45746,49,102,67,35,2.67,2.29,102,6,24,43
45750,1490,11087,7653,3434,2.35,2.11,11087,867,3606,4047
45760,271,1494,1106,388,2.53,2.16,1494,233,442,664
45761,84,737,555,182,1.87,1.59,737,15,128,427
45764,744,2630,1533,1097,2.84,2.21,2630,210,860,673
45766,91,471,343,128,2.93,1.45,471,55,238,105
45767,526,956,650,306,3.02,2.48,956,65,182,468
45768,160,626,521,105,2.64,2.09,626,14,193,328
45769,702,2246,1676,570,2.83,2.5,2246,146,660,1016
45770,37,349,277,72,2.96,1.26,349,57,100,177
45771,219,1455,1040,415,2.39,2.6,1455,86,420,620
45772,161,537,407,130,2.98,1.72,537,13,203,204
45773,32,44,44,0,3.23,,44,0,44,
45775,108,700,683,17,2.75,2.65,700,32,189,494
45776,,331,294,37,2.89,1.24,331,9,59,235
45778,34,329,203,126,2.58,3.27,329,12,99,104
45779,60,342,271,71,2.2,2.32,342,18,118,153
45780,171,1535,824,711,1.93,1.5,1535,175,216,608
45782,33,125,72,53,4.26,2.4,125,0,17,55
45783,,114,58,56,3.1,,114,56,47,11
45784,148,1404,1137,267,2.48,2.04,1404,154,587,550
45786,130,1123,1006,117,2.54,2.05,1123,26,404,602
45788,62,290,255,35,3.57,2.63,290,0,102,153
45789,40,61,56,5,2.54,,61,0,,56
45801,927,8464,4600,3864,2.44,2.22,8464,1203,2794,1806
45804,1097,6175,3396,2779,2.11,2.7,6175,791,1553,1843
45805,779,9538,6011,3527,2.43,2.32,9538,620,3685,2326
45806,427,4440,3574,866,2.61,2.08,4440,229,2379,1195
45807,281,4747,3738,1009,2.58,2.1,4747,170,2473,1265
45808,37,153,124,29,2.44,2.83,153,5,103,21
45809,28,32,25,7,2.36,3.43,32,0,15,10
45810,457,2428,1557,871,2.44,2.15,2428,80,880,677
45812,176,727,554,173,2.7,2.19,727,88,258,296
45813,166,1352,1119,233,2.73,2.07,1352,56,612,507
45814,106,1069,872,197,2.62,2.03,1069,39,502,370
45815,20,29,27,2,3.26,1.5,29,0,10,17
45816,2,197,170,27,3.05,2.74,197,13,108,62
45817,98,2468,2027,441,2.39,2.35,2468,49,1153,874
45819,9,106,68,38,2.37,2.89,106,2,44,24
45820,16,231,190,41,2.94,4.02,231,3,93,97
45821,21,348,315,33,2.23,1.3,348,3,155,160
45822,1619,8059,5908,2151,2.42,2.22,8059,344,3184,2724
45826,9,120,100,20,2.55,2.1,120,1,33,67
45827,75,822,797,25,2.45,1.84,822,23,396,401
45828,,2328,1970,358,3.04,2.12,2328,71,1122,848
45830,92,2081,1834,247,2.57,2.54,2081,10,1037,797
45831,96,1388,1227,161,2.76,2.02,1388,58,700,527
45832,119,1188,971,217,2.52,3.35,1188,57,518,453
45833,188,4431,3335,1096,2.52,2.08,4431,237,1783,1552
45835,17,207,194,13,2.29,2.23,207,9,125,69
45836,44,607,507,100,2.33,2.17,607,16,327,180
45838,4,45,43,2,2.26,1.5,45,0,31,12
45840,1775,22985,14781,8204,2.5,1.94,22985,1213,9236,5545
45841,70,419,332,87,2.41,1.56,419,10,158,174
45843,115,1440,1149,291,2.68,2.25,1440,18,561,588
45844,69,1130,991,139,2.54,2.06,1130,19,482,509
45845,47,1159,1021,138,2.74,1.94,1159,17,532,489
45846,60,1529,1387,142,3.01,1.98,1529,62,681,706
45848,,45,42,3,2.29,,45,0,29,13
45849,106,348,279,69,2.67,3.58,348,3,126,153
45850,42,1239,1104,135,3.03,2.27,1239,19,697,407
45851,15,233,191,42,2.57,3.14,233,7,87,104
45853,18,597,468,129,2.69,1.96,597,5,343,125
45854,30,153,94,59,2.59,2.36,153,19,70,24
45855,4,54,41,13,2.76,3.92,54,0,18,23
45856,91,1885,1555,330,2.69,2.51,1885,77,825,730
45858,26,1042,794,248,2.55,2.08,1042,47,515,279
45859,25,208,178,30,2.39,2.3,208,12,86,92
45860,,833,629,204,3.5,2.1,833,0,343,286
45861,34,139,126,13,3.29,,139,8,39,87
45862,29,661,571,90,2.26,2.23,661,4,214,357
45863,64,513,467,46,2.39,2.57,513,7,287,180
45864,7,70,66,4,2.35,1.5,70,1,36,30
45865,248,2077,1770,307,2.72,2.25,2077,58,874,896
45866,22,58,45,13,1.84,1.23,58,1,30,15
45867,30,448,393,55,2.29,2.4,448,7,194,199
45868,2,273,239,34,3.34,3.09,273,8,177,62
45869,89,1773,1549,224,2.64,1.68,1773,63,786,763
45870,14,108,108,0,4.14,,108,0,80,28
45871,46,711,531,180,2.57,2.68,711,2,300,231
45872,89,1782,1251,531,2.32,2.59,1782,144,716,535
45873,128,873,669,204,2.25,2.11,873,44,375,294
45874,72,941,841,100,2.44,2.52,941,32,452,389
45875,186,4056,3437,619,2.8,2.42,4056,99,2145,1292
45876,9,413,350,63,2.43,2.03,413,8,212,138
45877,29,977,758,219,2.41,1.88,977,7,437,321
45879,348,2506,1910,596,2.43,2.27,2506,151,995,915
45880,72,1013,842,171,2.91,2.62,1013,26,498,344
45881,33,664,585,79,2.18,3.52,664,104,283,302
45882,162,1023,869,154,2.84,1.46,1023,63,466,403
45883,40,1144,1030,114,3.51,1.99,1144,23,517,513
45884,26,49,39,10,3.15,4.3,49,0,10,29
45885,184,5457,4144,1313,2.43,1.95,5457,199,2624,1520
45886,7,232,182,50,2.73,1.4,232,19,132,50
45887,162,1748,1305,443,2.4,2.5,1748,146,702,603
45888,,156,128,28,2.04,,156,0,13,115
45889,45,569,544,25,2.76,2.92,569,19,392,152
45890,19,343,270,73,2.68,2.52,343,2,157,113
45891,546,6183,4558,1625,2.46,2.37,6183,372,2745,1813
45893,,126,116,10,1.36,4.3,126,13,64,52
45894,30,281,254,27,2.61,3.67,281,0,126,128
45895,342,7410,5440,1970,2.39,2.34,7410,363,3112,2328
45896,76,749,573,176,2.8,1.69,749,12,295,278
45897,,25,25,0,3.76,,25,0,11,14
45898,64,355,302,53,2.01,2.79,355,7,121,181
45899,21,79,65,14,2.45,2.07,79,3,25,40
46001,877,4011,3108,903,2.52,2.44,4011,286,1979,1129
46011,572,6935,5537,1398,2.52,2.47,6935,380,3715,1822
46012,946,8579,5767,2812,2.26,2.04,8579,369,3424,2343
46013,1062,7881,4993,2888,2.14,1.98,7881,478,2963,2030
46016,2455,6816,2746,4070,2.93,2.36,6816,1302,1355,1391
46017,123,2413,1852,561,2.17,2.8,2413,90,1127,725
46030,159,1122,855,267,2.63,2.75,1122,27,619,236
46031,115,727,573,154,2.76,2.34,727,62,366,207
46032,1504,19911,13401,6510,2.81,1.91,19911,679,9657,3744
46033,409,14444,12502,1942,2.87,2.12,14444,228,8751,3751
46034,106,2854,2276,578,2.33,2.88,2854,7,1335,941
46035,32,437,369,68,3.11,3.18,437,9,257,112
46036,796,4479,3205,1274,2.66,2.19,4479,153,1826,1379
46037,485,16129,13238,2891,2.86,2.56,16129,195,10564,2674
46038,742,16229,11450,4779,2.75,2.41,16229,436,8858,2592
46039,20,233,206,27,2.81,2.89,233,0,80,126
46040,193,5446,4704,742,2.78,2.51,5446,191,3620,1084
46041,975,8704,5997,2707,2.74,2.35,8704,597,3697,2300
46044,72,1157,950,207,2.37,3.43,1157,23,534,416
46045,,19,19,0,2.26,,19,0,2,17
46047,,18,,18,,2.67,18,0,,
46048,74,785,645,140,2.92,2.53,785,31,421,224
46049,115,469,416,53,2.54,1.32,469,0,211,205
46050,177,739,590,149,2.76,3.0,739,52,325,265
46051,22,1191,907,284,2.39,2.51,1191,5,575,332
46052,616,9452,7020,2432,2.44,2.26,9452,369,5058,1962
46055,126,5249,4568,681,2.81,1.95,5249,55,3677,891
46056,66,859,764,95,2.87,2.49,859,19,547,217
46057,15,421,330,91,2.71,3.03,421,1,161,169
46058,47,760,660,100,2.41,2.39,760,35,419,241
46060,1103,17212,12026,5186,2.92,2.23,17212,311,9320,2706
46062,636,12928,10529,2399,2.9,2.06,12928,243,8177,2352
46063,26,138,84,54,2.58,2.69,138,3,33,51
46064,388,5322,4360,962,2.73,2.34,5322,44,3133,1227
46065,127,1066,820,246,3.18,2.7,1066,49,517,303
46068,54,1045,967,78,2.68,2.56,1045,14,611,356
46069,112,2868,2229,639,2.42,2.19,2868,78,1411,818
46070,74,835,685,150,2.65,3.36,835,63,419,266
46071,106,1308,1137,171,2.58,2.55,1308,17,734,403
46072,305,3708,2866,842,2.35,2.05,3708,47,1827,1039
46074,571,14376,11858,2518,2.93,2.54,14376,171,9299,2559
46075,151,2489,1957,532,3.28,2.61,2489,0,1738,219
46076,105,547,440,107,2.74,2.66,547,9,205,235
46077,649,11609,9816,1793,2.98,2.03,11609,119,7813,2003
46102,20,156,127,29,2.52,2.66,156,1,87,40
46103,5,119,94,25,2.82,4.84,119,5,72,22
46104,,375,355,20,2.36,4.5,375,0,173,182
46105,112,732,597,135,2.56,2.38,732,2,428,169
46106,192,3122,2679,443,2.93,2.37,3122,16,1921,758
46107,610,5163,3283,1880,2.78,2.01,5163,156,2454,829
46110,,225,225,0,3.92,,225,0,113,112
46111,27,162,129,33,2.76,2.39,162,0,88,41
46112,603,14366,11504,2862,2.97,2.17,14366,291,8787,2717
46113,225,6084,4838,1246,2.62,2.5,6084,262,3799,1039
46115,97,638,464,174,2.59,3.36,638,38,280,184
46117,45,211,123,88,2.85,1.84,211,44,88,35
46118,155,1852,1517,335,2.38,2.62,1852,3,1113,404
46120,290,2487,1846,641,2.46,1.68,2487,56,1063,783
46121,323,1818,1629,189,2.65,3.56,1818,43,1120,509
46122,279,5876,4658,1218,2.8,2.29,5876,247,3437,1221
46123,806,15114,11817,3297,2.88,2.07,15114,242,8951,2866
46124,194,3049,2027,1022,2.75,2.28,3049,151,1318,709
46125,,16,16,0,2.75,,16,0,16,
46126,120,1669,1346,323,2.19,2.72,1669,27,743,603
46127,,123,60,63,3.75,2.06,123,0,30,30
46128,73,833,738,95,2.11,1.66,833,7,528,210
46130,8,916,845,71,2.92,3.27,916,25,620,225
46131,829,11907,8471,3436,2.81,2.51,11907,439,6283,2188
46133,58,381,313,68,2.29,2.56,381,2,206,107
46135,559,6591,4269,2322,2.26,2.1,6591,357,2400,1869
46140,384,16570,12068,4502,2.57,2.14,16570,482,8239,3829
46142,622,13485,9437,4048,2.76,2.14,13485,265,6296,3141
46143,940,21861,15634,6227,2.73,2.3,21861,715,11681,3953
46144,24,122,110,12,3.37,1.75,122,0,94,16
46146,,96,19,77,2.37,3.91,96,0,10,9
46147,94,983,823,160,2.85,2.15,983,12,644,179
46148,246,2008,1524,484,2.8,2.46,2008,48,1060,464
46149,11,740,666,74,3.23,2.41,740,0,488,178
46150,17,327,258,69,2.64,2.58,327,0,199,59
46151,1114,11951,9550,2401,2.69,2.48,11951,402,6266,3284
46154,,151,137,14,1.76,12.29,151,14,137,
46155,,88,38,50,1.68,3.0,88,0,38,
46156,70,464,369,95,2.0,1.98,464,27,188,181
46157,132,1270,1086,184,2.94,2.85,1270,0,902,184
46158,611,9057,7312,1745,2.73,2.38,9057,310,4952,2360
46160,343,2565,2188,377,2.58,2.31,2565,24,1466,722
46161,39,796,636,160,2.49,2.61,796,41,438,198
46162,,167,167,0,1.91,,167,0,128,39
46163,113,5092,4709,383,2.79,2.15,5092,40,3652,1057
46164,1018,1627,1572,55,2.6,2.27,1627,14,1101,471
46165,113,731,627,104,2.81,2.85,731,18,454,173
46166,158,944,728,216,2.79,2.75,944,14,495,233
46167,88,2606,2511,95,2.76,2.34,2606,36,1917,594
46168,512,13973,9254,4719,2.7,2.21,13973,668,6730,2524
46170,,,,0,,,,0,,
46171,60,798,774,24,2.72,1.54,798,7,519,255
46172,157,926,747,179,2.56,2.09,926,23,387,360
46173,551,4050,2667,1383,2.49,2.33,4050,195,1655,1012
46175,85,200,165,35,2.45,5.26,200,25,107,58
46176,1149,11536,7641,3895,2.47,2.33,11536,675,5227,2414
46180,50,362,341,21,2.22,1.43,362,0,151,190
46181,76,1858,1656,202,2.86,2.06,1858,86,1127,529
46182,91,695,554,141,2.49,2.03,695,10,326,228
46183,,,,0,,,,0,,
46184,325,4554,3933,621,2.78,2.58,4554,0,2861,1072
46186,32,764,723,41,2.28,3.44,764,0,446,277
46201,3806,13652,5741,7911,2.3,2.23,13652,2725,3428,2313
46202,1583,10289,2995,7294,2.19,1.73,10289,1339,2034,961
46203,3489,15047,8485,6562,2.56,2.56,15047,1606,5628,2857
46204,600,5058,1063,3995,1.39,1.52,5058,680,874,189
46205,2467,11919,6204,5715,2.61,2.04,11919,1263,4605,1599
46206,,,,0,,,,0,,
46208,2939,8843,4491,4352,2.35,2.15,8843,1210,2769,1722
46214,1254,10101,4794,5307,2.56,1.96,10101,822,3547,1247
46216,32,1274,336,938,1.9,1.67,1274,169,308,28
46217,236,13545,10317,3228,2.93,2.72,13545,356,7630,2687
46218,2972,12795,5869,6926,2.24,2.29,12795,2265,2411,3458
46219,1540,15848,9158,6690,2.41,2.32,15848,1775,6035,3123
46220,714,16775,10583,6192,2.38,1.83,16775,515,7487,3096
46221,1318,10008,6284,3724,2.84,2.44,10008,1017,4236,2048
46222,2657,12834,5321,7513,2.84,2.9,12834,1498,2927,2394
46224,1627,15314,5848,9466,2.7,2.48,15314,1174,4105,1743
46225,1072,2158,1062,1096,2.55,1.96,2158,368,603,459
46226,2264,18971,8155,10816,2.58,2.19,18971,2222,5055,3100
46227,2606,23132,10986,12146,2.69,2.14,23132,2241,7511,3475
46228,396,5724,4589,1135,2.98,2.81,5724,265,3196,1393
46229,943,11418,7025,4393,2.56,2.29,11418,683,5052,1973
46231,116,3463,2853,610,3.17,2.78,3463,20,2135,718
46234,468,10091,8272,1819,2.7,2.6,10091,383,5561,2711
46235,2020,12194,6013,6181,3.07,2.46,12194,1568,4486,1527
46236,305,10147,8877,1270,2.77,2.77,10147,230,6348,2529
46237,472,16543,11790,4753,2.63,1.99,16543,514,8585,3205
46239,475,11076,8975,2101,3.07,2.77,11076,213,7166,1809
46240,1502,10050,4576,5474,2.25,1.68,10050,510,2963,1613
46241,1100,11278,6441,4837,2.85,3.14,11278,625,4025,2416
46250,604,8909,3772,5137,2.25,1.71,8909,455,2442,1330
46254,1444,16076,7240,8836,2.78,2.3,16076,1490,5459,1781
46256,550,9647,6853,2794,2.47,1.71,9647,307,4939,1914
46259,191,4767,4501,266,3.13,3.2,4767,38,3219,1282
46260,1221,14641,7120,7521,2.41,2.35,14641,951,5191,1929
46268,822,10905,5134,5771,2.64,1.9,10905,783,3784,1350
46278,102,3252,3029,223,2.77,2.45,3252,60,2359,670
46280,334,3447,2179,1268,2.15,2.0,3447,13,1215,964
46290,,45,45,0,1.49,,45,0,23,22
46301,203,293,273,20,1.96,2.6,293,12,143,130
46302,26,33,33,0,1.67,,33,0,10,23
46303,721,5860,4805,1055,2.77,2.59,5860,158,3321,1484
46304,665,10606,8069,2537,2.55,2.25,10606,341,5323,2746
46307,820,24846,21917,2929,2.8,2.4,24846,889,16505,5412
46310,554,5063,4326,737,2.66,2.48,5063,121,2802,1524
46311,333,8274,7395,879,2.73,2.36,8274,180,5033,2362
46312,2806,9953,4389,5564,2.9,2.46,9953,1914,1903,2486
46319,450,7341,5326,2015,2.65,1.94,7341,272,3891,1435
46320,747,5491,2182,3309,3.16,1.98,5491,1250,996,1186
46321,570,9070,7837,1233,2.69,1.86,9070,381,5120,2717
46322,520,9922,7886,2036,2.46,2.05,9922,460,5330,2556
46323,738,8062,5288,2774,2.96,2.68,8062,492,3417,1871
46324,779,8642,5931,2711,2.48,2.64,8642,716,3940,1991
46327,500,3845,2167,1678,2.76,2.88,3845,259,1360,807
46340,,534,503,31,2.35,3.9,534,14,371,132
46341,159,3856,3318,538,2.76,2.43,3856,83,1970,1348
46342,1042,12658,9795,2863,2.51,2.4,12658,667,6626,3169
46345,,43,27,16,1.59,2.0,43,0,19,8
46346,64,531,326,205,2.9,2.57,531,10,209,117
46347,105,1743,1503,240,2.79,2.4,1743,37,1041,462
46348,7,459,386,73,2.25,3.29,459,25,198,188
46349,115,1097,945,152,2.61,2.42,1097,35,564,381
46350,1721,18092,13615,4477,2.46,2.29,18092,1024,9098,4517
46356,321,6755,5850,905,2.78,2.4,6755,148,4205,1645
46360,3520,17680,11725,5955,2.3,2.35,17680,1360,6742,4983
46365,,286,276,10,2.09,2.1,286,0,106,170
46366,371,2116,1756,360,2.81,2.79,2116,122,858,898
46368,898,15466,10870,4596,2.69,2.21,15466,838,7103,3767
46371,293,1221,1025,196,3.03,3.68,1221,41,648,377
46373,,6187,6008,179,2.82,1.7,6187,175,4062,1946
46374,90,278,211,67,2.91,5.43,278,0,129,82
46375,502,9528,7590,1938,2.63,1.93,9528,424,5191,2399
46376,37,69,53,16,2.79,3.13,69,1,14,39
46377,,68,52,16,4.67,,68,0,52,
46379,,177,177,0,1.79,,177,0,53,124
46381,,197,161,36,2.6,1.69,197,0,50,111
46382,85,800,800,0,2.68,,800,0,467,333
46383,1149,17053,10622,6431,2.49,1.97,17053,917,7254,3368
46385,507,15329,13351,1978,2.66,2.61,15329,290,9145,4206
46390,70,1258,1150,108,2.52,2.4,1258,41,842,308
46391,191,1976,1654,322,2.83,1.73,1976,39,1095,559
46392,144,2858,2453,405,2.8,2.19,2858,73,1741,712
46393,45,114,77,37,2.05,1.59,114,19,30,47
46394,481,4827,3016,1811,2.42,2.53,4827,415,1817,1199
46402,1145,2385,1105,1280,2.27,2.65,2385,668,435,670
46403,1356,4827,2319,2508,2.08,2.53,4827,534,1207,1112
46404,1545,6502,3459,3043,2.18,2.97,6502,870,1754,1705
46405,404,4283,2849,1434,2.79,2.81,4283,439,1748,1101
46406,841,3149,1542,1607,2.49,2.87,3149,225,576,966
46407,2793,4126,1747,2379,2.32,2.35,4126,1070,616,1131
46408,1635,5951,3727,2224,2.44,2.58,5951,642,1823,1904
46409,1812,2629,1175,1454,2.37,2.88,2629,187,472,703
46410,1183,16272,10369,5903,2.56,2.03,16272,1375,7644,2725
46501,152,1268,891,377,2.92,2.9,1268,52,630,261
46502,,,,0,,,,0,,
46504,95,1177,996,181,3.02,2.29,1177,89,611,385
46506,359,3659,2657,1002,2.95,2.13,3659,329,1506,1151
46507,537,3253,2637,616,2.85,3.67,3253,254,1595,1042
46508,34,91,87,4,1.9,3.25,91,0,60,27
46510,452,1255,1153,102,2.56,2.8,1255,16,734,419
46511,949,1662,1310,352,2.3,2.4,1662,81,789,521
46513,,,,0,,,,0,,
46514,1941,16320,12096,4224,2.56,2.44,16320,776,7893,4203
46516,2131,11892,7359,4533,2.75,2.45,11892,1194,4649,2710
46517,920,8859,5436,3423,2.87,2.73,8859,760,3588,1848
46524,62,849,788,61,3.48,1.87,849,167,516,272
46526,1131,11372,8203,3169,2.96,2.39,11372,775,5323,2880
46528,745,7873,5968,1905,3.48,3.25,7873,702,3927,2041
46530,517,11540,10037,1503,2.9,1.78,11540,113,7112,2925
46531,49,623,592,31,2.63,2.74,623,0,330,262
46532,208,523,432,91,2.96,3.15,523,20,282,150
46534,1314,3921,3108,813,2.92,2.25,3921,242,1881,1227
46536,160,1147,906,241,2.5,2.4,1147,35,627,279
46537,76,260,234,26,2.03,1.81,260,3,159,75
46538,1111,1573,1315,258,2.77,2.5,1573,16,740,575
46539,59,1003,801,202,2.36,2.34,1003,39,508,293
46540,62,4130,3606,524,3.03,3.6,4130,797,2586,1020
46542,77,1609,1378,231,2.83,2.98,1609,83,788,590
46543,21,866,739,127,4.69,3.07,866,360,604,135
46544,1249,12816,8586,4230,2.5,2.33,12816,781,5588,2998
46545,1307,12071,5663,6408,2.43,1.86,12071,779,3510,2153
46550,235,4148,2786,1362,3.14,2.5,4148,564,1859,927
46552,422,2443,1983,460,2.78,1.93,2443,160,1337,646
46553,22,1119,1010,109,3.35,2.47,1119,138,761,249
46554,61,1767,1606,161,2.56,2.13,1767,132,999,607
46555,665,1152,950,202,2.08,1.5,1152,10,500,450
46556,33,174,9,165,1.33,1.75,174,57,9,
46561,204,5338,4564,774,2.7,2.77,5338,173,3036,1528
46562,443,1971,1598,373,2.33,2.77,1971,47,749,849
46563,1233,8526,6340,2186,2.8,2.43,8526,432,4007,2333
46565,150,2416,2066,350,3.79,2.32,2416,1049,1437,629
46567,1793,3843,2939,904,2.61,2.1,3843,192,1888,1051
46570,23,400,343,57,2.97,2.32,400,0,214,129
46571,89,1572,1282,290,4.16,2.56,1572,769,892,390
46572,21,43,35,8,3.77,,43,0,17,18
46573,112,1299,1104,195,3.09,2.61,1299,114,727,377
46574,883,3246,2761,485,2.4,2.22,3246,154,1829,932
46580,752,8266,5940,2326,2.68,2.36,8266,585,3877,2063
46582,1124,5814,3950,1864,2.65,2.13,5814,254,2354,1596
46590,189,1651,1022,629,2.79,2.33,1651,14,751,271
46595,16,15,15,0,3.4,,15,0,,15
46601,617,2189,451,1738,2.73,1.8,2189,678,275,176
46613,717,3919,2267,1652,2.54,3.22,3919,267,1198,1069
46614,745,12285,9474,2811,2.44,2.09,12285,626,5805,3669
46615,950,6224,3832,2392,2.25,2.22,6224,398,2605,1227
46616,303,2352,1274,1078,2.36,2.42,2352,274,844,430
46617,780,4343,2787,1556,2.4,2.36,4343,211,1451,1336
46619,998,7451,5432,2019,2.8,2.79,7451,747,2937,2495
46624,,34,5,29,2.0,1.59,34,14,,5
46628,1443,11030,7347,3683,2.47,2.34,11030,1272,4519,2828
46635,238,2646,2081,565,2.56,2.05,2646,248,1299,782
46637,942,7171,4995,2176,2.26,2.06,7171,227,3031,1964
46701,404,3031,2404,627,2.73,1.88,3031,114,1593,811
46702,94,858,767,91,2.36,1.96,858,17,474,293
46703,2226,7204,5338,1866,2.33,2.46,7204,375,3309,2029
46704,,30,30,0,1.9,,30,0,9,21
46705,54,703,566,137,2.78,2.09,703,6,393,173
46706,411,7750,6115,1635,2.62,1.93,7750,506,4371,1744
46710,177,1745,1492,253,2.62,1.94,1745,39,1031,461
46711,130,2417,1857,560,3.53,2.23,2417,365,1291,566
46714,519,5984,4301,1683,2.69,1.99,5984,335,2721,1580
46721,163,1902,1533,369,2.63,3.0,1902,77,1068,465
46723,256,2949,2531,418,2.55,2.33,2949,67,1626,905
46725,796,9736,8005,1731,2.43,2.09,9736,304,5221,2784
46730,95,312,308,4,2.55,4.5,312,7,173,135
46731,8,263,216,47,3.64,3.94,263,0,134,82
46732,211,1010,718,292,2.15,3.08,1010,34,430,288
46733,603,7682,6044,1638,2.66,1.79,7682,379,3710,2334
46737,1518,3038,2664,374,2.3,3.04,3038,122,1519,1145
46738,336,3355,2764,591,2.53,2.23,3355,170,1527,1237
46740,97,1187,1030,157,3.91,2.59,1187,473,712,318
46741,10,1381,1245,136,3.53,3.04,1381,363,755,490
46742,800,1342,1089,253,2.46,2.2,1342,104,652,437
46743,78,991,852,139,2.73,2.12,991,48,517,335
46745,7,704,679,25,2.68,2.28,704,13,354,325
46746,240,1430,1095,335,2.97,2.92,1430,70,798,297
46747,347,945,851,94,2.54,2.81,945,24,475,376
46748,254,2256,2068,188,2.94,3.26,2256,16,1605,463
46750,726,10793,7918,2875,2.44,2.33,10793,391,5380,2538
46755,573,6094,4135,1959,2.77,1.95,6094,635,2636,1499
46759,,158,158,0,2.47,,158,0,98,60
46760,55,506,387,119,2.26,3.43,506,10,231,156
46761,589,4021,3217,804,3.24,2.07,4021,1038,2151,1066
46763,,550,516,34,2.22,3.56,550,17,301,215
46764,55,439,392,47,3.52,2.6,439,4,309,83
46765,119,1932,1855,77,2.95,2.04,1932,80,1157,698
46766,,180,180,0,2.33,,180,0,113,67
46767,246,2815,2237,578,3.13,3.02,2815,567,1366,871
46770,69,1079,902,177,2.42,2.39,1079,28,572,330
46771,,39,17,22,3.41,2.45,39,0,17,
46772,15,839,776,63,4.04,2.83,839,326,468,308
46773,126,1309,1079,230,2.57,2.15,1309,36,608,471
46774,361,7041,5351,1690,2.51,2.39,7041,154,3236,2115
46776,239,654,472,182,2.17,2.69,654,13,299,173
46777,173,2634,2101,533,2.39,2.06,2634,66,1214,887
46778,,44,44,0,1.91,,44,0,34,10
46779,313,889,822,67,2.57,2.09,889,21,537,285
46781,11,312,285,27,2.37,2.85,312,7,164,121
46783,255,2858,2612,246,2.6,1.74,2858,39,1915,697
46784,499,819,677,142,2.47,2.5,819,30,384,293
46785,61,592,524,68,3.29,2.4,592,23,367,157
46786,,17,17,0,1.53,,17,0,9,8
46787,60,1535,1312,223,2.71,2.72,1535,118,862,450
46788,34,963,888,75,3.43,4.15,963,46,522,366
46789,,86,26,60,,2.25,86,26,26,
46791,17,388,364,24,2.47,2.92,388,10,249,115
46792,190,1530,1155,375,2.47,1.69,1530,9,728,427
46793,81,1710,1420,290,2.62,2.32,1710,15,819,601
46794,222,587,536,51,2.52,1.8,587,20,302,234
46795,952,2493,2125,368,2.76,2.86,2493,217,1416,709
46796,,46,46,0,2.24,,46,0,46,
46797,31,1263,1191,72,3.22,3.21,1263,60,590,601
46798,64,410,324,86,2.4,3.17,410,0,225,99
46799,3,184,161,23,2.25,3.48,184,0,89,72
46802,940,4887,1700,3187,2.17,1.76,4887,730,913,787
46803,801,3912,1716,2196,2.56,2.58,3912,904,776,940
46804,490,12346,8662,3684,2.5,1.84,12346,303,5850,2812
46805,1054,9524,5319,4205,2.36,2.16,9524,1026,3487,1832
46806,1277,8505,4646,3859,2.71,2.78,8505,640,2424,2222
46807,826,6165,3593,2572,2.55,2.59,6165,200,2583,1010
46808,698,8471,5312,3159,2.26,2.23,8471,712,3446,1866
46809,219,4089,2597,1492,2.29,1.98,4089,245,1703,894
46814,236,5255,4796,459,3.15,2.22,5255,32,3403,1393
46815,484,10246,7643,2603,2.84,1.96,10246,607,5308,2335
46816,1012,7193,4250,2943,2.95,2.29,7193,832,2624,1626
46818,446,7933,6694,1239,2.7,2.59,7933,165,4465,2229
46819,210,4242,2874,1368,2.37,1.98,4242,186,1808,1066
46825,767,12623,7624,4999,2.51,1.93,12623,452,4965,2659
46835,616,14475,10591,3884,2.57,2.12,14475,436,7083,3508
46845,251,10003,8672,1331,2.88,1.97,10003,199,6531,2141
46901,2378,16251,11854,4397,2.34,2.34,16251,969,7406,4448
46902,2052,15522,10516,5006,2.49,1.98,15522,952,6961,3555
46910,87,1140,913,227,2.78,2.94,1140,2,461,452
46911,15,576,552,24,2.66,6.29,576,5,351,201
46913,8,449,413,36,2.77,1.72,449,24,252,161
46914,114,960,776,184,2.92,2.09,960,40,431,345
46915,32,324,256,68,2.32,2.46,324,6,169,87
46917,71,700,599,101,2.54,2.31,700,72,283,316
46919,106,776,637,139,2.63,1.46,776,10,378,259
46920,,458,450,8,2.74,2.25,458,0,226,224
46922,,,,0,,,,0,,
46923,477,3149,2414,735,2.61,2.44,3149,82,1422,992
46926,61,573,505,68,2.9,1.62,573,2,267,238
46928,181,1935,1535,400,2.28,2.83,1935,72,813,722
46929,146,1329,984,345,2.46,2.19,1329,73,593,391
46930,14,70,43,27,2.79,2.33,70,1,31,12
46931,24,117,91,26,1.86,1.96,117,1,34,57
46932,93,1386,1076,310,2.32,1.88,1386,57,685,391
46933,212,2635,1966,669,2.29,2.72,2635,158,1226,740
46936,250,2206,1883,323,2.65,2.31,2206,44,1167,716
46937,,29,29,0,2.03,,29,0,29,
46938,104,1152,950,202,2.07,1.99,1152,51,640,310
46939,206,766,685,81,2.28,1.91,766,28,291,394
46940,166,1104,951,153,2.53,2.44,1104,26,520,431
46941,52,335,300,35,2.45,3.31,335,6,176,124
46943,51,45,35,10,3.89,4.7,45,12,15,20
46945,,19,,19,,,19,0,,
46946,11,39,17,22,2.88,2.27,39,0,9,8
46947,1045,11071,8044,3027,2.57,2.31,11071,610,4596,3448
46950,,237,217,20,1.75,3.5,237,0,56,161
46951,377,745,669,76,2.53,5.28,745,54,350,319
46952,1178,8085,5574,2511,2.31,2.03,8085,665,3657,1917
46953,1484,8361,5316,3045,2.31,2.31,8361,920,2712,2604
46957,14,201,155,46,2.15,2.24,201,4,76,79
46958,,354,331,23,2.08,,354,0,182,149
46959,,236,84,152,2.11,1.84,236,0,28,56
46960,229,470,367,103,2.87,1.61,470,74,166,201
46961,,32,32,0,2.28,,32,0,8,24
46962,375,3167,2333,834,2.5,2.01,3167,98,1335,998
46965,,,,0,,,,0,,
46967,,57,41,16,3.29,2.06,57,0,27,14
46968,12,57,57,0,2.42,,57,0,7,50
46970,1315,8487,5866,2621,2.42,2.83,8487,629,3159,2707
46971,,,,0,,,,0,,
46974,107,686,470,216,2.61,2.58,686,10,217,253
46975,995,5602,4245,1357,2.61,2.23,5602,344,2514,1731
46978,161,919,718,201,2.55,1.78,919,33,399,319
46979,144,1781,1675,106,3.01,2.46,1781,9,1226,449
46980,,31,9,22,3.22,7.09,31,0,9,
46982,244,1036,865,171,2.46,2.47,1036,20,498,367
46984,,17,17,0,1.53,,17,0,,17
46985,168,462,362,100,2.78,1.81,462,0,149,213
46986,44,688,555,133,2.4,2.47,688,19,276,279
46987,50,472,430,42,2.6,2.1,472,0,299,131
46988,24,337,208,129,2.27,1.88,337,1,99,109
46989,174,1467,1220,247,2.97,2.47,1467,43,865,355
46990,8,214,208,6,2.36,,214,22,129,79
46991,117,823,687,136,2.18,2.27,823,26,518,169
46992,772,7168,5547,1621,2.28,2.07,7168,447,3531,2016
46994,53,957,827,130,2.42,2.27,957,27,539,288
46996,470,2561,1897,664,2.33,2.26,2561,160,1042,855
46998,,102,65,37,2.23,2.89,102,0,56,9
47001,223,4353,3454,899,2.42,2.23,4353,148,2242,1212
47003,90,475,333,142,2.16,2.43,475,20,127,206
47006,275,4809,3751,1058,2.68,2.04,4809,223,2413,1338
47010,,54,54,0,3.96,,54,0,32,22
47011,58,291,280,11,2.44,,291,1,140,140
47012,493,4110,3064,1046,2.67,1.9,4110,243,1786,1278
47016,,369,328,41,2.3,1.59,369,30,131,197
47017,65,251,233,18,2.27,2.11,251,0,144,89
47018,242,1642,1260,382,2.65,2.84,1642,113,751,509
47020,68,400,292,108,2.98,1.92,400,0,205,87
47021,,,,0,,,,0,,
47022,17,1159,1118,41,2.6,1.2,1159,0,819,299
47023,99,872,721,151,2.39,2.97,872,31,368,353
47024,115,1235,942,293,2.52,2.64,1235,97,446,496
47025,614,8681,7062,1619,2.76,1.92,8681,615,4783,2279
47030,34,679,619,60,3.3,3.1,679,58,427,192
47031,185,1992,1466,526,2.73,2.13,1992,137,888,578
47032,95,1222,1135,87,2.56,4.68,1222,2,766,369
47033,,,,0,,,,0,,
47034,5,64,49,15,1.86,2.87,64,8,29,20
47035,,103,103,0,1.83,,103,0,,103
47036,16,369,311,58,2.81,1.72,369,16,235,76
47037,170,1700,1258,442,2.71,2.25,1700,54,793,465
47038,207,348,292,56,2.98,2.95,348,24,163,129
47040,118,2281,1818,463,2.41,1.87,2281,177,1115,703
47041,120,2279,2008,271,2.85,2.17,2279,159,1171,837
47042,286,1653,1330,323,2.48,2.0,1653,52,925,405
47043,337,1996,1396,600,2.63,2.07,1996,152,901,495
47060,137,2479,2136,343,2.7,1.97,2479,83,1536,600
47102,575,2670,1797,873,2.54,2.4,2670,79,1126,671
47104,31,9,9,0,,,9,0,,9
47106,218,1558,1286,272,2.88,3.06,1558,103,819,467
47108,172,907,719,188,2.65,1.98,907,87,382,337
47110,91,202,202,0,3.19,,202,0,77,125
47111,599,6372,5401,971,2.86,2.78,6372,172,4051,1350
47112,850,6406,5033,1373,2.71,2.12,6406,279,3460,1573
47114,48,189,153,36,2.32,4.47,189,0,117,36
47115,155,1037,875,162,3.5,1.21,1037,37,488,387
47116,301,195,182,13,2.38,,195,0,55,127
47117,155,1550,1322,228,2.9,2.43,1550,36,824,498
47118,350,1270,1126,144,2.65,2.36,1270,66,375,751
47119,406,4214,3959,255,2.68,3.12,4214,56,2436,1523
47120,23,322,290,32,2.37,1.75,322,14,253,37
47122,241,3895,3532,363,3.07,1.89,3895,120,2554,978
47123,,54,38,16,2.68,5.38,54,0,,38
47124,253,1780,1700,80,3.06,3.09,1780,0,1099,601
47125,158,614,512,102,2.2,3.95,614,80,249,263
47126,147,1521,1324,197,2.73,2.24,1521,51,991,333
47129,1056,8304,4838,3466,2.46,2.13,8304,591,2943,1895
47130,2346,19235,13474,5761,2.49,2.33,19235,1036,9142,4332
47135,77,341,338,3,2.82,2.33,341,12,157,181
47136,210,1498,1430,68,3.03,2.35,1498,39,867,563
47137,115,608,528,80,2.43,3.6,608,0,195,333
47138,249,1859,1685,174,2.91,2.05,1859,43,1034,651
47140,230,1108,788,320,2.47,2.05,1108,55,388,400
47141,24,607,522,85,2.67,1.12,607,18,290,232
47142,107,238,233,5,2.12,1.2,238,2,144,89
47143,21,1266,1104,162,2.99,2.29,1266,0,770,334
47145,116,848,656,192,2.49,2.31,848,68,320,336
47147,71,433,368,65,2.39,2.06,433,9,149,219
47150,3055,19462,12446,7016,2.6,2.24,19462,1710,8259,4187
47160,10,31,19,12,3.53,1.75,31,0,17,2
47161,274,1163,914,249,2.64,3.96,1163,37,589,325
47162,,202,152,50,2.58,3.86,202,0,68,84
47163,64,367,355,12,2.19,,367,12,243,112
47164,306,1444,1140,304,2.52,1.68,1444,30,694,446
47165,355,2679,2284,395,2.72,2.05,2679,82,1509,775
47166,92,479,445,34,2.65,2.82,479,104,207,238
47167,482,5756,4518,1238,2.67,2.37,5756,450,2528,1990
47170,311,5834,3661,2173,2.67,2.02,5834,466,2113,1548
47172,872,6969,5788,1181,2.84,2.13,6969,137,3918,1870
47174,,24,24,0,1.54,,24,0,24,
47175,288,315,315,0,2.47,,315,36,137,178
47177,78,682,609,73,2.78,6.49,682,9,335,274
47201,1623,18539,11930,6609,2.65,2.28,18539,973,7840,4090
47203,819,10549,8231,2318,2.51,1.96,10549,522,5430,2801
47220,192,2139,1721,418,2.49,2.44,2139,71,948,773
47223,59,371,302,69,2.72,2.54,371,0,205,97
47224,7,153,153,0,3.56,,153,12,67,86
47225,,35,35,0,1.4,,35,19,16,19
47226,27,96,50,46,2.7,2.35,96,0,29,21
47227,62,624,555,69,2.42,1.59,624,18,305,250
47229,170,1013,833,180,2.85,2.75,1013,26,495,338
47230,91,761,639,122,2.13,3.57,761,36,305,334
47231,27,243,210,33,3.71,2.91,243,7,113,97
47232,58,869,789,80,2.76,2.93,869,61,485,304
47234,55,592,514,78,2.72,2.92,592,17,321,193
47235,173,605,507,98,2.42,3.74,605,31,372,135
47236,,68,32,36,3.47,4.81,68,0,,32
47240,1015,8545,6030,2515,2.61,2.29,8545,331,3921,2109
47243,286,1854,1372,482,2.88,2.21,1854,78,849,523
47244,23,191,174,17,2.61,2.65,191,0,106,68
47246,149,1406,1196,210,2.88,2.9,1406,33,757,439
47247,2,73,52,21,2.13,3.67,73,3,23,29
47250,1134,9313,6171,3142,2.49,1.96,9313,495,3653,2518
47260,91,713,631,82,2.6,2.77,713,12,297,334
47263,41,71,43,28,2.53,2.79,71,6,29,14
47264,87,532,444,88,2.72,2.36,532,0,223,221
47265,1205,7584,5977,1607,2.77,2.39,7584,319,3628,2349
47270,17,185,162,23,2.3,1.43,185,21,96,66
47272,117,642,505,137,2.34,3.08,642,32,274,231
47273,102,924,850,74,2.7,2.68,924,10,699,151
47274,1365,12352,8186,4166,2.78,2.42,12352,919,5280,2906
47280,73,306,269,37,2.05,3.16,306,14,184,85
47281,165,513,446,67,2.86,1.16,513,16,197,249
47282,19,91,75,16,2.01,1.63,91,8,44,31
47283,162,1294,1002,292,3.08,2.27,1294,46,694,308
47302,1762,10774,6724,4050,2.23,2.45,10774,1206,3309,3415
47303,1329,10043,5079,4964,2.3,2.26,10043,903,2956,2123
47304,1133,13663,9148,4515,2.32,2.11,13663,523,5797,3351
47305,732,1675,533,1142,2.46,1.43,1675,547,148,385
47306,,,,0,,,,0,,
47320,179,1873,1522,351,2.3,2.38,1873,49,886,636
47324,7,73,42,31,2.71,3.32,73,0,13,29
47325,21,181,160,21,2.79,5.9,181,7,103,57
47326,12,583,490,93,3.69,3.19,583,108,236,254
47327,201,1779,1427,352,2.44,2.23,1779,67,849,578
47330,118,2116,1689,427,2.61,2.36,2116,85,1214,475
47331,1117,9493,6508,2985,2.44,2.19,9493,731,4058,2450
47334,87,1295,1111,184,2.42,2.05,1295,23,733,378
47335,25,293,202,91,1.99,2.46,293,33,130,72
47336,275,1211,987,224,2.26,2.08,1211,48,580,407
47337,7,63,43,20,2.53,3.15,63,2,25,18
47338,155,1068,877,191,2.3,2.19,1068,20,522,355
47339,46,182,145,37,2.52,4.54,182,70,63,82
47340,142,1255,978,277,2.7,2.39,1255,24,560,418
47341,61,968,739,229,2.49,2.64,968,108,486,253
47342,77,939,753,186,2.49,2.72,939,22,429,324
47344,12,73,70,3,2.46,2.33,73,5,57,13
47345,54,521,455,66,2.98,2.47,521,10,332,123
47346,237,1430,1200,230,2.66,2.42,1430,81,727,473
47348,621,3870,2947,923,2.51,1.79,3870,433,1482,1465
47351,15,176,132,44,3.58,3.16,176,1,81,51
47352,48,279,228,51,3.0,2.14,279,3,95,133
47353,302,2148,1697,451,2.48,2.41,2148,79,1010,687
47354,27,559,519,40,2.3,3.13,559,24,256,263
47355,80,1336,1048,288,2.25,2.12,1336,48,553,495
47356,133,2360,1806,554,2.46,1.87,2360,47,1026,780
47357,52,309,269,40,2.29,2.1,309,5,176,93
47358,45,381,327,54,2.65,2.28,381,37,142,185
47359,322,1219,890,329,2.75,3.3,1219,72,583,307
47360,56,568,464,104,2.56,1.72,568,7,244,220
47361,,96,67,29,2.31,2.66,96,0,24,43
47362,1653,10731,7892,2839,2.45,2.37,10731,480,4526,3366
47366,,14,,14,,2.07,14,0,,
47367,,42,42,0,1.26,,42,12,,42
47368,181,804,706,98,2.28,2.07,804,15,418,288
47369,50,778,568,210,2.16,1.88,778,49,245,323
47370,34,93,81,12,1.74,2.08,93,0,26,55
47371,468,4840,3530,1310,2.38,2.62,4840,505,2039,1491
47373,60,873,675,198,2.75,2.06,873,55,438,237
47374,3068,18684,11647,7037,2.34,2.18,18684,1529,7502,4145
47380,83,667,540,127,2.36,2.39,667,22,244,296
47381,3,71,48,23,2.81,2.04,71,2,9,39
47382,12,62,38,24,2.61,3.29,62,0,13,25
47383,110,1110,940,170,2.78,2.47,1110,52,546,394
47384,151,760,676,84,2.64,2.31,760,24,427,249
47385,73,739,578,161,2.61,2.27,739,19,451,127
47386,21,494,444,50,2.33,2.1,494,0,200,244
47387,122,240,182,58,2.42,2.24,240,12,109,73
47388,7,173,154,19,2.21,2.84,173,11,87,67
47390,352,2236,1591,645,2.4,1.93,2236,185,771,820
47392,,74,74,0,2.34,,74,0,65,9
47393,83,517,442,75,3.61,2.49,517,46,368,74
47394,397,3291,2466,825,2.53,2.46,3291,178,1466,1000
47396,351,2724,2491,233,2.73,2.61,2724,163,1929,562
47401,2034,18464,10348,8116,2.37,1.82,18464,1723,6332,4016
47403,888,14581,8022,6559,2.43,2.08,14581,752,5207,2815
47404,1007,10798,5918,4880,2.36,1.94,10798,851,3812,2106
47405,,,,0,,,,0,,
47406,,5,,5,,3.6,5,0,,
47408,1488,8966,3189,5777,2.29,1.99,8966,934,1983,1206
47420,,81,81,0,1.64,,81,0,18,63
47421,1097,11967,9347,2620,2.34,1.96,11967,824,5592,3755
47424,630,3358,2635,723,2.47,2.64,3358,166,1289,1346
47427,222,277,186,91,2.37,4.05,277,0,73,113
47429,176,3002,2608,394,2.58,1.73,3002,74,1833,775
47431,78,546,484,62,3.13,3.82,546,0,242,242
47432,276,1834,1477,357,2.5,2.04,1834,67,873,604
47433,211,1411,987,424,2.52,2.36,1411,75,568,419
47434,25,10,10,0,,,10,0,10,
47435,,69,69,0,1.74,,69,0,69,
47436,207,582,487,95,2.7,2.32,582,15,191,296
47437,,68,68,0,1.76,,68,0,48,20
47438,199,1562,1188,374,2.58,2.13,1562,106,563,625
47441,518,3861,2758,1103,2.41,2.09,3861,224,1497,1261
47443,83,455,350,105,2.53,2.94,455,6,109,241
47445,40,32,6,26,5.83,,32,0,6,
47446,355,3740,3070,670,2.59,2.05,3740,211,1739,1331
47448,827,3115,2523,592,2.32,2.0,3115,135,1321,1202
47449,112,150,138,12,2.51,3.42,150,0,43,95
47451,77,548,325,223,3.19,2.25,548,0,182,143
47452,166,1972,1437,535,2.61,2.58,1972,126,825,612
47453,27,175,94,81,2.43,1.78,175,42,43,51
47454,465,3047,2402,645,2.32,2.56,3047,107,1244,1158
47455,36,27,27,0,1.44,,27,0,27,
47456,12,553,485,68,2.2,4.07,553,30,269,216
47457,,9,,9,,3.89,9,0,,
47458,,17,17,0,2.82,,17,0,,17
47459,159,1383,1232,151,2.68,2.47,1383,56,617,615
47460,442,4641,3733,908,2.37,2.51,4641,164,2196,1537
47462,179,1732,1562,170,2.87,2.24,1732,22,1001,561
47464,17,155,94,61,2.6,1.3,155,9,67,27
47465,25,153,121,32,2.72,1.78,153,5,40,81
47467,,,,0,,,,0,,
47468,247,634,574,60,2.13,1.55,634,15,262,312
47469,131,697,529,168,2.52,2.8,697,42,257,272
47470,94,588,538,50,2.41,2.78,588,0,270,268
47471,111,1220,987,233,2.7,2.44,1220,67,440,547
47501,736,6965,4264,2701,2.63,2.32,6965,570,2534,1730
47512,233,1713,1202,511,2.4,2.2,1713,89,544,658
47513,361,708,671,37,2.73,1.62,708,33,239,432
47514,,131,131,0,2.29,,131,0,74,57
47515,62,333,311,22,2.84,2.77,333,0,150,161
47516,51,438,405,33,2.65,1.79,438,22,289,116
47519,88,197,184,13,3.13,2.77,197,5,112,72
47520,313,1158,867,291,2.45,1.69,1158,42,555,312
47521,25,341,341,0,2.25,,341,0,240,101
47522,23,131,45,86,1.64,2.29,131,1,11,34
47523,194,1311,987,324,3.08,1.63,1311,64,489,498
47524,23,189,179,10,2.32,2.3,189,16,108,71
47525,16,117,117,0,2.04,,117,0,42,75
47527,25,833,740,93,3.04,1.6,833,11,476,264
47528,38,209,119,90,2.53,2.12,209,9,62,57
47529,60,389,302,87,3.03,2.49,389,10,169,133
47531,15,342,284,58,2.43,1.59,342,0,133,151
47532,170,1666,1397,269,2.63,1.56,1666,29,701,696
47535,7,278,186,92,2.99,1.74,278,0,78,108
47537,21,335,246,89,2.59,1.1,335,1,111,135
47541,31,438,366,72,2.61,2.46,438,11,246,120
47542,215,3969,2912,1057,2.54,2.2,3969,211,1690,1222
47546,728,9025,6810,2215,2.43,2.34,9025,521,4133,2677
47550,,232,214,18,2.5,1.67,232,7,118,96
47551,55,184,169,15,3.09,,184,8,148,21
47552,,95,95,0,3.15,,95,0,30,65
47553,292,3076,2436,640,2.93,1.79,3076,258,1370,1066
47557,95,573,413,160,2.27,3.23,573,5,208,205
47558,67,1349,1173,176,3.99,3.18,1349,570,581,592
47561,110,675,469,206,2.51,1.23,675,7,242,227
47562,96,1685,1307,378,3.31,1.61,1685,434,580,727
47564,43,573,530,43,2.25,2.05,573,9,247,283
47567,248,2545,2081,464,2.53,1.56,2545,89,1265,816
47568,57,224,143,81,3.09,2.67,224,40,56,87
47573,,15,15,0,2.27,,15,0,,15
47574,,83,71,12,2.25,1.75,83,12,25,46
47575,49,383,298,85,2.69,2.48,383,0,180,118
47576,36,152,152,0,3.01,,152,0,120,32
47577,44,428,366,62,2.57,2.42,428,14,202,164
47578,41,253,228,25,1.82,2.44,253,0,136,92
47579,116,1064,984,80,2.69,1.85,1064,33,731,253
47580,,147,147,0,2.12,,147,0,36,111
47581,320,1370,1163,207,2.49,1.71,1370,58,539,624
47584,3,75,60,15,1.93,2.73,75,1,49,11
47585,43,263,240,23,2.46,,263,0,10,230
47586,431,4862,3449,1413,2.43,1.81,4862,327,2293,1156
47588,43,343,297,46,2.86,3.09,343,10,144,153
47590,14,200,182,18,2.22,2.39,200,0,120,62
47591,1160,10501,6309,4192,2.43,1.93,10501,950,3764,2545
47596,37,28,21,7,3.05,,28,7,12,9
47597,30,319,267,52,2.46,2.31,319,4,132,135
47598,118,1213,963,250,2.31,2.43,1213,106,566,397
47601,401,5410,4281,1129,2.37,2.61,5410,184,2887,1394
47610,250,2028,1632,396,2.43,2.95,2028,18,1036,596
47611,33,349,280,69,2.9,2.04,349,4,187,93
47612,76,253,207,46,2.91,2.22,253,5,141,66
47613,160,974,915,59,3.12,2.2,974,3,719,196
47615,55,721,579,142,2.53,2.11,721,35,337,242
47616,,82,46,36,2.96,4.31,82,1,32,14
47619,96,713,652,61,2.42,1.98,713,0,382,270
47620,607,5379,3963,1416,2.48,1.89,5379,265,2589,1374
47630,489,14441,11510,2931,2.73,2.19,14441,240,7924,3586
47631,202,859,721,138,2.5,2.12,859,11,423,298
47633,36,982,815,167,2.41,2.32,982,26,501,314
47634,102,891,831,60,2.57,4.25,891,0,442,389
47635,234,2303,1675,628,2.54,1.84,2303,101,1058,617
47637,133,584,480,104,2.79,1.82,584,21,281,199
47638,15,1275,1144,131,2.66,2.31,1275,102,785,359
47639,115,1636,1385,251,3.0,2.06,1636,28,772,613
47640,45,360,337,23,2.65,1.78,360,17,130,207
47648,157,1926,1479,447,2.33,1.94,1926,64,839,640
47649,26,594,502,92,2.07,2.47,594,18,198,304
47654,,11,11,0,2.36,,11,0,3,8
47660,178,1822,1381,441,2.54,2.63,1822,70,724,657
47665,169,1503,1228,275,2.73,2.47,1503,41,732,496
47666,212,573,449,124,2.48,4.11,573,14,231,218
47670,757,4618,3107,1511,2.42,2.36,4618,250,1886,1221
47683,1,36,28,8,1.61,4.38,36,1,11,17
47708,151,336,96,240,1.63,1.27,336,12,63,33
47710,1046,8023,4541,3482,2.38,1.94,8023,950,2895,1646
47711,1476,13338,10084,3254,2.33,2.33,13338,939,6061,4023
47712,938,9726,6303,3423,2.51,2.18,9726,515,4054,2249
47713,1043,4475,1813,2662,2.3,1.89,4475,863,1014,799
47714,1523,14425,8340,6085,2.26,2.3,14425,1458,5772,2568
47715,864,13255,6689,6566,2.29,1.79,13255,896,4463,2226
47720,351,6724,5761,963,2.53,1.87,6724,177,3154,2607
47725,266,7442,7131,311,2.49,3.37,7442,34,4816,2315
47802,1096,13048,7893,5155,2.5,2.02,13048,917,5284,2609
47803,625,9032,6302,2730,2.3,1.97,9032,452,4152,2150
47804,490,4662,2606,2056,2.31,2.36,4662,550,1518,1088
47805,489,5488,4411,1077,2.32,2.13,5488,123,2772,1639
47807,1348,5286,1581,3705,2.37,2.24,5286,933,830,751
47809,,,,0,,,,0,,
47831,,,,0,,,,0,,
47832,99,487,412,75,2.28,3.92,487,24,171,241
47833,53,311,272,39,2.06,1.41,311,11,201,71
47834,844,7724,5783,1941,2.47,2.29,7724,409,3873,1910
47836,41,,,0,,,,0,,
47837,79,360,310,50,2.53,3.14,360,3,172,138
47838,163,766,632,134,2.55,2.17,766,2,333,299
47840,119,798,716,82,2.95,3.06,798,13,524,192
47841,145,1032,821,211,2.53,2.18,1032,31,405,416
47842,413,4179,2975,1204,2.33,2.2,4179,168,1580,1395
47845,24,70,70,0,1.49,,70,0,10,60
47846,35,215,206,9,3.04,,215,0,148,58
47847,69,424,377,47,2.38,2.38,424,21,182,195
47848,136,543,420,123,2.92,1.15,543,19,213,207
47849,,166,136,30,3.78,1.27,166,22,96,40
47850,92,905,764,141,2.51,2.55,905,24,518,246
47851,,,,0,,,,0,,
47853,,66,39,27,2.03,2.48,66,0,28,11
47854,90,244,216,28,2.62,1.54,244,6,104,112
47855,46,392,263,129,2.62,2.26,392,12,146,117
47857,23,105,85,20,2.26,3.05,105,8,56,29
47858,,438,257,181,2.33,3.54,438,0,134,123
47859,61,305,230,75,3.43,1.39,305,70,180,50
47860,19,166,108,58,2.48,4.69,166,7,63,45
47861,44,210,198,12,2.87,3.5,210,9,82,116
47862,67,565,463,102,2.26,3.27,565,14,210,253
47863,,94,94,0,2.43,,94,0,81,13
47865,,1,1,0,4.0,,1,0,1,
47866,,168,155,13,2.68,5.23,168,0,83,72
47868,353,1251,986,265,2.28,2.79,1251,46,546,440
47869,,18,18,0,2.0,,18,0,18,
47870,,,,0,,,,0,,
47871,16,210,149,61,2.34,3.33,210,0,104,45
47872,1292,2362,1816,546,2.92,2.57,2362,308,1048,768
47874,171,1233,1064,169,2.65,2.7,1233,8,670,394
47875,,,,0,,,,0,,
47876,,,,0,,,,0,,
47879,136,1431,1063,368,2.46,2.0,1431,106,711,352
47880,,41,41,0,1.93,,41,0,13,28
47881,43,75,64,11,2.97,1.82,75,2,45,19
47882,594,3216,2236,980,2.46,2.2,3216,223,1359,877
47884,14,152,150,2,2.47,2.0,152,0,74,76
47885,257,3535,2896,639,2.73,2.05,3535,251,1581,1315
47901,227,2512,230,2282,2.27,1.57,2512,615,148,82
47904,592,7211,3215,3996,2.19,2.18,7211,1090,2309,906
47905,964,17398,10654,6744,2.53,2.2,17398,1010,6910,3744
47906,2295,25144,11517,13627,2.62,2.03,25144,2443,7672,3845
47907,,,,0,,,,0,,
47909,847,16631,10924,5707,2.7,2.28,16631,690,7904,3020
47916,11,13,6,7,4.67,2.57,13,0,4,2
47917,45,177,161,16,2.11,3.88,177,0,90,71
47918,333,2212,1655,557,2.34,2.51,2212,76,1082,573
47920,76,962,849,113,2.77,3.2,962,11,597,252
47921,44,423,317,106,2.3,4.83,423,12,224,93
47922,77,556,386,170,2.58,2.75,556,12,229,157
47923,160,1359,1109,250,2.54,2.28,1359,0,736,373
47924,,109,109,0,1.68,,109,0,99,10
47925,,7,7,0,4.86,,7,0,7,
47926,30,416,375,41,2.73,3.49,416,3,207,168
47928,151,705,585,120,2.73,2.93,705,60,391,194
47929,18,263,206,57,2.32,2.61,263,5,135,71
47930,21,461,350,111,2.69,1.9,461,7,218,132
47932,211,2233,1651,582,2.38,2.33,2233,65,1015,636
47933,799,11509,8279,3230,2.38,2.13,11509,676,5685,2594
47940,69,610,521,89,2.87,2.24,610,22,318,203
47941,16,490,397,93,2.22,2.51,490,6,299,98
47942,57,297,252,45,2.33,2.93,297,0,148,104
47943,16,296,228,68,2.7,2.59,296,9,197,31
47944,243,1347,967,380,2.55,2.27,1347,40,544,423
47946,76,741,538,203,2.61,3.78,741,9,249,289
47948,99,552,450,102,2.67,2.72,552,28,298,152
47949,36,515,456,59,2.77,2.8,515,7,278,178
47950,30,287,183,104,3.3,1.99,287,0,95,88
47951,100,1135,830,305,2.03,2.34,1135,88,487,343
47952,310,1253,866,387,2.4,1.88,1253,85,329,537
47954,12,858,727,131,2.77,1.82,858,14,531,196
47955,19,383,296,87,2.54,2.11,383,2,187,109
47957,166,714,589,125,2.93,3.38,714,35,324,265
47958,14,50,44,6,2.45,2.67,50,1,20,24
47959,248,841,634,207,2.94,3.22,841,15,415,219
47960,3702,6188,4835,1353,2.55,1.9,6188,216,3003,1832
47963,72,887,723,164,2.62,2.35,887,46,360,363
47964,10,38,33,5,2.91,4.4,38,0,25,8
47965,22,234,191,43,2.47,2.7,234,2,108,83
47966,18,169,159,10,1.95,1.4,169,0,61,98
47967,13,301,268,33,2.62,1.15,301,4,176,92
47968,5,423,357,66,2.88,2.52,423,5,229,128
47969,20,118,81,37,2.46,2.59,118,13,37,44
47970,63,763,563,200,2.56,2.21,763,34,363,200
47971,76,719,595,124,2.8,2.32,719,27,373,222
47974,65,412,270,142,2.49,2.01,412,33,141,129
47975,16,338,278,60,2.62,2.27,338,5,193,85
47977,76,936,716,220,2.67,2.52,936,26,375,341
47978,321,4165,2945,1220,2.5,2.33,4165,120,1598,1347
47980,27,448,353,95,2.56,2.26,448,0,208,145
47981,36,299,278,21,3.53,2.67,299,6,224,54
47982,15,57,47,10,2.04,2.4,57,2,30,17
47983,,32,32,0,3.81,,32,0,32,
47986,,,,0,,,,0,,
47987,120,1545,1298,247,2.5,2.44,1545,87,738,560
47989,78,417,377,40,2.36,2.23,417,47,303,74
47990,48,619,535,84,2.68,3.13,619,53,302,233
47991,78,475,316,159,2.4,2.69,475,10,183,133
47992,,568,495,73,2.34,2.4,568,0,370,125
47993,171,1418,1137,281,2.5,2.26,1418,70,636,501
47994,17,180,128,52,2.5,1.37,180,1,82,46
47995,43,665,544,121,3.06,2.66,665,15,361,183
47997,5,58,50,8,2.7,2.5,58,2,44,6
48001,710,5142,4308,834,2.24,2.43,5142,111,2440,1868
48002,66,1226,1185,41,2.56,2.07,1226,29,778,407
48003,61,2185,2013,172,2.73,1.91,2185,86,1306,707
48005,41,1823,1696,127,2.92,2.14,1823,56,1244,452
48006,111,1411,1340,71,2.79,2.41,1411,26,860,480
48009,1149,9383,7016,2367,2.56,1.6,9383,497,4728,2288
48014,43,1718,1424,294,2.62,2.11,1718,36,849,575
48015,75,3664,1825,1839,2.32,2.23,3664,360,1195,630
48017,252,5854,4360,1494,2.08,1.52,5854,398,2926,1434
48021,782,13351,9157,4194,2.45,2.73,13351,1132,5911,3246
48022,96,1064,1034,30,2.4,1.53,1064,7,650,384
48023,252,1959,1698,261,2.63,1.93,1959,44,960,738
48025,223,5679,5277,402,2.63,2.21,5679,159,3450,1827
48026,326,6337,4558,1779,2.42,1.99,6337,395,3052,1506
48027,108,1206,1118,88,2.66,2.07,1206,28,746,372
48028,1043,490,489,1,1.87,2.0,490,22,211,278
48030,486,6801,3882,2919,2.21,2.27,6801,839,2311,1571
48032,87,771,707,64,2.34,2.98,771,16,416,291
48033,913,7628,3814,3814,2.62,1.78,7628,908,2604,1210
48034,634,7619,1491,6128,2.94,1.84,7619,1097,995,496
48035,941,14668,9159,5509,2.45,2.31,14668,825,5538,3621
48036,531,9024,6465,2559,2.37,2.12,9024,786,3378,3087
48038,720,20491,12757,7734,2.31,1.85,20491,1279,8339,4418
48039,391,3333,2822,511,2.33,1.79,3333,127,1599,1223
48040,292,4371,3720,651,2.37,1.68,4371,180,2045,1675
48041,167,1667,1454,213,2.67,1.55,1667,83,864,590
48042,267,11216,10942,274,2.86,2.16,11216,246,7901,3041
48043,447,6506,3750,2756,2.27,2.1,6506,967,2261,1489
48044,471,19402,17409,1993,3.06,2.86,19402,389,12724,4685
48045,1032,11738,8199,3539,2.2,1.78,11738,661,4859,3340
48047,712,15562,12405,3157,2.68,1.97,15562,665,9035,3370
48048,215,3183,2563,620,2.86,2.72,3183,197,1612,951
48049,73,2229,2035,194,2.4,3.03,2229,13,1231,804
48050,55,574,522,52,2.57,3.19,574,7,296,226
48051,240,6576,5536,1040,2.74,2.52,6576,325,3743,1793
48054,359,2928,2525,403,2.53,1.7,2928,198,1502,1023
48059,782,6130,5025,1105,2.51,2.17,6130,417,2927,2098
48060,1554,16558,9862,6696,2.38,2.31,16558,1750,5705,4157
48062,120,3387,2853,534,2.84,2.23,3387,147,1947,906
48063,11,1545,1399,146,2.72,1.79,1545,85,871,528
48064,25,1422,1350,72,2.8,2.72,1422,38,801,549
48065,98,4623,3858,765,2.51,2.02,4623,303,2547,1311
48066,1028,21020,13414,7606,2.37,2.08,21020,1916,8054,5360
48067,967,12556,8524,4032,2.09,1.55,12556,708,6209,2315
48069,29,1175,1128,47,2.25,1.45,1175,22,854,274
48070,99,2363,2288,75,2.7,2.69,2363,37,1557,731
48071,717,13487,8324,5163,2.3,1.82,13487,1346,5428,2896
48072,185,7067,5934,1133,2.21,1.88,7067,269,4434,1500
48073,1261,16458,10572,5886,2.23,1.78,16458,621,6980,3592
48074,81,3634,3291,343,2.57,3.03,3634,96,1832,1459
48075,697,9654,5441,4213,2.71,1.92,9654,748,3805,1636
48076,482,9996,7142,2854,2.5,2.03,9996,321,5219,1923
48079,298,4950,4154,796,2.62,1.98,4950,298,2501,1653
48080,455,10882,8393,2489,2.13,1.71,10882,642,4855,3538
48081,489,8968,7662,1306,2.3,2.04,8968,466,4705,2957
48082,339,7183,6249,934,2.22,2.44,7183,219,4131,2118
48083,452,9677,6124,3553,2.72,1.97,9677,948,3903,2221
48084,452,6646,3387,3259,2.58,2.16,6646,144,2301,1086
48085,214,9111,8352,759,2.93,3.4,9111,126,5552,2800
48088,169,9641,8150,1491,2.48,2.68,9641,408,5307,2843
48089,1130,12774,6982,5792,2.44,2.62,12774,1262,3488,3494
48091,1672,11388,7086,4302,2.54,2.78,11388,870,3844,3242
48092,559,10510,8313,2197,2.67,2.39,10510,509,5008,3305
48093,396,10189,7849,2340,2.39,2.22,10189,532,4607,3242
48094,208,7749,6356,1393,2.66,2.06,7749,164,3809,2547
48095,60,1983,1908,75,2.97,1.31,1983,59,1276,632
48096,80,1612,1341,271,2.51,1.46,1612,42,725,616
48097,122,2182,1703,479,2.54,2.18,2182,126,1079,624
48098,581,7315,6728,587,2.8,2.21,7315,151,4104,2624
48101,564,11796,10148,1648,2.42,2.25,11796,392,5861,4287
48103,1346,23876,16178,7698,2.51,1.95,23876,1295,10478,5700
48104,1381,17660,6467,11193,2.36,2.3,17660,3072,4072,2395
48105,1204,15170,7569,7601,2.43,1.98,15170,1502,4315,3254
48108,515,11879,6414,5465,2.42,2.1,11879,672,4154,2260
48109,,114,,114,,3.6,114,96,,
48111,1045,18131,12159,5972,2.6,2.04,18131,984,8043,4116
48114,172,8013,7283,730,2.74,2.22,8013,162,5106,2177
48116,816,11092,9523,1569,2.52,1.76,11092,510,6589,2934
48117,261,4210,3705,505,2.4,2.99,4210,163,2209,1496
48118,250,5433,4322,1111,2.52,1.7,5433,316,2836,1486
48120,230,2610,950,1660,3.51,3.16,2610,444,307,643
48122,370,4536,2657,1879,2.71,2.84,4536,335,1117,1540
48124,1022,13389,10640,2749,2.45,2.53,13389,645,6033,4607
48125,603,8133,5713,2420,2.52,2.96,8133,484,2886,2827
48126,1419,14607,8326,6281,3.98,3.26,14607,1404,3396,4930
48127,679,13804,9798,4006,3.11,2.44,13804,788,5041,4757
48128,215,4343,3861,482,2.85,2.98,4343,112,2503,1358
48130,202,5913,5122,791,2.77,2.27,5913,136,3878,1244
48131,212,3441,2416,1025,2.5,1.54,3441,254,1600,816
48133,277,2135,1943,192,2.74,2.67,2135,104,1044,899
48134,383,8825,7122,1703,2.8,2.36,8825,172,4838,2284
48135,269,10979,8811,2168,2.51,2.36,10979,676,5717,3094
48137,503,1926,1784,142,2.48,2.29,1926,0,1184,600
48138,259,4241,3872,369,2.57,1.94,4241,67,2108,1764
48139,,61,45,16,1.44,,61,0,20,25
48140,19,1286,1210,76,2.86,2.59,1286,25,875,335
48141,1721,9031,3753,5278,2.72,2.9,9031,1618,1510,2243
48143,22,64,64,0,2.91,,64,0,64,
48144,70,3999,3714,285,2.52,1.7,3999,60,2250,1464
48145,99,1231,1036,195,2.69,1.61,1231,41,650,386
48146,917,15284,10767,4517,2.69,2.37,15284,1346,5630,5137
48150,290,10405,9057,1348,2.62,2.36,10405,233,5984,3073
48152,473,12454,10246,2208,2.55,2.12,12454,664,6166,4080
48154,610,14593,13333,1260,2.54,1.78,14593,430,8359,4974
48157,109,591,456,135,2.0,1.74,591,39,209,247
48158,280,3145,2809,336,2.48,2.1,3145,96,1830,979
48159,60,986,822,164,2.71,2.33,986,29,488,334
48160,266,4920,3942,978,2.74,1.91,4920,254,2697,1245
48161,688,11207,8158,3049,2.45,2.12,11207,1002,4795,3363
48162,820,11908,8806,3102,2.58,1.7,11908,1072,5866,2940
48164,235,3194,3066,128,2.83,2.99,3194,125,1987,1079
48165,231,3221,2425,796,3.03,1.9,3221,84,1563,862
48166,327,4739,4039,700,2.61,3.11,4739,136,2328,1711
48167,810,9904,7293,2611,2.47,1.95,9904,194,4623,2670
48168,219,8844,8026,818,2.83,2.81,8844,96,4902,3124
48169,876,8307,7665,642,2.56,2.07,8307,155,5138,2527
48170,586,17498,13512,3986,2.49,1.74,17498,873,8265,5247
48173,226,4892,4150,742,2.65,2.8,4892,140,2512,1638
48174,918,11897,8624,3273,2.68,2.73,11897,798,4882,3742
48176,357,8372,7160,1212,2.79,2.13,8372,334,4685,2475
48177,,113,113,0,3.42,,113,0,95,18
48178,501,13451,12431,1020,2.79,1.88,13451,334,8502,3929
48179,60,1419,1110,309,2.65,2.4,1419,38,632,478
48180,1866,24643,15731,8912,2.54,2.52,24643,1583,9244,6487
48182,378,8443,7151,1292,2.66,1.88,8443,302,4649,2502
48183,743,17721,13536,4185,2.46,2.06,17721,887,7814,5722
48184,682,7025,4083,2942,2.56,2.44,7025,663,2675,1408
48185,1477,21729,12160,9569,2.39,2.0,21729,1859,7657,4503
48186,922,13534,8893,4641,2.74,2.51,13534,953,5734,3159
48187,980,19352,13676,5676,2.91,2.18,19352,790,9633,4043
48188,575,16136,13243,2893,2.84,2.63,16136,451,9408,3835
48189,357,6064,4710,1354,2.45,1.71,6064,138,3209,1501
48190,,76,76,0,2.78,,76,0,63,13
48191,78,1487,1338,149,2.58,4.25,1487,25,719,619
48192,805,10922,7801,3121,2.38,2.04,10922,991,4841,2960
48193,412,6490,4111,2379,2.79,2.14,6490,483,2681,1430
48195,809,12566,8461,4105,2.57,1.98,12566,876,5181,3280
48197,1229,26626,14038,12588,2.72,1.95,26626,2058,9588,4450
48198,933,16542,9681,6861,2.44,2.4,16542,1359,5936,3745
48201,1903,7741,841,6900,1.77,1.71,7741,3458,481,360
48202,2532,7202,2094,5108,2.33,1.66,7202,2097,862,1232
48203,5496,8873,3914,4959,2.59,2.11,8873,2681,1241,2673
48204,5260,8929,4686,4243,2.49,2.46,8929,2180,1374,3312
48205,5278,12504,4073,8431,2.63,2.46,12504,1787,1175,2898
48206,5068,6325,3215,3110,2.38,2.24,6325,1651,684,2531
48207,1786,10718,2803,7915,1.84,1.79,10718,2943,1016,1787
48208,1437,3904,1382,2522,2.24,1.89,3904,1388,507,875
48209,2097,9081,4638,4443,3.48,2.77,9081,1539,958,3680
48210,2925,8031,4626,3405,3.77,2.82,8031,1648,658,3968
48211,924,1855,744,1111,3.37,2.7,1855,422,143,601
48212,3304,11484,6875,4609,3.92,3.23,11484,2314,1636,5239
48213,4250,7572,4301,3271,2.85,2.47,7572,1966,765,3536
48214,3841,9542,4062,5480,2.34,1.81,9542,3246,1471,2591
48215,1784,4534,2023,2511,2.26,2.33,4534,1435,557,1466
48216,629,2504,891,1613,2.51,1.86,2504,694,377,514
48217,235,2707,1602,1105,2.33,2.8,2707,637,256,1346
48218,644,2894,1447,1447,2.96,2.07,2894,634,424,1023
48219,3007,17738,9501,8237,2.32,2.57,17738,3215,3682,5819
48220,685,11317,6991,4326,2.04,1.74,11317,800,5277,1714
48221,2006,15383,9991,5392,2.58,2.69,15383,2001,4580,5411
48223,1911,9482,5168,4314,2.77,2.47,9482,1453,2076,3092
48224,3839,13189,7441,5748,2.7,3.19,13189,2035,2617,4824
48225,493,5660,3176,2484,2.67,3.04,5660,812,1827,1349
48226,842,3880,440,3440,1.5,1.39,3880,961,311,129
48227,4496,15118,8387,6731,2.65,2.62,15118,2960,2385,6002
48228,3492,19253,9340,9913,2.93,2.96,19253,4160,2536,6804
48229,749,3421,2277,1144,2.62,2.88,3421,634,711,1566
48230,418,6919,5362,1557,2.66,1.96,6919,213,3489,1873
48233,,,,0,,,,0,,
48234,3659,12432,6518,5914,2.44,2.95,12432,2551,1713,4805
48235,2737,17830,10019,7811,2.35,2.75,17830,3092,4066,5953
48236,457,12209,11093,1116,2.56,2.29,12209,676,7013,4080
48237,585,12262,7195,5067,2.4,2.44,12262,1119,4840,2355
48238,5793,10052,4838,5214,2.64,2.32,10052,2492,1192,3646
48239,742,13866,10465,3401,2.62,2.97,13866,937,6803,3662
48240,452,6566,4781,1785,2.41,3.05,6566,365,2764,2017
48242,,,,0,,,,0,,
48243,,,,0,,,,0,,
48301,446,5879,5191,688,2.68,1.85,5879,202,3353,1838
48302,491,6558,5738,820,2.72,1.96,6558,236,3713,2025
48304,611,6556,5988,568,2.51,2.64,6556,220,3656,2332
48306,629,9666,9076,590,2.94,2.14,9666,139,6366,2710
48307,1451,17983,12293,5690,2.61,1.99,17983,769,7753,4540
48309,556,11203,9102,2101,2.75,1.72,11203,833,6114,2988
48310,398,14882,11248,3634,3.0,2.75,14882,777,6187,5061
48312,397,13677,10375,3302,2.62,2.16,13677,651,6777,3598
48313,637,13724,10144,3580,2.63,2.01,13724,986,7405,2739
48314,240,8846,6783,2063,2.62,1.67,8846,607,3958,2825
48315,162,10696,9414,1282,2.7,1.56,10696,873,5686,3728
48316,424,11122,8866,2256,2.66,2.05,11122,204,5890,2976
48317,524,12256,7116,5140,2.51,2.04,12256,632,4902,2214
48320,168,2106,1557,549,2.1,2.06,2106,134,1104,453
48322,842,12610,9484,3126,2.64,2.37,12610,502,5654,3830
48323,306,6191,5509,682,2.75,2.37,6191,169,3249,2260
48324,331,6515,6001,514,2.72,2.85,6515,64,4197,1804
48326,687,10939,5388,5551,2.26,2.07,10939,740,3276,2112
48327,499,9373,6492,2881,2.42,1.86,9373,443,4757,1735
48328,560,11393,7325,4068,2.45,1.92,11393,671,4969,2356
48329,686,9696,8522,1174,2.46,1.95,9696,210,5807,2715
48331,242,9152,7007,2145,2.59,1.77,9152,513,4271,2736
48334,441,8028,5103,2925,2.68,1.89,8028,700,3529,1574
48335,604,11033,4815,6218,2.48,1.96,11033,456,3068,1747
48336,682,11723,8281,3442,2.5,1.77,11723,707,5863,2418
48340,1009,10690,4491,6199,2.58,2.35,10690,1715,2437,2054
48341,895,7735,3755,3980,2.42,2.08,7735,1185,2196,1559
48342,1055,6169,2359,3810,2.9,2.47,6169,1317,1128,1231
48346,660,9249,6445,2804,2.55,2.42,9249,181,4366,2079
48348,149,8782,8151,631,2.9,1.97,8782,194,5556,2595
48350,115,2781,2368,413,2.78,3.27,2781,0,1645,723
48353,34,2766,2470,296,2.44,2.99,2766,85,1514,956
48356,264,3107,2852,255,2.66,2.04,3107,70,2093,759
48357,213,3226,2827,399,2.78,1.93,3226,32,1659,1168
48359,182,4090,2819,1271,2.52,2.17,4090,64,2194,625
48360,215,4677,3992,685,2.68,2.01,4677,182,2929,1063
48362,390,5830,4948,882,2.56,2.37,5830,215,3607,1341
48363,74,2283,2225,58,3.27,2.12,2283,91,1578,647
48367,67,1601,1515,86,2.73,2.58,1601,123,1054,461
48370,34,534,491,43,3.32,4.37,534,8,291,200
48371,242,9477,8305,1172,2.81,2.06,9477,327,5801,2504
48374,226,5661,4937,724,3.26,2.55,5661,17,3384,1553
48375,393,9793,6810,2983,2.51,2.08,9793,153,4582,2228
48377,703,8835,4355,4480,2.5,1.78,8835,843,2595,1760
48380,122,2767,2721,46,2.74,3.11,2767,88,2042,679
48381,280,5479,4459,1020,2.56,1.96,5479,241,2930,1529
48382,412,8450,7816,634,2.82,2.43,8450,122,5746,2070
48383,228,4620,4239,381,2.73,3.19,4620,106,2602,1637
48386,329,7238,6063,1175,2.61,2.16,7238,423,4104,1959
48390,420,10426,7600,2826,2.38,2.05,10426,505,5370,2230
48393,241,8736,4726,4010,2.75,1.69,8736,178,2912,1814
48401,260,603,481,122,2.14,2.38,603,13,247,234
48410,17,55,48,7,2.15,2.0,55,0,12,36
48411,,28,28,0,,,28,0,,28
48412,244,2056,1955,101,2.57,2.32,2056,36,1235,720
48413,430,2883,2103,780,2.56,2.17,2883,176,905,1198
48414,60,1046,964,82,2.6,2.83,1046,18,583,381
48415,365,3468,2976,492,2.7,1.99,3468,144,1690,1286
48416,127,1937,1595,342,2.8,2.56,1937,138,912,683
48417,67,1112,1040,72,2.21,1.94,1112,72,466,574
48418,93,1556,1474,82,2.73,2.39,1556,23,948,526
48419,389,971,820,151,2.23,2.85,971,21,388,432
48420,501,8784,7045,1739,2.5,1.85,8784,488,4488,2557
48421,513,2472,2272,200,2.64,2.34,2472,95,1569,703
48422,307,2517,2053,464,2.48,2.08,2517,125,1279,774
48423,826,14412,9649,4763,2.54,1.87,14412,735,5800,3849
48426,73,374,317,57,3.43,3.67,374,34,126,191
48427,522,1162,911,251,2.32,2.6,1162,66,392,519
48428,38,2067,1859,208,2.75,2.3,2067,46,1221,638
48429,474,3786,3060,726,2.32,2.08,3786,226,1876,1184
48430,881,15207,12231,2976,2.63,2.15,15207,468,8157,4074
48432,35,248,220,28,2.16,1.64,248,7,102,118
48433,465,10141,8691,1450,2.57,2.34,10141,317,5540,3151
48434,111,66,49,17,1.88,1.71,66,9,20,29
48435,29,872,818,54,2.99,2.0,872,14,461,357
48436,79,1541,1478,63,2.76,2.21,1541,14,1071,407
48437,7,262,144,118,1.84,2.0,262,68,39,105
48438,106,2544,2460,84,2.75,2.33,2544,68,1781,679
48439,1010,21012,15819,5193,2.68,1.95,21012,876,10548,5271
48440,8,75,46,29,2.2,1.48,75,21,46,
48441,635,1595,1288,307,2.47,2.8,1595,130,492,796
48442,443,9076,7035,2041,2.53,1.94,9076,630,4628,2407
48444,301,3701,2848,853,2.73,2.23,3701,122,1773,1075
48445,175,501,418,83,2.28,2.11,501,15,136,282
48446,778,12065,9798,2267,2.51,1.84,12065,719,6327,3471
48449,51,1018,891,127,2.62,3.2,1018,12,507,384
48450,1773,2261,1793,468,1.98,1.56,2261,90,820,973
48451,377,5493,5149,344,2.79,2.71,5493,144,3494,1655
48453,237,2012,1446,566,2.48,2.51,2012,196,671,775
48454,24,462,416,46,2.4,2.5,462,22,264,152
48455,216,3160,2906,254,2.7,2.24,3160,26,1710,1196
48456,72,295,262,33,2.3,2.91,295,19,105,157
48457,272,3234,2613,621,2.68,2.35,3234,96,1429,1184
48458,1140,7757,5253,2504,2.34,2.68,7757,721,2769,2484
48460,30,1049,909,140,2.56,2.06,1049,36,497,412
48461,136,3047,2599,448,2.66,2.29,3047,56,1776,823
48462,115,4873,4604,269,2.64,2.39,4873,53,3151,1453
48463,101,1798,1624,174,2.61,2.2,1798,49,992,632
48464,257,836,780,56,2.39,2.68,836,20,426,354
48465,195,219,183,36,2.56,2.44,219,7,85,98
48466,58,632,548,84,2.25,2.37,632,41,251,297
48467,1803,1220,1040,180,1.81,1.78,1220,49,399,641
48468,527,530,476,54,2.28,2.48,530,12,212,264
48469,330,596,493,103,2.11,1.52,596,25,258,235
48470,39,278,230,48,2.22,2.31,278,9,77,153
48471,107,2313,1648,665,2.42,1.98,2313,176,838,810
48472,125,597,499,98,2.6,1.59,597,42,190,309
48473,486,9652,8101,1551,2.45,2.05,9652,383,5020,3081
48475,97,1015,922,93,2.51,2.55,1015,49,397,525
48476,38,205,202,3,2.65,,205,2,118,84
48502,102,55,,55,,1.56,55,8,,
48503,1973,9609,4936,4673,2.44,2.18,9609,1956,2395,2541
48504,2695,10115,6280,3835,2.24,2.63,10115,1396,2571,3709
48505,3567,7247,3599,3648,2.4,2.63,7247,1634,868,2731
48506,1470,9904,6934,2970,2.52,2.47,9904,1214,3230,3704
48507,1319,12357,6821,5536,2.18,2.44,12357,1279,3149,3672
48509,222,3871,3273,598,2.3,3.16,3871,121,1973,1300
48519,181,3245,2187,1058,2.44,2.14,3245,243,1434,753
48529,573,3791,2293,1498,2.32,2.19,3791,318,922,1371
48532,1073,8214,4768,3446,2.5,2.32,8214,1047,2749,2019
48601,2670,13450,8571,4879,2.23,2.67,13450,2509,3017,5554
48602,1359,11283,6567,4716,2.36,2.44,11283,1494,3865,2702
48603,1060,12244,8142,4102,2.39,1.87,12244,1056,4806,3336
48604,392,4283,3167,1116,2.15,2.74,4283,293,1397,1770
48607,217,677,251,426,3.22,1.77,677,99,77,174
48609,262,5290,4559,731,2.39,2.04,5290,130,2506,2053
48610,1222,1484,1334,150,2.14,1.82,1484,79,760,574
48611,25,2692,2145,547,2.49,1.47,2692,72,1214,931
48612,1730,3625,3006,619,2.42,2.07,3625,191,1630,1376
48613,72,385,343,42,2.22,2.45,385,17,162,181
48614,68,447,393,54,2.4,2.59,447,17,230,163
48615,74,1095,847,248,2.7,2.28,1095,38,494,353
48616,255,3055,2511,544,2.53,2.08,3055,162,1203,1308
48617,789,3293,2544,749,2.93,2.69,3293,327,1410,1134
48618,308,2095,1774,321,2.43,2.36,2095,122,872,902
48619,285,255,227,28,2.07,2.36,255,5,83,144
48620,63,56,56,0,1.46,,56,0,16,40
48621,258,398,328,70,2.43,1.59,398,46,183,145
48622,944,2171,1827,344,2.64,2.33,2171,141,1035,792
48623,221,5119,4422,697,2.58,2.59,5119,41,2643,1779
48624,4374,6693,5869,824,2.4,2.19,6693,461,2966,2903
48625,5921,5093,4290,803,2.41,2.93,5093,394,1927,2363
48626,103,2278,2130,148,2.61,2.44,2278,104,1298,832
48627,229,47,47,0,2.38,,47,5,25,22
48628,259,820,779,41,2.3,3.61,820,33,429,350
48629,3549,3637,2952,685,2.09,2.21,3637,243,1355,1597
48630,105,26,26,0,2.0,,26,0,,26
48631,180,1826,1425,401,2.36,1.57,1826,20,643,782
48632,2373,2058,1866,192,2.38,2.93,2058,83,803,1063
48633,323,101,101,0,1.43,,101,4,55,46
48634,95,1968,1826,142,2.3,1.81,1968,46,1092,734
48635,978,771,708,63,2.11,2.21,771,23,301,407
48636,631,350,321,29,2.02,3.66,350,10,145,176
48637,80,1242,1089,153,2.43,3.11,1242,52,574,515
48638,421,5938,3953,1985,2.25,1.79,5938,329,2455,1498
48640,975,13108,9685,3423,2.52,2.12,13108,688,5556,4129
48642,779,13844,10223,3621,2.52,2.08,13844,1021,5697,4526
48647,1661,1478,1216,262,2.88,3.05,1478,187,658,558
48649,48,546,507,39,2.35,3.13,546,22,265,242
48650,290,2792,2541,251,2.38,2.27,2792,116,1406,1135
48651,1945,1995,1488,507,1.9,2.92,1995,267,703,785
48652,45,769,743,26,2.54,3.77,769,16,315,428
48653,5185,4545,4011,534,2.16,2.0,4545,275,2141,1870
48654,865,1023,886,137,2.3,1.8,1023,81,437,449
48655,127,2290,1976,314,2.51,2.08,2290,90,1171,805
48656,2121,1818,1512,306,1.98,2.38,1818,110,597,915
48657,317,3086,2674,412,2.41,2.75,3086,136,1535,1139
48658,432,2006,1531,475,2.56,1.84,2006,242,717,814
48659,324,919,807,112,2.74,2.81,919,41,456,351
48661,1954,4417,3433,984,2.39,1.95,4417,279,1865,1568
48662,37,555,527,28,2.45,2.57,555,12,286,241
48701,85,541,450,91,2.14,2.51,541,6,215,235
48703,1429,1434,1234,200,2.01,2.44,1434,111,641,593
48705,495,221,217,4,1.69,,221,6,81,136
48706,1268,16908,12946,3962,2.35,2.09,16908,1118,6591,6355
48708,1148,11366,7608,3758,2.43,1.91,11366,1554,3889,3719
48710,,,,0,,,,0,,
48720,141,419,355,64,2.55,1.88,419,25,151,204
48721,214,204,200,4,2.23,,204,12,88,112
48722,119,1310,1165,145,2.35,2.57,1310,37,580,585
48723,310,4964,3905,1059,2.49,2.33,4964,443,1991,1914
48724,64,355,108,247,3.26,2.84,355,0,48,60
48725,1670,1059,900,159,1.93,1.49,1059,38,367,533
48726,369,2165,1756,409,2.65,2.44,2165,162,876,880
48727,44,366,325,41,2.67,3.15,366,26,174,151
48728,446,157,145,12,1.74,2.5,157,9,50,95
48729,90,579,509,70,2.46,2.3,579,44,251,258
48730,1214,2234,1691,543,2.13,1.62,2234,218,913,778
48731,125,661,494,167,2.46,2.08,661,57,226,268
48732,255,5140,3668,1472,2.22,1.98,5140,307,1802,1866
48733,135,643,533,110,2.34,2.77,643,22,242,291
48734,242,3214,2329,885,2.46,1.53,3214,117,1138,1191
48735,74,438,377,61,2.32,2.46,438,16,215,162
48737,878,589,496,93,2.03,2.43,589,20,212,284
48738,875,557,504,53,2.05,2.25,557,26,269,235
48739,2391,1777,1662,115,2.05,2.77,1777,147,693,969
48740,596,1099,956,143,2.14,2.58,1099,26,443,513
48741,130,789,695,94,2.51,2.07,789,50,339,356
48742,619,752,644,108,2.05,2.22,752,34,350,294
48743,21,27,22,5,1.5,4.2,27,0,18,4
48744,302,1802,1595,207,2.25,2.39,1802,46,896,699
48745,252,554,489,65,2.2,2.42,554,20,215,274
48746,344,3223,2891,332,2.52,2.59,3223,116,1633,1258
48747,56,595,547,48,2.54,3.5,595,10,274,273
48748,1084,670,621,49,2.15,2.69,670,22,259,362
48749,147,482,452,30,2.68,2.3,482,5,176,276
48750,2819,4305,3369,936,2.16,1.95,4305,200,1484,1885
48754,61,362,320,42,2.52,3.57,362,22,121,199
48755,900,1248,1028,220,2.27,1.71,1248,80,469,559
48756,1333,1738,1397,341,2.38,2.37,1738,98,520,877
48757,99,1586,1407,179,2.39,2.01,1586,28,662,745
48759,379,1537,1252,285,2.36,2.24,1537,72,501,751
48760,147,542,498,44,2.37,2.75,542,11,216,282
48761,1027,427,382,45,2.0,1.38,427,29,162,220
48762,519,487,471,16,2.15,2.69,487,9,249,222
48763,1013,1921,1670,251,2.43,2.64,1921,67,975,695
48765,201,263,247,16,2.35,2.13,263,19,125,122
48766,129,529,483,46,2.52,3.11,529,48,170,313
48767,134,914,792,122,2.57,1.75,914,23,383,409
48768,470,3634,3061,573,2.47,2.19,3634,203,1607,1454
48770,328,633,531,102,2.61,2.32,633,52,253,278
48801,390,5181,3465,1716,2.46,1.98,5181,489,2071,1394
48806,50,645,548,97,2.66,2.23,645,18,298,250
48807,23,360,303,57,2.5,2.05,360,0,119,184
48808,65,3004,2283,721,2.41,1.46,3004,95,1333,950
48809,386,4063,2926,1137,2.96,2.24,4063,219,1944,982
48811,103,1255,927,328,2.97,2.08,1255,123,494,433
48813,622,7618,5987,1631,2.71,2.17,7618,375,4110,1877
48815,134,814,729,85,2.9,1.91,814,13,490,239
48816,26,180,17,163,1.76,1.95,180,0,5,12
48817,233,2395,1694,701,2.53,1.77,2395,164,1013,681
48818,509,983,819,164,2.68,1.88,983,70,354,465
48819,34,909,839,70,2.77,2.9,909,8,535,304
48820,83,6671,5616,1055,2.76,2.08,6671,62,3910,1706
48821,141,2421,2261,160,2.47,1.76,2421,37,1548,713
48822,29,911,893,18,2.72,3.39,911,0,566,327
48823,2677,21619,9541,12078,2.46,2.14,21619,2097,6198,3343
48824,,,,0,,,,0,,
48825,,,,0,,,,0,,
48827,413,6033,5135,898,2.7,1.88,6033,145,3731,1404
48829,105,1337,1006,331,2.85,1.8,1337,75,621,385
48831,97,1382,1143,239,2.39,2.44,1382,81,558,585
48832,30,543,502,41,2.51,2.98,543,7,260,242
48834,172,754,608,146,2.57,3.71,754,36,307,301
48835,68,1069,967,102,2.83,2.56,1069,16,523,444
48836,259,5149,4416,733,2.96,2.33,5149,203,3087,1329
48837,229,8579,6933,1646,2.44,2.15,8579,299,4574,2359
48838,597,7197,5409,1788,2.71,2.08,7197,458,3508,1901
48840,192,6095,3804,2291,2.4,1.53,6095,321,2466,1338
48841,36,304,261,43,2.33,2.19,304,12,156,105
48842,490,9250,6192,3058,2.53,1.83,9250,638,4071,2121
48843,709,17798,13665,4133,2.77,1.93,17798,739,9918,3747
48845,69,290,266,24,2.88,4.21,290,9,143,123
48846,593,6745,4735,2010,2.81,2.15,6745,621,2908,1827
48847,169,2205,1788,417,2.53,2.28,2205,125,1014,774
48848,188,2847,2499,348,2.6,3.25,2847,57,1632,867
48849,251,2096,1824,272,2.75,2.71,2096,55,1009,815
48850,412,1700,1384,316,2.89,2.44,1700,195,661,723
48851,5,922,816,106,2.38,3.94,922,27,495,321
48852,5,66,51,15,2.37,2.2,66,4,40,11
48853,,254,174,80,2.13,3.14,254,12,89,85
48854,430,7413,5908,1505,2.69,2.1,7413,197,4134,1774
48855,150,5716,4865,851,2.78,2.76,5716,146,3556,1309
48856,37,305,242,63,2.84,2.32,305,9,135,107
48857,72,1277,1088,189,2.69,2.95,1277,14,721,367
48858,2423,16860,8548,8312,2.42,2.27,16860,1487,5071,3477
48859,,24,,24,,3.17,24,0,,
48860,26,546,429,117,3.45,1.91,546,22,288,141
48861,15,733,685,48,2.47,2.06,733,0,330,355
48862,,2,2,0,2.5,,2,0,2,
48864,591,8912,5640,3272,2.75,2.24,8912,447,3629,2011
48865,125,654,515,139,3.42,2.33,654,48,254,261
48866,112,1729,1426,303,2.54,2.39,1729,50,824,602
48867,1101,11425,8054,3371,2.47,2.09,11425,916,4526,3528
48870,10,68,58,10,2.95,4.3,68,0,2,56
48871,81,822,669,153,2.57,2.75,822,11,378,291
48872,181,2518,2005,513,2.43,2.78,2518,97,1241,764
48873,99,433,401,32,3.49,2.31,433,18,213,188
48874,13,72,72,0,3.0,,72,0,24,48
48875,155,4117,3185,932,2.76,2.6,4117,91,1920,1265
48876,114,1745,1250,495,2.76,2.22,1745,59,824,426
48877,89,860,762,98,2.38,1.93,860,35,385,377
48878,99,627,513,114,2.52,1.67,627,33,335,178
48879,533,6819,5588,1231,2.75,2.3,6819,293,3498,2090
48880,271,2625,2157,468,2.53,2.32,2625,173,1188,969
48881,131,2047,1718,329,2.8,2.17,2047,113,1134,584
48883,304,2664,2318,346,2.61,2.34,2664,77,1200,1118
48884,303,1647,1502,145,2.97,2.8,1647,170,721,781
48885,40,425,414,11,2.67,3.91,425,0,191,223
48886,313,708,621,87,2.57,2.38,708,33,303,318
48888,445,2517,1980,537,2.31,2.56,2517,124,1017,963
48889,82,618,510,108,2.39,1.68,618,56,266,244
48890,71,735,558,177,2.5,3.19,735,14,313,245
48891,248,1036,888,148,2.94,2.4,1036,36,439,449
48892,124,1936,1633,303,2.56,1.96,1936,74,1109,524
48893,552,2128,1940,188,2.63,1.84,2128,55,1015,925
48894,2,746,661,85,2.97,2.53,746,10,294,367
48895,155,4720,3898,822,2.54,1.85,4720,144,2583,1315
48896,,89,89,0,3.81,,89,0,61,28
48897,55,590,509,81,2.57,1.9,590,27,298,211
48906,1186,10638,7009,3629,2.43,2.62,10638,899,4434,2575
48910,1521,15183,8354,6829,2.32,2.05,15183,1438,5707,2647
48911,1506,16400,8993,7407,2.64,2.24,16400,1909,5840,3153
48912,906,8025,3565,4460,2.3,1.83,8025,977,2226,1339
48915,635,4012,2258,1754,2.24,2.46,4012,615,1298,960
48917,599,15362,9058,6304,2.29,1.78,15362,1010,5361,3697
48933,277,1583,119,1464,2.26,1.64,1583,416,68,51
49001,770,8956,4659,4297,2.42,2.16,8956,965,3048,1611
49002,552,8281,5778,2503,2.66,1.87,8281,374,3542,2236
49004,248,7268,5467,1801,2.47,2.19,7268,217,3321,2146
49006,1335,10340,3676,6664,2.28,2.2,10340,1189,2290,1386
49007,823,4384,1163,3221,2.66,2.15,4384,1030,480,683
49008,486,6614,4079,2535,2.2,1.96,6614,381,2753,1326
49009,1498,19129,12465,6664,2.75,1.87,19129,1158,7913,4552
49010,865,6681,5549,1132,2.69,2.5,6681,243,3456,2093
49011,132,941,799,142,2.62,2.7,941,36,473,326
49012,111,1353,1208,145,2.69,2.48,1353,50,709,499
49013,467,1799,1424,375,3.06,2.36,1799,127,821,603
49014,1016,8246,5869,2377,2.66,2.06,8246,542,3323,2546
49015,811,11590,8026,3564,2.63,2.14,11590,737,5330,2696
49017,1310,8605,6253,2352,2.45,1.96,8605,810,4023,2230
49021,227,2279,1989,290,2.83,2.69,2279,53,1272,717
49022,1629,12857,7253,5604,2.29,2.3,12857,2094,4337,2916
49024,680,12427,8165,4262,2.64,1.99,12427,727,5405,2760
49026,309,849,628,221,2.32,2.16,849,39,385,243
49027,10,83,62,21,4.32,2.38,83,13,42,20
49028,462,2252,1791,461,2.51,2.49,2252,144,1166,625
49029,119,539,490,49,2.7,2.27,539,18,252,238
49030,61,882,729,153,2.92,3.08,882,52,392,337
49031,911,3280,2526,754,2.45,2.47,3280,104,1492,1034
49032,60,1121,927,194,2.85,2.5,1121,169,598,329
49033,3,712,647,65,2.48,1.92,712,8,378,269
49034,48,871,720,151,2.52,2.89,871,7,402,318
49036,2404,9346,6730,2616,2.46,2.45,9346,560,3983,2747
49037,1178,8798,4946,3852,2.43,2.09,8798,1117,2708,2238
49038,1401,3755,2794,961,2.46,2.01,3755,247,1619,1175
49040,514,1204,1001,203,2.77,2.26,1204,196,526,475
49042,178,1892,1467,425,2.45,2.37,1892,124,745,722
49043,537,893,497,396,2.45,2.3,893,75,195,302
49045,636,2410,1973,437,2.27,2.31,2410,100,1118,855
49046,728,3021,2749,272,2.43,2.51,3021,162,1633,1116
49047,2014,6053,4571,1482,2.46,2.07,6053,488,2632,1939
49048,833,9514,5615,3899,2.68,2.18,9514,870,3052,2563
49050,72,499,482,17,2.79,1.29,499,11,291,191
49051,60,912,842,70,2.97,3.71,912,32,554,288
49052,26,339,282,57,2.79,2.86,339,21,162,120
49053,159,2790,2261,529,2.66,2.68,2790,87,1363,898
49055,668,2394,2025,369,2.4,2.72,2394,91,1194,831
49056,806,1190,1005,185,2.97,2.22,1190,80,539,466
49057,227,2101,1504,597,3.17,2.14,2101,208,867,637
49058,610,7361,6132,1229,2.64,2.17,7361,251,3901,2231
49060,155,906,812,94,2.77,2.69,906,0,533,279
49061,133,640,585,55,2.6,2.67,640,21,303,282
49063,,40,40,0,2.9,,40,0,40,
49064,363,1363,1073,290,2.71,2.77,1363,79,614,459
49065,598,2862,2359,503,2.54,2.24,2862,59,1376,983
49066,25,256,214,42,2.5,3.45,256,29,90,124
49067,433,1609,1428,181,2.54,2.48,1609,44,800,628
49068,524,6383,4884,1499,2.52,1.8,6383,306,3051,1833
49070,30,869,784,85,2.54,2.31,869,13,428,356
49071,153,4145,3795,350,2.81,2.44,4145,166,2765,1030
49072,215,1133,1023,110,2.3,3.75,1133,43,657,366
49073,185,1924,1578,346,2.48,2.71,1924,86,815,763
49074,,63,,63,,1.17,63,43,,
49075,,81,62,19,2.52,1.58,81,0,36,26
49076,126,1397,1083,314,2.65,2.24,1397,22,659,424
49078,284,3823,3134,689,2.57,2.55,3823,106,2065,1069
49079,844,4869,3821,1048,2.68,2.53,4869,198,2656,1165
49080,616,6174,5227,947,2.52,2.19,6174,172,3214,2013
49082,682,2359,1995,364,2.58,2.4,2359,145,1275,720
49083,121,2950,2572,378,2.73,1.72,2950,68,1690,882
49084,19,12,11,1,1.09,3.0,12,0,2,9
49085,1152,10055,7836,2219,2.53,1.59,10055,475,4883,2953
49087,118,2232,2012,220,2.78,1.76,2232,22,1259,753
49088,70,1364,1267,97,2.64,3.6,1364,4,797,470
49089,131,656,513,143,3.22,1.97,656,14,238,275
49090,2882,5710,4294,1416,2.36,2.09,5710,401,2351,1943
49091,1097,7620,5428,2192,2.66,2.29,7620,644,3349,2079
49092,54,746,608,138,2.49,3.08,746,31,271,337
49093,1160,7404,5218,2186,2.6,2.17,7404,440,3112,2106
49094,289,1408,1019,389,2.49,3.09,1408,62,532,487
49095,510,914,795,119,2.38,3.07,914,15,448,347
49096,84,1133,970,163,2.64,2.53,1133,82,524,446
49097,255,4641,4001,640,2.53,1.9,4641,171,2551,1450
49098,629,2244,1790,454,2.48,3.16,2244,103,867,923
49099,345,2446,1858,588,2.54,2.01,2446,170,1018,840
49101,124,1238,1033,205,2.31,2.11,1238,14,548,485
49102,106,648,578,70,2.28,2.03,648,102,276,302
49103,584,4166,2366,1800,2.55,2.45,4166,237,1270,1096
49104,,,,0,,,,0,,
49106,450,2106,1650,456,2.5,2.35,2106,100,963,687
49107,913,4187,3305,882,2.61,2.11,4187,186,1924,1381
49111,383,1295,1160,135,2.61,3.27,1295,46,479,681
49112,471,4221,3470,751,2.44,2.48,4221,119,2064,1406
49113,73,788,586,202,2.22,2.43,788,13,262,324
49115,357,86,86,0,1.33,,86,0,11,75
49116,317,70,70,0,1.94,,70,0,43,27
49117,1924,1741,1371,370,2.0,1.75,1741,88,689,682
49119,,55,39,16,1.97,3.44,55,0,23,16
49120,1226,14534,11137,3397,2.59,2.17,14534,1063,6757,4380
49125,727,957,852,105,2.44,1.44,957,117,438,414
49126,49,451,376,75,2.68,3.41,451,32,162,214
49127,534,4426,3448,978,2.7,1.84,4426,92,2163,1285
49128,441,1405,1193,212,2.3,2.67,1405,91,648,545
49129,989,310,297,13,1.73,3.23,310,11,171,126
49130,202,539,455,84,2.57,2.17,539,16,273,182
49201,1429,16480,11999,4481,2.66,1.97,16480,1139,6748,5251
49202,1097,8433,4530,3903,2.43,1.78,8433,1137,2773,1757
49203,1628,15379,10322,5057,2.46,2.39,15379,1383,6197,4125
49220,321,1056,919,137,2.63,2.21,1056,34,644,275
49221,1377,15432,10765,4667,2.47,2.15,15432,1071,6595,4170
49224,1029,4423,3049,1374,2.68,2.68,4423,297,1543,1506
49227,66,458,385,73,2.44,2.85,458,17,222,163
49228,31,2070,1678,392,2.6,2.59,2070,57,1064,614
49229,179,1274,1108,166,2.65,2.57,1274,37,768,340
49230,1425,4440,3988,452,2.35,1.66,4440,162,2485,1503
49232,313,944,784,160,2.85,2.83,944,100,490,294
49233,273,1182,1045,137,2.3,2.91,1182,33,619,426
49234,225,1074,982,92,2.58,2.07,1074,0,638,344
49235,107,817,720,97,2.58,2.61,817,83,378,342
49236,119,1914,1679,235,2.6,2.49,1914,41,1004,675
49237,67,1106,962,144,2.71,2.61,1106,62,549,413
49238,161,683,601,82,3.19,1.76,683,10,388,213
49240,188,3594,3357,237,2.62,2.19,3594,50,2229,1128
49241,93,843,772,71,2.53,2.21,843,27,398,374
49242,857,5589,3863,1726,2.47,2.14,5589,454,2378,1485
49245,334,1512,1146,366,3.02,2.39,1512,147,567,579
49246,173,1347,1231,116,2.86,2.88,1347,14,805,426
49247,320,2167,1746,421,2.4,2.64,2167,129,989,757
49248,40,319,286,33,2.58,3.09,319,9,130,156
49249,458,1397,1287,110,2.53,2.58,1397,22,760,527
49250,278,2284,1815,469,2.73,2.07,2284,121,1070,745
49251,131,2407,2102,305,2.6,3.11,2407,71,1256,846
49252,110,1037,773,264,2.47,2.06,1037,64,413,360
49253,986,1237,1140,97,2.29,1.51,1237,31,720,420
49254,198,1795,1507,288,1.98,2.33,1795,178,949,558
49255,215,634,546,88,3.34,2.78,634,92,345,201
49256,168,1512,1185,327,2.41,2.32,1512,53,617,568
49258,7,4,,4,,,4,0,,
49259,147,1117,1046,71,2.37,2.39,1117,19,567,479
49261,54,77,47,30,2.96,3.07,77,0,16,31
49262,57,478,407,71,2.47,2.72,478,14,229,178
49263,,14,8,6,2.5,4.17,14,0,,8
49264,54,555,507,48,3.03,3.27,555,5,350,157
49265,255,2125,1873,252,2.39,2.28,2125,114,1237,636
49266,359,1264,1103,161,2.4,2.39,1264,98,583,520
49267,103,1472,1299,173,2.73,2.39,1472,32,778,521
49268,34,504,420,84,2.55,1.98,504,18,250,170
49269,186,2081,1850,231,2.89,2.89,2081,14,1120,730
49270,169,2038,1859,179,2.75,2.04,2038,38,1105,754
49271,141,859,642,217,2.66,2.35,859,54,302,340
49272,156,1001,961,40,2.54,3.63,1001,8,564,397
49274,512,1432,1136,296,2.7,2.54,1432,126,583,553
49276,17,394,357,37,2.39,1.86,394,0,189,168
49277,81,1184,1075,109,2.65,2.82,1184,13,640,435
49279,38,379,331,48,2.37,1.73,379,10,202,129
49282,,30,20,10,1.25,2.0,30,0,,20
49283,186,1002,776,226,3.03,1.67,1002,24,430,346
49284,187,1076,912,164,2.62,2.37,1076,47,485,427
49285,185,2477,2053,424,2.43,2.26,2477,35,1266,787
49286,351,5762,4467,1295,2.61,2.17,5762,338,3195,1272
49287,276,844,781,63,2.44,1.98,844,0,444,337
49288,110,539,385,154,2.8,2.77,539,24,247,138
49289,11,23,23,0,1.61,,23,0,8,15
49301,342,6941,6665,276,2.96,1.91,6941,59,4419,2246
49302,120,3020,2914,106,3.2,1.71,3020,46,2195,719
49303,,325,273,52,2.99,3.29,325,0,145,128
49304,4236,1521,1148,373,2.56,2.69,1521,184,578,570
49305,611,1063,900,163,2.11,2.1,1063,76,349,551
49306,,3939,3797,142,2.64,2.39,3939,63,1893,1904
49307,944,7082,4367,2715,2.45,2.13,7082,590,2610,1757
49309,1380,759,658,101,2.02,2.86,759,45,263,395
49310,134,996,934,62,2.88,2.32,996,144,430,504
49312,151,99,88,11,2.03,3.91,99,3,46,42
49315,348,8738,7879,859,2.88,2.15,8738,103,4807,3072
49316,336,8949,7926,1023,2.89,2.04,8949,113,5146,2780
49318,35,484,417,67,2.36,3.54,484,12,194,223
49319,185,6997,6098,899,2.6,2.13,6997,234,3878,2220
49320,207,112,74,38,1.93,3.21,112,0,16,58
49321,273,6731,4439,2292,2.63,2.04,6731,150,2560,1879
49322,230,422,341,81,2.22,3.89,422,36,178,163
49323,176,3714,3622,92,2.89,2.61,3714,61,2572,1050
49325,15,745,679,66,3.34,2.08,745,5,329,350
49326,406,1452,1349,103,2.83,3.5,1452,4,767,582
49327,256,3131,2583,548,2.78,2.95,3131,101,1550,1033
49328,201,1559,1395,164,2.78,1.85,1559,27,919,476
49329,413,3134,2655,479,2.79,2.91,3134,102,1717,938
49330,109,1855,1472,383,2.86,3.65,1855,33,923,549
49331,196,6600,5584,1016,2.75,2.14,6600,385,3740,1844
49332,1102,1414,1284,130,2.33,2.25,1414,60,647,637
49333,458,4835,4161,674,2.54,2.81,4835,158,2883,1278
49335,,12,12,0,5.75,,12,0,12,
49336,134,1540,1287,253,2.79,2.74,1540,54,637,650
49337,1566,4768,4038,730,2.6,2.39,4768,225,2339,1699
49338,181,696,571,125,2.31,1.47,696,36,294,277
49339,330,823,746,77,2.87,1.99,823,17,478,268
49340,222,998,836,162,2.35,2.58,998,89,375,461
49341,450,14091,12866,1225,2.83,1.79,14091,383,9148,3718
49342,236,547,467,80,2.27,3.36,547,25,242,225
49343,370,2177,1856,321,2.81,2.09,2177,83,1079,777
49344,503,1455,1256,199,2.53,3.01,1455,46,729,527
49345,394,4909,4240,669,2.86,1.99,4909,179,2608,1632
49346,1088,2020,1810,210,2.32,2.83,2020,41,1049,761
49347,189,563,494,69,3.01,2.28,563,12,325,169
49348,294,5163,4143,1020,2.63,2.37,5163,156,2510,1633
49349,1290,3026,2572,454,2.5,2.43,3026,153,1212,1360
49401,542,8022,4542,3480,3.03,2.57,8022,186,3162,1380
49402,834,681,617,64,2.27,2.55,681,44,287,330
49403,105,934,860,74,2.65,2.7,934,5,467,393
49404,129,3087,2552,535,3.03,2.0,3087,228,1575,977
49405,311,605,540,65,2.7,3.35,605,11,316,224
49406,478,386,356,30,1.84,1.43,386,3,215,141
49408,1067,3779,3213,566,2.79,2.31,3779,107,1827,1386
49409,,61,61,0,2.0,,61,22,61,
49410,732,709,621,88,2.46,3.39,709,43,306,315
49411,417,720,691,29,2.21,1.34,720,9,294,397
49412,636,4454,3695,759,2.7,2.43,4454,180,2003,1692
49415,116,2643,2477,166,2.56,2.34,2643,115,1404,1073
49417,1024,13079,10225,2854,2.64,1.9,13079,627,6314,3911
49418,662,11774,8983,2791,2.65,1.84,11774,533,5687,3296
49419,60,3004,2657,347,3.01,2.74,3004,25,1716,941
49420,513,2319,1924,395,2.57,2.21,2319,174,967,957
49421,718,2130,1836,294,2.41,3.26,2130,74,905,931
49423,1401,17196,12541,4655,2.56,2.19,17196,1179,7538,5003
49424,1008,18059,13772,4287,2.77,2.33,18059,601,8169,5603
49425,184,1319,1117,202,2.78,3.15,1319,115,603,514
49426,451,13399,12108,1291,3.1,2.42,13399,152,8249,3859
49428,150,10250,8621,1629,2.88,1.94,10250,530,5707,2914
49430,,32,32,0,1.63,,32,0,20,12
49431,2426,7392,5364,2028,2.35,2.14,7392,592,2794,2570
49434,113,12,12,0,,,12,0,,12
49435,,1373,1244,129,2.78,3.13,1373,0,772,472
49436,1646,733,655,78,2.26,1.87,733,22,352,303
49437,653,2566,2193,373,2.6,2.2,2566,132,1218,975
49440,156,657,135,522,2.31,1.13,657,158,100,35
49441,1653,14690,10535,4155,2.5,2.26,14690,979,6642,3893
49442,1909,15716,10476,5240,2.81,2.13,15716,1766,5839,4637
49443,,,,0,,,,0,,
49444,1558,9628,6866,2762,2.64,2.83,9628,1059,3803,3063
49445,849,8712,7886,826,2.51,2.45,8712,209,4638,3248
49446,314,792,699,93,2.81,2.56,792,42,382,317
49448,60,1620,1325,295,2.55,2.48,1620,55,952,373
49449,1416,1182,1034,148,2.38,2.18,1182,49,590,444
49450,421,983,612,371,2.8,3.44,983,155,212,400
49451,251,2181,1909,272,2.97,2.27,2181,42,1236,673
49452,130,763,681,82,2.71,3.21,763,29,430,251
49453,790,1256,1063,193,2.31,1.84,1256,86,409,654
49454,300,1770,1332,438,2.66,2.41,1770,99,763,569
49455,867,1808,1507,301,2.78,2.67,1808,59,821,686
49456,1050,8775,7114,1661,2.36,1.76,8775,276,4774,2340
49457,776,3990,3727,263,2.65,3.01,3990,111,2345,1382
49458,64,38,35,3,2.63,3.33,38,0,18,17
49459,448,554,474,80,2.91,3.3,554,63,189,285
49460,293,2949,2745,204,2.72,3.06,2949,44,1668,1077
49461,408,3630,3137,493,2.52,2.74,3630,134,1673,1464
49464,310,10380,9184,1196,2.92,1.72,10380,332,6382,2802
49503,1603,16301,6368,9933,2.43,1.95,16301,2463,4260,2108
49504,1788,16544,9798,6746,2.58,2.18,16544,2393,6339,3459
49505,458,13575,8859,4716,2.46,2.25,13575,1124,6021,2838
49506,708,12462,9443,3019,2.74,2.23,12462,634,6567,2876
49507,680,12726,7727,4999,3.03,3.08,12726,1559,4830,2897
49508,478,15761,9307,6454,2.83,2.45,15761,1429,5744,3563
49509,474,10415,7258,3157,2.73,2.73,10415,817,4551,2707
49512,248,8530,3687,4843,2.57,1.68,8530,833,2487,1200
49519,614,10935,6129,4806,2.88,2.23,10935,1088,4576,1553
49525,530,11868,9646,2222,2.53,2.33,11868,386,5795,3851
49534,279,9323,6259,3064,2.72,1.85,9323,214,3731,2528
49544,161,4311,2546,1765,2.62,1.89,4311,240,1396,1150
49546,434,13084,8884,4200,2.65,1.99,13084,1200,5316,3568
49548,476,12437,8972,3465,2.82,2.73,12437,664,5011,3961
49601,1812,8731,6725,2006,2.61,2.17,8731,523,3833,2892
49611,24,146,138,8,2.76,,146,0,40,98
49612,331,601,530,71,2.11,2.35,601,19,285,245
49613,372,285,268,17,2.02,2.65,285,13,125,143
49614,794,1134,1073,61,2.66,2.7,1134,37,650,423
49615,1776,1805,1534,271,2.13,1.6,1805,168,855,679
49616,287,853,760,93,2.58,2.43,853,44,379,381
49617,1307,1211,1143,68,2.48,2.84,1211,42,683,460
49618,131,363,317,46,2.28,3.35,363,4,125,192
49619,302,358,315,43,2.59,2.53,358,9,174,141
49620,211,976,816,160,2.77,3.56,976,0,511,305
49621,623,1404,1285,119,2.65,2.18,1404,13,836,449
49622,809,1035,915,120,2.4,2.83,1035,38,491,424
49623,459,422,397,25,3.23,3.4,422,31,208,189
49625,312,493,448,45,2.35,2.71,493,25,236,212
49626,70,115,114,1,2.15,9.0,115,6,44,70
49627,153,80,73,7,1.89,2.57,80,0,19,54
49628,126,81,77,4,3.49,6.5,81,0,50,27
49629,616,960,764,196,2.0,2.01,960,11,375,389
49630,723,682,620,62,2.07,2.55,682,31,351,269
49631,1433,2208,1807,401,2.31,2.56,2208,163,851,956
49632,319,475,406,69,2.0,2.91,475,33,143,263
49633,1352,1470,1306,164,2.26,2.33,1470,55,732,574
49634,10,40,40,0,2.9,,40,0,11,29
49635,1678,1318,1099,219,2.34,2.08,1318,86,504,595
49636,1046,257,257,0,1.95,,257,6,124,133
49637,407,1135,1046,89,3.08,2.92,1135,0,663,383
49638,288,339,304,35,2.67,2.14,339,14,158,146
49639,279,958,816,142,2.5,2.25,958,40,352,464
49640,760,549,526,23,2.57,2.35,549,16,257,269
49642,786,383,290,93,2.64,1.75,383,84,118,172
49643,653,2817,2466,351,2.54,2.6,2817,42,1933,533
49644,2283,801,750,51,2.54,1.88,801,30,345,405
49645,395,685,567,118,2.43,2.95,685,28,257,310
49646,2129,3455,2744,711,2.43,2.38,3455,224,1577,1167
49648,902,1150,1078,72,2.09,3.0,1150,8,678,400
49649,439,2273,1958,315,3.16,2.86,2273,54,1276,682
49650,195,1268,1203,65,2.72,3.08,1268,8,830,373
49651,1873,3102,2536,566,2.43,2.66,3102,103,1286,1250
49653,684,733,691,42,2.37,2.93,733,13,386,305
49654,370,292,201,91,2.64,1.97,292,13,117,84
49655,846,1168,1058,110,2.98,2.5,1168,53,599,459
49656,911,625,546,79,2.8,2.86,625,27,203,343
49657,229,1327,1029,298,2.91,2.0,1327,116,568,461
49659,1745,2826,2489,337,2.52,2.59,2826,110,1308,1181
49660,2058,5614,4595,1019,2.45,2.04,5614,401,2320,2275
49663,618,2157,1799,358,2.77,2.89,2157,110,968,831
49664,520,802,726,76,2.35,2.34,802,20,378,348
49665,668,1545,1369,176,2.56,2.7,1545,115,696,673
49667,238,264,199,65,2.1,3.6,264,7,76,123
49668,574,1299,1113,186,2.47,3.01,1299,73,657,456
49670,949,825,777,48,2.27,2.31,825,2,326,451
49674,216,41,41,0,2.05,,41,0,12,29
49675,529,376,312,64,2.03,2.13,376,4,133,179
49676,1021,1410,1263,147,2.45,2.61,1410,17,669,594
49677,786,2728,2148,580,2.79,2.23,2728,254,959,1189
49679,534,449,416,33,2.56,2.61,449,32,208,208
49680,266,677,619,58,3.04,3.66,677,27,345,274
49682,678,1832,1547,285,2.45,2.28,1832,69,928,619
49683,830,812,661,151,2.6,2.32,812,27,386,275
49684,1363,8985,5977,3008,2.55,1.77,8985,1100,3657,2320
49685,863,8353,6504,1849,2.52,2.3,8353,331,4234,2270
49686,1793,11063,7992,3071,2.25,1.99,11063,812,4599,3393
49688,425,836,720,116,2.81,2.46,836,26,352,368
49689,933,612,569,43,2.43,2.14,612,37,353,216
49690,941,2517,2188,329,2.67,2.33,2517,83,1339,849
49696,749,3848,3422,426,2.65,2.63,3848,86,2414,1008
49701,424,358,284,74,2.03,2.34,358,2,115,169
49705,174,322,269,53,2.87,2.49,322,19,196,73
49706,691,2081,1612,469,2.3,2.04,2081,16,1134,478
49707,1959,9889,7465,2424,2.29,1.83,9889,860,3729,3736
49709,2278,1639,1495,144,2.1,1.81,1639,85,639,856
49710,244,181,139,42,2.05,1.57,181,0,44,95
49712,1344,3738,3153,585,2.22,2.0,3738,134,1854,1299
49713,503,920,826,94,2.48,2.66,920,16,523,303
49715,654,1334,1161,173,2.54,2.96,1334,100,581,580
49716,288,328,319,9,3.08,1.89,328,17,177,142
49717,82,73,73,0,1.77,,73,0,60,13
49718,462,260,191,69,2.31,4.01,260,17,83,108
49719,992,648,542,106,2.13,1.64,648,18,262,280
49720,1933,4160,3188,972,2.15,1.96,4160,279,1884,1304
49721,2905,5658,4740,918,2.38,2.5,5658,369,2368,2372
49722,106,43,43,0,2.3,,43,0,13,30
49724,84,367,343,24,2.85,2.67,367,15,192,151
49725,535,299,285,14,2.07,2.36,299,3,117,168
49726,972,552,513,39,1.87,1.36,552,25,278,235
49727,1224,2919,2465,454,2.4,1.89,2919,204,1369,1096
49728,449,148,127,21,2.61,2.62,148,12,60,67
49729,402,666,593,73,2.28,2.1,666,20,350,243
49730,563,799,735,64,2.49,2.88,799,66,388,347
49733,829,730,642,88,2.52,1.85,730,36,383,259
49735,2838,8583,6261,2322,2.46,1.97,8583,581,4035,2226
49736,266,219,200,19,1.97,,219,19,73,127
49738,3163,4127,3245,882,2.34,1.96,4127,288,1866,1379
49740,2931,3220,2868,352,2.29,2.1,3220,100,1541,1327
49743,379,349,337,12,2.47,2.17,349,46,132,205
49744,145,339,296,43,2.42,1.98,339,21,136,160
49745,547,471,326,145,2.01,2.83,471,48,139,187
49746,1140,1545,1282,263,2.14,1.99,1545,161,665,617
49747,802,872,789,83,2.26,3.88,872,23,364,425
49748,202,71,62,9,1.77,1.89,71,4,25,37
49749,1674,2047,1744,303,2.15,2.46,2047,59,838,906
49751,993,870,771,99,2.4,2.29,870,28,493,278
49752,18,292,266,26,2.39,1.96,292,21,181,85
49753,631,798,745,53,2.33,2.68,798,30,368,377
49755,472,760,697,63,2.22,2.37,760,51,365,332
49756,2689,1809,1620,189,2.15,1.5,1809,65,886,734
49757,643,424,152,272,2.24,1.85,424,289,88,64
49759,955,708,663,45,1.9,2.18,708,24,283,380
49760,421,357,331,26,2.03,2.85,357,33,132,199
49762,454,297,277,20,2.06,1.35,297,16,83,194
49764,,79,36,43,,1.63,79,36,,36
49765,1084,1713,1459,254,2.46,2.43,1713,88,632,827
49766,267,901,794,107,2.69,2.33,901,67,435,359
49768,752,191,168,23,2.02,4.52,191,8,42,126
49769,307,685,538,147,2.62,2.53,685,19,344,194
49770,2672,7305,5117,2188,2.56,1.83,7305,469,2970,2147
49774,366,924,845,79,2.4,1.57,924,11,498,347
49775,516,24,24,0,2.13,,24,0,6,18
49776,348,672,579,93,2.26,2.43,672,44,260,319
49777,984,867,840,27,2.13,1.89,867,6,386,454
49779,603,2086,1766,320,2.22,1.89,2086,130,881,885
49780,401,584,548,36,2.72,3.14,584,33,276,272
49781,489,1692,1117,575,2.14,1.61,1692,129,582,535
49782,693,301,277,24,2.04,2.13,301,6,107,170
49783,1362,7786,4965,2821,2.61,1.89,7786,702,2984,1981
49784,,,,0,,,,0,,
49788,89,879,362,517,4.1,3.71,879,117,237,125
49791,137,106,87,19,2.45,3.21,106,3,65,22
49793,382,62,62,0,1.98,,62,0,22,40
49795,414,791,634,157,2.47,1.87,791,61,373,261
49796,101,171,133,38,1.86,2.63,171,7,50,83
49799,592,917,810,107,2.54,2.21,917,11,389,421
49801,527,5216,4216,1000,2.27,1.85,5216,460,2137,2079
49802,124,2635,1957,678,2.41,1.79,2635,214,1125,832
49805,82,211,178,33,2.22,2.09,211,12,93,85
49806,506,238,223,15,2.59,4.33,238,4,134,89
49807,304,1402,1254,148,2.49,1.99,1402,51,697,557
49808,448,122,90,32,2.5,,122,0,48,42
49812,197,335,289,46,2.36,2.04,335,10,137,152
49814,329,438,412,26,2.62,3.15,438,8,195,217
49815,335,132,121,11,2.02,,132,7,57,64
49816,159,280,266,14,2.94,1.21,280,6,119,147
49817,82,262,234,28,2.55,1.89,262,23,126,108
49818,384,470,458,12,2.4,3.25,470,10,263,195
49820,157,106,89,17,1.69,2.76,106,5,37,52
49821,432,506,465,41,2.64,2.8,506,7,216,249
49822,142,83,70,13,2.51,2.62,83,3,36,34
49825,45,94,94,0,2.57,,94,0,83,11
49826,,52,16,36,4.81,1.39,52,0,4,12
49827,337,427,325,102,2.79,2.16,427,42,187,138
49829,1017,7573,5232,2341,2.31,1.83,7573,1022,2706,2526
49831,334,262,253,9,2.24,3.89,262,3,128,125
49833,16,42,42,0,1.81,,42,0,33,9
49834,154,210,193,17,2.27,2.41,210,3,72,121
49835,243,314,286,28,2.15,1.43,314,15,115,171
49836,589,464,411,53,2.22,2.28,464,20,209,202
49837,454,3782,3096,686,2.61,2.5,3782,193,1695,1401
49838,386,204,195,9,1.61,1.33,204,5,68,127
49839,441,161,124,37,2.14,1.92,161,0,26,98
49840,368,306,281,25,2.18,2.04,306,11,105,176
49841,1119,2840,1927,913,2.65,2.39,2840,157,962,965
49847,140,478,407,71,2.58,1.92,478,23,160,247
49848,42,41,36,5,1.97,2.4,41,0,8,28
49849,1250,4892,3947,945,2.58,1.92,4892,316,2364,1583
49852,29,57,54,3,2.44,,57,0,23,31
49853,752,455,418,37,1.93,2.59,455,25,176,242
49854,1506,2824,2351,473,2.25,1.66,2824,193,1130,1221
49855,1741,13278,8200,5078,2.47,1.94,13278,791,4586,3614
49858,1091,5229,3973,1256,2.4,1.9,5229,576,1923,2050
49861,436,224,213,11,2.3,1.55,224,14,99,114
49862,880,1446,1089,357,2.74,1.91,1446,150,537,552
49863,22,74,74,0,2.42,,74,3,21,53
49864,32,26,20,6,1.45,,26,6,11,9
49866,556,3343,2897,446,2.54,1.8,3343,206,1872,1025
49868,1250,1703,1250,453,2.17,2.01,1703,117,640,610
49870,313,1547,1267,280,2.38,1.5,1547,103,728,539
49871,25,220,179,41,2.65,2.56,220,37,96,83
49872,56,98,80,18,2.68,2.5,98,1,54,26
49873,177,43,43,0,2.05,,43,0,18,25
49874,110,369,286,83,2.53,1.54,369,44,163,123
49876,94,496,464,32,2.58,,496,25,228,236
49877,147,4,2,2,2.0,1.5,4,0,,2
49878,1270,1467,1340,127,2.18,2.53,1467,80,700,640
49879,537,554,485,69,2.1,1.46,554,50,145,340
49880,438,489,440,49,2.28,1.76,489,10,238,202
49881,130,138,128,10,2.63,2.7,138,1,57,71
49883,201,61,56,5,2.43,,61,0,11,45
49884,157,222,158,64,2.41,1.7,222,25,55,103
49885,400,673,657,16,2.57,2.81,673,31,397,260
49886,28,226,195,31,2.13,4.1,226,5,71,124
49887,791,1061,906,155,2.57,2.19,1061,40,438,468
49891,213,210,200,10,3.24,4.2,210,2,88,112
49892,534,829,755,74,2.32,2.72,829,25,317,438
49893,223,559,531,28,2.11,3.21,559,30,226,305
49894,,312,312,0,2.61,,312,0,111,201
49895,928,338,273,65,2.7,1.78,338,5,134,139
49896,158,521,392,129,2.94,3.43,521,28,180,212
49901,86,145,144,1,1.75,,145,4,52,92
49902,38,104,89,15,1.67,1.67,104,9,35,54
49903,228,114,104,10,1.4,,114,4,16,88
49905,148,760,698,62,3.34,3.06,760,34,370,328
49908,253,1006,703,303,2.52,1.78,1006,135,398,305
49910,149,128,120,8,1.87,,128,1,41,79
49911,648,1181,973,208,2.21,2.04,1181,83,496,477
49912,407,422,376,46,2.1,2.72,422,14,130,246
49913,894,2968,2214,754,2.58,1.91,2968,359,939,1275
49915,82,223,179,44,2.07,2.55,223,35,63,116
49916,445,1215,985,230,2.65,1.59,1215,33,573,412
49917,27,81,75,6,3.55,4.17,81,3,38,37
49918,80,56,46,10,2.26,1.7,56,4,9,37
49919,113,51,51,0,1.69,,51,2,12,39
49920,1400,1828,1649,179,2.23,1.58,1828,94,708,941
49921,49,117,34,83,3.79,2.86,117,9,34,
49922,71,348,274,74,2.49,3.04,348,15,126,148
49925,271,259,227,32,2.28,1.41,259,22,80,147
49927,71,166,155,11,2.57,3.91,166,6,56,99
49929,41,78,78,0,2.41,,78,2,33,45
49930,647,2662,1724,938,2.87,2.15,2662,221,831,893
49931,407,3095,1277,1818,2.83,2.1,3095,545,738,539
49934,99,354,329,25,1.94,1.28,354,6,160,169
49935,1904,2612,2061,551,2.24,2.44,2612,253,975,1086
49938,1046,3704,2823,881,2.11,1.83,3704,374,1087,1736
49942,,91,78,13,1.87,,91,10,28,50
49945,1012,1295,1029,266,2.4,1.86,1295,88,425,604
49946,651,1579,1224,355,2.48,1.92,1579,77,538,686
49947,529,324,319,5,2.03,2.8,324,6,108,211
49948,281,229,207,22,2.18,4.09,229,16,64,143
49950,730,527,463,64,1.94,1.52,527,12,207,256
49952,116,53,46,7,2.43,1.71,53,0,25,21
49953,832,1097,936,161,2.1,1.58,1097,75,346,590
49955,78,139,139,0,3.46,,139,4,65,74
49958,490,381,365,16,2.21,2.75,381,0,131,234
49959,100,186,141,45,2.11,2.36,186,22,42,99
49960,90,85,85,0,2.62,,85,2,37,48
49961,191,62,62,0,2.5,,62,3,19,43
49962,311,111,109,2,1.97,,111,5,29,80
49963,70,245,189,56,2.02,3.13,245,20,110,79
49965,344,240,235,5,2.11,1.4,240,3,71,164
49967,403,192,189,3,2.19,2.33,192,6,61,128
49968,422,933,783,150,2.23,1.96,933,45,324,459
49969,1036,517,406,111,1.93,2.3,517,52,178,228
49970,136,140,129,11,2.04,2.45,140,4,58,71
49971,118,205,191,14,2.35,1.64,205,7,43,148
50001,22,230,207,23,2.89,2.39,230,7,129,78
50002,114,589,437,152,2.6,2.55,589,17,274,163
50003,168,3441,2678,763,2.79,1.92,3441,151,2001,677
50005,39,374,312,62,2.71,1.97,374,2,133,179
50006,48,674,443,231,2.47,2.37,674,12,192,251
50007,,203,203,0,2.71,,203,1,148,55
50008,58,317,264,53,2.59,1.79,317,0,129,135
50009,442,7688,5402,2286,2.73,2.5,7688,320,4085,1317
50010,732,14020,7495,6525,2.34,2.02,14020,1062,4131,3364
50012,,,,0,,,,0,,
50013,,,,0,,,,0,,
50014,1580,12611,4675,7936,2.64,2.09,12611,974,2933,1742
50020,85,535,470,65,2.27,2.69,535,5,237,233
50021,444,11411,8487,2924,2.51,2.1,11411,268,6107,2380
50022,315,3789,2500,1289,2.48,1.79,3789,319,1308,1192
50023,873,15555,11115,4440,2.95,2.07,15555,240,8718,2397
50025,188,1357,1059,298,2.1,2.36,1357,110,504,555
50026,72,201,159,42,2.45,2.31,201,2,82,77
50027,12,157,112,45,2.11,2.58,157,5,88,24
50028,66,668,517,151,2.57,2.01,668,9,288,229
50029,52,248,209,39,2.15,2.26,248,4,80,129
50031,10,16,16,0,3.75,,16,0,12,4
50032,,238,238,0,2.71,,238,0,39,199
50033,,7,6,1,2.5,,7,0,,6
50034,102,134,110,24,2.79,4.21,134,1,43,67
50035,95,2987,2713,274,3.09,2.76,2987,18,2391,322
50036,672,6521,5127,1394,2.53,2.29,6521,370,3205,1922
50038,,90,90,0,2.96,,90,0,38,52
50039,9,182,153,29,2.95,3.1,182,8,69,84
50040,18,66,44,22,1.77,2.05,66,0,22,22
50041,29,47,26,21,2.96,,47,0,26,
50042,29,88,80,8,2.14,3.75,88,3,43,37
50044,22,400,342,58,2.56,2.26,400,11,213,129
50046,108,729,615,114,2.58,2.02,729,4,382,233
50047,,2234,1884,350,2.88,2.7,2234,58,1336,548
50048,25,339,249,90,2.58,2.91,339,11,151,98
50049,255,2651,1895,756,2.48,1.92,2651,302,976,919
50050,34,283,229,54,2.38,2.46,283,9,108,121
50051,30,136,134,2,2.09,4.0,136,0,80,54
50052,12,43,38,5,2.47,,43,5,15,23
50054,188,1120,919,201,2.96,2.19,1120,40,597,322
50055,9,456,333,123,2.77,2.37,456,9,185,148
50056,7,484,391,93,2.51,2.13,484,15,256,135
50057,27,112,112,0,2.53,,112,0,64,48
50058,130,762,580,182,2.39,2.04,762,29,293,287
50060,177,1002,732,270,2.54,2.34,1002,56,379,353
50061,22,793,767,26,3.13,2.5,793,17,413,354
50062,31,292,238,54,2.55,2.33,292,18,150,88
50063,72,971,835,136,2.65,1.76,971,4,567,268
50064,44,63,43,20,1.81,1.8,63,1,7,36
50065,69,274,217,57,2.24,1.37,274,31,97,120
50066,42,111,94,17,1.9,3.53,111,0,46,48
50067,54,113,108,5,3.1,2.2,113,6,49,59
50068,23,115,114,1,2.26,4.0,115,3,47,67
50069,44,409,338,71,2.62,2.58,409,17,178,160
50070,166,484,403,81,2.28,2.41,484,7,211,192
50071,125,381,311,70,2.67,1.97,381,6,96,215
50072,111,1059,890,169,2.8,2.14,1059,10,654,236
50073,30,497,422,75,2.22,2.07,497,0,337,85
50074,451,143,119,24,2.02,2.17,143,2,38,81
50075,34,310,224,86,2.46,2.22,310,12,129,95
50076,39,648,545,103,2.28,2.06,648,13,208,337
50078,14,44,32,12,2.28,2.25,44,2,8,24
50101,4,15,7,8,2.43,4.13,15,0,3,4
50102,,50,50,0,3.02,,50,0,26,24
50103,18,155,133,22,2.41,2.73,155,4,68,65
50104,1,41,30,11,1.63,2.27,41,0,5,25
50105,,467,393,74,2.46,1.86,467,3,307,86
50106,37,429,358,71,2.35,1.83,429,4,192,166
50107,36,361,247,114,2.64,2.61,361,13,145,102
50108,88,151,127,24,2.89,1.75,151,5,34,93
50109,61,1325,1146,179,2.53,1.77,1325,27,871,275
50110,6,18,18,0,2.0,,18,0,5,13
50111,,5945,4149,1796,2.87,1.98,5945,384,3343,806
50112,215,4782,3075,1707,2.5,1.6,4782,524,1823,1252
50115,183,1151,885,266,2.36,1.86,1151,65,473,412
50116,13,70,69,1,2.43,2.0,70,0,20,49
50117,31,61,49,12,2.37,2.75,61,0,15,34
50118,30,321,299,22,2.62,2.86,321,6,191,108
50119,23,139,108,31,2.34,1.84,139,5,36,72
50120,28,179,157,22,2.01,3.45,179,0,101,56
50122,24,575,501,74,2.4,2.34,575,15,158,343
50123,97,361,305,56,2.17,2.46,361,12,136,169
50124,4,1604,1420,184,3.0,1.83,1604,115,984,436
50125,438,7523,5484,2039,2.7,1.94,7523,338,3807,1677
50126,347,2767,1968,799,2.27,2.05,2767,200,1123,845
50127,36,,,0,,,,0,,
50128,15,156,125,31,2.0,3.74,156,3,56,69
50129,347,2313,1692,621,2.34,1.91,2313,109,966,726
50130,50,575,483,92,2.87,2.26,575,12,347,136
50131,364,9352,6620,2732,2.62,2.19,9352,305,4785,1835
50132,20,139,100,39,2.78,2.28,139,2,54,46
50133,80,219,173,46,2.17,2.33,219,0,98,75
50134,11,303,234,69,2.61,2.51,303,2,177,57
50135,84,550,419,131,2.44,3.44,550,0,224,195
50136,33,175,136,39,2.38,3.26,175,4,58,78
50137,,36,22,14,3.36,,36,0,17,5
50138,423,5106,3715,1391,2.48,1.84,5106,247,1959,1756
50139,112,456,419,37,2.14,2.19,456,3,201,218
50140,165,1056,623,433,2.58,1.78,1056,101,342,281
50141,26,185,177,8,2.52,1.75,185,0,106,71
50142,50,358,301,57,2.23,2.0,358,5,180,121
50143,,230,183,47,2.49,1.96,230,0,103,80
50144,219,1069,647,422,2.78,1.71,1069,76,322,325
50145,41,33,33,0,1.67,,33,3,22,11
50146,20,181,144,37,2.26,2.65,181,5,47,97
50147,43,159,115,44,1.87,1.89,159,3,42,73
50148,9,179,156,23,2.04,1.96,179,2,112,44
50149,109,353,268,85,2.93,2.46,353,35,155,113
50150,33,377,326,51,2.81,1.84,377,10,157,169
50151,46,257,237,20,2.32,3.8,257,3,119,118
50152,9,65,54,11,2.5,2.73,65,3,38,16
50153,27,404,349,55,2.33,2.09,404,9,125,224
50154,17,261,205,56,2.43,1.84,261,15,131,74
50155,19,85,77,8,2.0,2.63,85,0,38,39
50156,142,1986,1664,322,2.51,2.02,1986,47,1046,618
50157,46,289,169,120,2.29,2.43,289,4,95,74
50158,1022,11669,8010,3659,2.69,2.32,11669,978,4550,3460
50160,6,240,181,59,2.12,2.46,240,7,112,69
50161,80,857,733,124,2.63,1.99,857,23,475,258
50162,24,526,363,163,2.61,2.4,526,8,236,127
50163,44,320,268,52,2.12,3.35,320,14,130,138
50164,54,256,217,39,2.51,1.77,256,4,85,132
50165,3,16,14,2,2.43,2.5,16,1,7,7
50166,6,673,617,56,2.65,2.39,673,2,395,222
50167,29,332,254,78,2.78,2.26,332,0,165,89
50168,55,349,281,68,2.67,2.87,349,0,210,71
50169,47,931,750,181,2.53,2.64,931,7,519,231
50170,51,1241,1026,215,2.55,2.52,1241,15,693,333
50171,444,1163,833,330,2.17,2.06,1163,39,290,543
50173,46,329,271,58,1.94,4.03,329,1,83,188
50174,72,444,359,85,3.23,2.49,444,6,169,190
50201,248,3551,2649,902,2.35,2.12,3551,215,1477,1172
50206,59,187,157,30,2.53,2.43,187,0,105,52
50207,148,972,717,255,2.41,2.27,972,28,397,320
50208,1132,7752,5670,2082,2.58,1.99,7752,618,3506,2164
50210,18,584,535,49,2.4,3.51,584,9,371,164
50211,238,5670,4775,895,2.69,2.21,5670,85,3505,1270
50212,168,1213,974,239,2.45,2.39,1213,28,611,363
50213,385,2901,1946,955,2.66,2.14,2901,301,1151,795
50214,,281,264,17,2.92,,281,0,188,76
50216,637,1152,975,177,2.46,2.14,1152,30,582,393
50217,37,222,195,27,2.26,1.56,222,7,99,96
50218,14,138,124,14,1.98,2.07,138,0,88,36
50219,161,4956,3596,1360,2.65,1.9,4956,147,2332,1264
50220,338,3557,2230,1327,2.63,2.32,3557,313,1315,915
50222,53,167,160,7,2.61,4.0,167,1,69,91
50223,81,141,104,37,2.39,1.78,141,2,60,44
50225,48,1273,997,276,2.55,2.42,1273,25,637,360
50226,56,2362,2147,215,2.72,3.13,2362,9,1794,353
50227,17,27,21,6,4.0,,27,0,13,8
50228,65,932,724,208,2.83,2.84,932,3,504,220
50229,75,369,367,2,2.96,4.5,369,0,265,102
50230,96,393,349,44,2.57,1.89,393,16,217,132
50231,4,73,60,13,1.93,1.46,73,0,33,27
50232,,263,179,84,2.59,1.67,263,3,100,79
50233,73,552,490,62,2.53,2.68,552,23,292,198
50234,28,187,177,10,2.56,1.5,187,2,103,74
50235,30,122,90,32,2.52,2.41,122,2,56,34
50236,24,783,650,133,2.31,2.14,783,84,436,214
50237,5,1352,1235,117,2.44,2.22,1352,129,768,467
50238,81,515,453,62,2.68,2.98,515,12,158,295
50239,16,32,26,6,2.81,,32,6,22,4
50240,86,894,740,154,2.63,2.36,894,4,501,239
50241,4,55,40,15,2.33,1.53,55,5,21,19
50242,6,194,154,40,2.92,1.75,194,6,95,59
50243,18,129,111,18,2.72,2.61,129,5,72,39
50244,18,781,655,126,2.45,1.89,781,23,358,297
50246,40,294,212,82,2.7,1.94,294,9,120,92
50247,88,905,701,204,2.83,2.25,905,56,443,258
50248,136,1759,1296,463,2.3,2.13,1759,73,683,613
50249,78,524,435,89,2.37,2.58,524,10,190,245
50250,78,1018,787,231,2.47,1.89,1018,20,388,399
50251,15,550,478,72,2.65,2.28,550,0,270,208
50252,99,114,112,2,2.01,2.5,114,0,44,68
50254,3,80,80,0,4.05,,80,6,36,44
50255,4,40,40,0,1.78,,40,0,3,37
50256,42,262,234,28,2.15,2.18,262,0,164,70
50257,40,392,342,50,3.11,2.4,392,1,227,115
50258,50,378,348,30,2.4,3.83,378,15,108,240
50261,57,1007,870,137,2.99,2.41,1007,14,628,242
50262,20,116,112,4,2.07,1.5,116,7,44,68
50263,451,9513,6881,2632,2.75,1.95,9513,372,5435,1446
50264,22,203,178,25,2.47,3.48,203,0,98,80
50265,793,14380,9380,5000,2.41,1.94,14380,420,6810,2570
50266,1345,16383,8620,7763,2.46,1.77,16383,593,5836,2784
50268,68,390,280,110,2.43,3.31,390,17,83,197
50269,48,62,49,13,1.96,2.46,62,2,20,29
50271,76,250,210,40,2.4,2.55,250,5,81,129
50272,14,54,52,2,2.92,5.5,54,8,24,28
50273,193,3441,2651,790,2.48,2.15,3441,223,1821,830
50274,50,90,73,17,1.71,1.24,90,6,24,49
50275,21,209,175,34,2.5,1.5,209,1,111,64
50276,43,855,765,90,2.65,2.06,855,66,440,325
50277,11,200,162,38,2.76,1.58,200,9,92,70
50278,31,308,235,73,2.3,2.1,308,2,117,118
50309,532,6141,727,5414,1.7,1.41,6141,1360,618,109
50310,808,13007,9221,3786,2.57,2.09,13007,767,6891,2330
50311,505,6386,3069,3317,2.42,1.96,6386,720,2173,896
50312,432,7767,4969,2798,2.27,1.53,7767,585,3250,1719
50313,588,6955,5146,1809,2.45,2.84,6955,306,3221,1925
50314,731,3909,1598,2311,3.27,2.2,3909,515,1113,485
50315,1324,14956,9104,5852,2.51,2.07,14956,1630,6044,3060
50316,752,5376,3350,2026,3.01,2.55,5376,497,2234,1116
50317,1027,14082,9936,4146,2.57,2.5,14082,913,6775,3161
50319,,,,0,,,,0,,
50320,604,8067,6016,2051,2.94,2.69,8067,347,4009,2007
50321,210,3377,1975,1402,2.23,2.89,3377,76,1087,888
50322,679,12592,8899,3693,2.52,2.46,12592,407,5683,3216
50323,141,5435,4879,556,3.14,1.42,5435,159,3805,1074
50324,191,2137,1629,508,2.31,2.78,2137,59,1091,538
50325,323,6959,5322,1637,2.72,2.33,6959,404,3597,1725
50327,57,4503,3566,937,2.78,2.39,4503,164,2494,1072
50401,1270,13410,9038,4372,2.18,1.96,13410,749,5374,3664
50420,18,146,115,31,2.82,2.29,146,1,41,74
50421,148,1124,899,225,2.57,1.8,1124,39,415,484
50423,177,1118,932,186,2.09,2.16,1118,47,445,487
50424,92,714,574,140,2.3,1.95,714,5,230,344
50426,7,46,35,11,1.91,2.64,46,0,28,7
50427,,77,77,0,2.08,,77,0,,77
50428,1404,4138,2994,1144,2.38,1.54,4138,246,1397,1597
50430,40,191,152,39,1.93,2.0,191,11,57,95
50431,24,80,49,31,2.47,2.55,80,0,27,22
50432,9,114,94,20,2.41,1.9,114,0,48,46
50433,6,81,77,4,2.57,3.75,81,1,30,47
50434,20,259,237,22,1.59,1.55,259,4,101,136
50435,75,248,184,64,2.47,3.0,248,1,91,93
50436,305,2196,1699,497,2.43,2.12,2196,67,877,822
50438,55,1673,1278,395,2.47,2.07,1673,104,776,502
50439,15,125,117,8,2.5,3.25,125,0,73,44
50440,14,174,126,48,2.33,1.67,174,0,76,50
50441,333,2182,1547,635,2.3,2.54,2182,76,724,823
50444,5,136,110,26,2.45,2.12,136,1,41,69
50446,13,215,169,46,2.3,2.78,215,1,58,111
50447,100,526,427,99,2.48,2.18,526,14,232,195
50448,68,336,276,60,1.95,1.57,336,5,102,174
50449,20,352,268,84,2.38,2.69,352,7,147,121
50450,162,1233,901,332,2.45,2.17,1233,87,472,429
50451,32,187,143,44,1.99,2.61,187,1,40,103
50452,53,391,236,155,2.52,2.25,391,21,95,141
50453,11,220,192,28,2.52,3.43,220,2,69,123
50454,,40,40,0,1.63,,40,0,8,32
50455,10,142,138,4,2.84,3.25,142,9,67,71
50456,61,702,510,192,2.44,2.46,702,43,275,235
50457,41,152,121,31,2.68,4.35,152,4,73,48
50458,81,886,773,113,2.71,1.71,886,36,447,326
50459,95,1277,1049,228,2.51,2.13,1277,87,553,496
50460,49,177,127,50,3.02,4.38,177,1,68,59
50461,208,2304,1923,381,2.35,1.36,2304,161,1062,861
50464,38,213,182,31,2.7,3.1,213,5,95,87
50465,13,78,67,11,2.39,2.09,78,0,25,42
50466,126,776,538,238,2.76,2.53,776,61,252,286
50467,12,49,40,9,2.73,2.33,49,0,20,20
50468,87,575,440,135,2.44,2.47,575,33,221,219
50469,95,590,499,91,2.58,1.84,590,6,259,240
50470,21,95,83,12,2.29,2.75,95,0,36,47
50471,64,274,201,73,2.85,1.9,274,2,109,92
50472,104,1037,830,207,2.52,1.48,1037,2,406,424
50473,40,104,93,11,2.08,1.64,104,0,46,47
50475,27,523,453,70,2.66,1.96,523,5,207,246
50476,26,304,258,46,2.34,2.17,304,15,118,140
50477,10,95,53,42,2.85,2.19,95,1,22,31
50478,103,414,331,83,1.61,2.11,414,13,126,205
50479,39,282,224,58,2.61,1.93,282,3,123,101
50480,55,321,305,16,2.48,2.5,321,10,125,180
50482,96,317,253,64,2.27,2.72,317,2,130,123
50483,8,288,259,29,2.68,2.93,288,0,113,146
50484,49,153,147,6,2.37,2.5,153,1,47,100
50501,963,12008,7733,4275,2.25,1.95,12008,1055,3954,3779
50510,33,413,299,114,2.23,2.48,413,12,108,191
50511,272,3250,2285,965,2.36,1.65,3250,405,1201,1084
50514,68,557,482,75,2.11,1.88,557,11,233,249
50515,30,117,89,28,1.84,2.82,117,3,48,41
50516,11,321,267,54,2.39,1.89,321,5,135,132
50517,74,429,310,119,2.25,1.84,429,21,117,193
50518,2,138,128,10,2.79,1.3,138,2,86,42
50519,41,261,189,72,2.33,2.31,261,7,84,105
50520,11,63,58,5,2.05,5.0,63,2,30,28
50521,,14,,14,,,14,0,,
50522,52,353,302,51,2.6,3.39,353,8,149,153
50523,43,222,165,57,2.68,2.18,222,5,91,74
50524,7,232,189,43,2.71,2.86,232,2,91,98
50525,366,1563,1079,484,2.27,1.85,1563,144,572,507
50527,25,52,46,6,2.5,2.0,52,1,7,39
50528,39,119,81,38,2.81,2.05,119,0,31,50
50529,23,367,286,81,2.4,2.99,367,26,125,161
50530,53,511,389,122,2.56,1.86,511,23,219,170
50531,56,103,81,22,2.09,1.73,103,4,30,51
50532,27,336,259,77,2.56,2.35,336,13,194,65
50533,142,1581,1125,456,2.51,2.62,1581,189,463,662
50535,38,474,351,123,2.23,2.86,474,7,127,224
50536,303,1868,1349,519,2.46,1.64,1868,93,767,582
50538,19,226,168,58,2.36,2.48,226,9,60,108
50539,64,186,177,9,2.31,2.0,186,3,71,106
50540,75,429,353,76,2.84,1.97,429,9,185,168
50541,57,402,305,97,2.34,2.23,402,4,103,202
50542,72,386,337,49,2.43,2.45,386,15,161,176
50543,64,548,466,82,2.23,2.38,548,16,174,292
50544,41,215,184,31,2.62,2.23,215,1,74,110
50545,11,75,71,4,2.31,2.25,75,0,17,54
50546,34,171,143,28,1.85,1.43,171,3,32,111
50548,144,2490,1691,799,2.42,1.76,2490,227,885,806
50551,43,20,8,12,2.75,1.08,20,0,1,7
50552,10,29,25,4,2.8,,29,0,8,17
50554,112,771,606,165,2.28,1.74,771,44,289,317
50556,38,84,76,8,1.76,2.0,84,5,24,52
50557,34,376,299,77,2.07,2.61,376,3,86,213
50558,21,228,204,24,3.15,2.67,228,6,114,90
50559,37,136,79,57,2.24,1.46,136,0,8,71
50560,35,231,169,62,2.18,2.31,231,2,71,98
50561,9,221,178,43,2.91,1.7,221,15,62,116
50562,64,167,135,32,2.19,1.81,167,5,67,68
50563,287,1148,906,242,2.4,1.85,1148,24,476,430
50565,56,159,148,11,2.22,2.82,159,1,62,86
50566,17,185,162,23,2.4,2.13,185,2,77,85
50567,35,106,98,8,2.14,1.88,106,9,26,72
50568,46,539,428,111,2.75,3.36,539,6,239,189
50569,11,348,298,50,2.18,1.18,348,7,150,148
50570,20,74,48,26,3.23,1.92,74,0,9,39
50571,26,146,135,11,1.64,2.91,146,10,44,91
50573,15,25,20,5,4.15,,25,2,8,12
50574,140,986,751,235,2.21,1.68,986,41,276,475
50575,111,303,257,46,2.29,1.74,303,12,112,145
50576,8,129,94,35,2.27,1.71,129,2,38,56
50577,35,183,164,19,1.82,1.68,183,1,54,110
50578,67,243,209,34,2.26,3.06,243,4,104,105
50579,264,1028,786,242,2.36,2.28,1028,56,308,478
50581,114,333,259,74,2.57,3.19,333,4,113,146
50582,14,105,93,12,2.08,2.25,105,2,45,48
50583,177,1161,824,337,2.18,1.59,1161,47,365,459
50585,66,489,403,86,2.45,2.33,489,30,166,237
50586,28,116,109,7,2.87,2.14,116,3,50,59
50588,313,4628,2850,1778,3.1,2.01,4628,283,1437,1413
50590,84,377,305,72,2.52,2.28,377,11,109,196
50591,39,168,125,43,2.44,2.33,168,1,30,95
50592,,53,26,27,2.08,4.0,53,2,7,19
50593,,17,17,0,1.59,,17,0,,17
50594,18,133,66,67,1.77,1.28,133,2,33,33
50595,702,3637,2495,1142,2.54,2.23,3637,233,1504,991
50597,65,446,354,92,2.74,2.47,446,16,135,219
50598,69,370,339,31,2.58,2.0,370,16,179,160
50599,22,224,196,28,2.06,1.89,224,0,72,124
50601,126,1028,836,192,2.53,1.85,1028,66,381,455
50602,47,662,495,167,2.37,2.2,662,35,275,220
50603,38,171,152,19,2.01,1.63,171,2,58,94
50604,60,669,531,138,2.33,2.14,669,3,280,251
50605,10,112,92,20,2.33,1.65,112,1,29,63
50606,40,315,259,56,2.43,3.45,315,10,114,145
50607,14,162,159,3,2.6,4.33,162,0,84,75
50608,,28,28,0,1.54,,28,0,23,5
50609,11,160,151,9,2.32,1.56,160,0,106,45
50611,16,172,125,47,2.31,1.23,172,8,66,59
50612,24,156,134,22,2.19,2.0,156,13,108,26
50613,1127,16415,10844,5571,2.52,2.33,16415,857,6474,4370
50616,301,4306,3014,1292,2.38,1.79,4306,245,1728,1286
50619,87,825,607,218,2.7,2.14,825,37,383,224
50620,3,27,22,5,1.73,3.0,27,1,16,6
50621,129,639,477,162,2.45,2.2,639,57,253,224
50622,115,1190,1055,135,2.66,2.17,1190,14,634,421
50623,,66,66,0,1.86,,66,0,32,34
50624,38,639,542,97,2.5,1.97,639,31,317,225
50625,29,378,306,72,2.36,2.68,378,18,157,149
50626,30,600,503,97,2.87,1.79,600,14,287,216
50627,261,1274,919,355,2.14,2.87,1274,45,480,439
50628,28,514,412,102,2.16,2.49,514,25,154,258
50629,85,873,734,139,3.37,2.75,873,48,458,276
50630,66,690,558,132,2.14,2.42,690,11,293,265
50631,24,114,83,31,2.2,1.77,114,0,54,29
50632,111,548,471,77,2.43,2.18,548,16,312,159
50633,25,218,99,119,2.95,1.35,218,8,38,61
50634,10,337,289,48,2.33,2.42,337,5,200,89
50635,97,570,475,95,2.29,1.77,570,15,272,203
50636,150,944,765,179,2.13,1.88,944,47,386,379
50638,68,1326,1116,210,2.63,2.09,1326,26,652,464
50641,84,445,374,71,2.36,1.92,445,41,138,236
50642,9,235,207,28,2.3,2.71,235,2,100,107
50643,100,1091,1001,90,2.83,2.52,1091,8,628,373
50644,519,3516,2663,853,2.6,1.79,3516,339,1513,1150
50645,112,579,521,58,2.14,2.36,579,99,194,327
50647,50,814,756,58,2.63,1.79,814,12,568,188
50648,254,1418,1244,174,2.84,2.71,1418,21,713,531
50649,,4,4,0,2.0,,4,0,,4
50650,11,313,243,70,2.48,3.49,313,1,122,121
50651,286,1357,1082,275,2.62,2.42,1357,27,698,384
50652,35,47,40,7,2.13,3.86,47,3,26,14
50653,11,243,201,42,2.23,2.55,243,12,100,101
50654,43,147,127,20,2.98,1.35,147,0,45,82
50655,12,325,251,74,2.37,2.2,325,20,120,131
50657,,40,35,5,2.34,4.8,40,0,19,16
50658,157,1031,789,242,2.33,2.44,1031,38,383,406
50659,199,2347,1909,438,2.61,1.86,2347,84,933,976
50660,44,453,371,82,2.55,3.28,453,2,208,163
50662,467,2840,2023,817,2.31,2.29,2840,219,1057,966
50664,,83,83,0,1.53,,83,0,59,24
50665,211,1095,878,217,2.52,2.35,1095,37,511,367
50666,27,310,256,54,2.33,2.35,310,16,187,69
50667,,320,294,26,2.57,1.96,320,2,154,140
50668,17,429,385,44,2.56,3.48,429,14,227,158
50669,128,971,755,216,2.44,1.92,971,32,464,291
50670,56,907,782,125,2.81,1.7,907,29,486,296
50671,5,112,72,40,2.15,1.33,112,1,16,56
50672,63,207,144,63,2.22,2.37,207,19,77,67
50673,7,74,66,8,3.0,2.13,74,3,53,13
50674,139,1519,1274,245,2.44,2.07,1519,18,688,586
50675,95,909,689,220,2.66,2.4,909,32,393,296
50676,50,902,773,129,2.49,1.81,902,11,529,244
50677,339,4636,3655,981,2.42,2.28,4636,140,2178,1477
50680,55,451,400,51,2.42,1.82,451,2,201,199
50681,13,177,158,19,2.28,3.21,177,0,94,64
50682,55,621,529,92,2.54,3.22,621,16,269,260
50701,1237,13026,8533,4493,2.35,2.19,13026,991,5245,3288
50702,816,8642,5322,3320,2.43,2.15,8642,809,3774,1548
50703,1061,7910,4296,3614,2.34,2.41,7910,1155,2262,2034
50707,266,3531,2560,971,2.19,2.04,3531,187,1726,834
50801,776,3782,2745,1037,2.5,1.97,3782,254,1460,1285
50830,38,649,511,138,2.77,2.24,649,21,221,290
50831,5,10,9,1,2.22,4.0,10,0,4,5
50833,201,855,682,173,2.52,1.88,855,32,367,315
50835,6,38,24,14,2.33,,38,0,8,16
50836,31,186,148,38,2.12,1.11,186,0,36,112
50837,1,158,140,18,2.05,4.61,158,2,53,87
50839,10,25,25,0,2.04,,25,1,8,17
50840,55,268,227,41,2.19,1.78,268,3,121,106
50841,308,1055,828,227,2.27,1.99,1055,49,345,483
50842,4,32,31,1,1.84,5.0,32,0,10,21
50843,16,196,136,60,1.85,3.12,196,0,51,85
50845,44,271,230,41,2.79,2.1,271,6,88,142
50846,63,472,336,136,2.07,2.51,472,17,161,175
50847,,36,26,10,1.5,1.9,36,2,7,19
50848,57,95,80,15,2.46,2.0,95,9,32,48
50849,138,1124,723,401,2.4,1.57,1124,60,371,352
50851,104,826,676,150,2.64,2.53,826,43,385,291
50853,45,315,241,74,2.53,1.76,315,6,106,135
50854,154,953,690,263,2.51,2.08,953,92,375,315
50857,10,88,78,10,1.79,2.5,88,7,32,46
50858,23,324,278,46,2.42,1.83,324,2,102,176
50859,17,275,232,43,2.33,3.6,275,4,82,150
50860,14,53,49,4,1.94,6.0,53,1,20,29
50861,14,121,114,7,2.32,2.29,121,1,37,77
50862,26,62,51,11,3.16,2.82,62,1,37,14
50863,31,72,62,10,2.73,1.7,72,4,32,30
50864,74,838,616,222,2.24,2.09,838,46,260,356
51001,73,945,674,271,2.58,1.77,945,28,409,265
51002,133,1008,809,199,2.82,2.54,1008,27,453,356
51003,58,665,582,83,2.75,1.57,665,8,372,210
51004,58,450,324,126,2.15,2.1,450,39,104,220
51005,73,669,485,184,2.16,2.23,669,18,239,246
51006,67,474,357,117,2.63,1.76,474,44,133,224
51007,5,231,231,0,2.41,,231,0,143,88
51008,5,68,48,20,2.25,3.55,68,0,18,30
51009,,63,47,16,2.28,4.25,63,3,15,32
51010,22,205,166,39,2.23,1.54,205,12,51,115
51011,18,28,23,5,2.09,1.2,28,0,12,11
51012,191,2747,1981,766,2.36,2.0,2747,309,1010,971
51014,45,254,186,68,1.9,2.01,254,12,49,137
51015,,32,32,0,2.16,,32,0,26,6
51016,74,476,445,31,2.62,2.39,476,10,225,220
51018,21,252,200,52,2.31,2.69,252,0,109,91
51019,42,224,186,38,2.52,2.45,224,1,86,100
51020,26,228,147,81,2.67,1.86,228,6,41,106
51022,19,319,272,47,2.53,2.64,319,2,130,142
51023,185,1209,872,337,2.8,2.31,1209,52,370,502
51024,13,883,721,162,2.52,2.17,883,18,350,371
51025,81,784,611,173,2.45,1.99,784,26,327,284
51026,22,366,352,14,2.41,3.29,366,0,222,130
51027,80,471,404,67,3.25,2.82,471,2,254,150
51028,59,881,702,179,2.4,2.29,881,13,477,225
51029,,162,151,11,1.93,1.64,162,0,49,102
51030,82,624,529,95,2.74,1.94,624,33,326,203
51031,307,5022,3592,1430,2.63,1.96,5022,323,2025,1567
51033,28,205,173,32,2.0,2.69,205,0,71,102
51034,114,731,569,162,2.37,1.77,731,24,191,378
51035,86,712,568,144,2.19,1.47,712,69,301,267
51036,50,287,260,27,2.66,2.11,287,1,176,84
51037,11,111,90,21,2.37,2.86,111,1,57,33
51038,36,679,589,90,3.04,1.84,679,6,356,233
51039,71,1090,889,201,2.65,1.98,1090,14,426,463
51040,319,1459,1071,388,2.5,1.83,1459,31,645,426
51041,138,2390,1856,534,2.72,2.1,2390,11,1077,779
51044,29,103,89,14,2.39,1.36,103,3,13,76
51045,,32,32,0,2.66,,32,0,10,22
51046,149,656,504,152,2.28,1.96,656,31,231,273
51047,64,310,276,34,2.23,2.94,310,3,155,121
51048,40,185,125,60,2.94,2.37,185,2,71,54
51049,17,271,239,32,1.92,2.69,271,3,72,167
51050,89,1037,828,209,2.74,2.7,1037,49,488,340
51051,,26,23,3,2.7,2.0,26,1,6,17
51052,39,471,383,88,2.15,2.03,471,0,156,227
51053,62,434,403,31,2.28,2.06,434,9,166,237
51054,108,1924,1494,430,2.83,2.73,1924,35,917,577
51055,6,526,424,102,2.63,3.59,526,8,225,199
51056,60,170,159,11,2.04,2.27,170,10,12,147
51058,71,446,366,80,2.55,1.25,446,21,188,178
51060,77,290,217,73,1.73,2.07,290,6,63,154
51061,62,146,100,46,2.29,1.74,146,6,46,54
51062,19,235,194,41,1.71,1.41,235,5,64,130
51063,42,450,340,110,2.24,2.6,450,23,146,194
51101,124,338,40,298,1.6,1.25,338,130,29,11
51103,415,6448,4064,2384,2.44,2.86,6448,696,2418,1646
51104,588,8418,5510,2908,2.85,2.29,8418,468,3704,1806
51105,332,3886,1608,2278,3.05,2.62,3886,668,936,672
51106,579,10762,7860,2902,2.55,2.15,10762,473,4800,3060
51108,33,2017,1842,175,2.7,2.57,2017,73,1048,794
51109,109,1422,1116,306,2.46,2.31,1422,48,686,430
51111,,30,,30,,2.67,30,0,,
51201,379,2379,1637,742,2.57,2.24,2379,321,882,755
51230,11,194,193,1,2.74,2.0,194,35,144,49
51231,15,209,171,38,2.95,4.08,209,2,97,74
51232,30,343,280,63,2.35,2.11,343,14,114,166
51234,,442,383,59,2.66,3.31,442,39,217,166
51235,,367,316,51,3.14,2.61,367,5,218,98
51237,72,723,583,140,2.31,2.51,723,14,234,349
51238,8,519,463,56,2.76,1.84,519,4,226,237
51239,49,1056,915,141,2.98,2.99,1056,23,511,404
51240,53,696,552,144,2.63,2.48,696,43,321,231
51241,18,787,700,87,2.69,2.32,787,13,440,260
51242,20,114,95,19,2.72,2.53,114,0,41,54
51243,40,259,235,24,2.55,2.46,259,18,101,134
51244,4,62,60,2,2.58,2.0,62,2,28,32
51245,78,463,375,88,2.35,2.9,463,14,165,210
51246,255,1275,1073,202,3.11,2.31,1275,29,690,383
51247,15,1800,1433,367,2.69,2.56,1800,100,767,666
51248,28,683,531,152,2.47,1.72,683,16,218,313
51249,113,1408,1074,334,2.44,1.94,1408,63,469,605
51250,78,3095,2380,715,3.04,1.89,3095,160,1378,1002
51301,608,5418,3590,1828,2.37,1.94,5418,355,2065,1525
51331,990,580,466,114,1.75,1.59,580,3,259,207
51333,34,171,141,30,2.43,2.5,171,0,84,57
51334,447,2823,2156,667,2.3,2.18,2823,94,1076,1080
51338,75,394,312,82,2.33,2.18,394,24,139,173
51340,4,44,41,3,2.07,1.33,44,0,17,24
51341,10,17,16,1,2.38,,17,1,1,15
51342,85,563,457,106,2.6,1.91,563,16,286,171
51343,18,75,70,5,3.56,2.8,75,2,25,45
51345,15,212,126,86,2.63,1.49,212,0,61,65
51346,149,841,657,184,2.5,2.31,841,84,326,331
51347,156,653,563,90,2.48,1.88,653,12,312,251
51350,41,188,137,51,1.88,3.14,188,1,50,87
51351,864,2038,1700,338,2.47,1.77,2038,43,981,719
51354,54,515,457,58,2.11,3.21,515,3,208,249
51355,993,461,339,122,1.94,1.8,461,18,145,194
51357,33,314,242,72,2.16,3.17,314,6,92,150
51358,279,562,434,128,2.39,2.2,562,30,249,185
51360,2513,3991,2929,1062,2.22,1.58,3991,227,1774,1155
51363,13,69,66,3,2.65,4.33,69,0,52,14
51364,35,315,265,50,2.56,1.94,315,24,140,125
51365,15,159,132,27,2.3,1.85,159,0,82,50
51366,42,137,109,28,2.55,1.61,137,2,16,93
51401,336,5285,3816,1469,2.46,1.8,5285,456,1850,1966
51430,35,407,297,110,3.21,4.05,407,17,173,124
51431,8,211,155,56,2.26,2.07,211,8,86,69
51432,3,13,13,0,2.0,,13,0,5,8
51433,27,215,122,93,2.7,2.97,215,6,81,41
51436,35,378,272,106,2.29,2.3,378,10,155,117
51439,128,350,237,113,2.22,2.77,350,3,95,142
51440,4,106,105,1,2.69,,106,2,60,45
51441,35,145,132,13,2.99,2.92,145,11,51,81
51442,308,3323,2117,1206,2.77,2.49,3323,412,944,1173
51443,94,550,488,62,2.5,1.55,550,15,245,243
51444,6,143,140,3,2.49,2.67,143,0,107,33
51445,188,1143,907,236,2.53,1.41,1143,45,481,426
51446,23,232,192,40,2.27,2.95,232,2,45,147
51447,11,86,74,12,2.78,1.33,86,0,14,60
51448,22,236,189,47,2.24,3.89,236,1,68,121
51449,93,804,653,151,2.34,2.48,804,33,223,430
51450,438,676,590,86,2.34,1.47,676,19,229,361
51451,55,38,34,4,2.0,,38,4,15,19
51452,8,76,62,14,2.37,1.71,76,3,24,38
51453,38,231,183,48,2.22,2.02,231,6,38,145
51454,89,472,383,89,2.96,2.34,472,10,194,189
51455,57,1025,860,165,2.23,1.75,1025,53,477,383
51458,112,496,437,59,2.33,2.54,496,10,132,305
51459,,31,27,4,2.7,2.0,31,0,18,9
51460,5,47,35,12,2.4,1.25,47,2,6,29
51461,38,537,396,141,2.4,2.17,537,33,269,127
51462,46,429,329,100,2.26,2.44,429,3,184,145
51463,42,226,197,29,2.09,1.45,226,6,60,137
51465,28,288,250,38,3.02,2.34,288,7,106,144
51466,75,438,389,49,2.81,1.8,438,12,143,246
51467,11,237,216,21,2.32,1.43,237,8,83,133
51501,997,14122,9114,5008,2.41,2.5,14122,1045,5413,3701
51503,1175,14845,10216,4629,2.61,1.99,14845,1196,6174,4042
51510,104,1357,1037,320,2.6,3.43,1357,46,631,406
51520,7,83,76,7,2.71,2.71,83,4,14,62
51521,110,819,648,171,2.16,1.99,819,20,333,315
51523,54,156,136,20,2.48,3.25,156,4,46,90
51525,10,479,384,95,2.37,1.81,479,11,215,169
51526,50,678,586,92,2.54,2.8,678,12,357,229
51527,29,231,203,28,2.78,1.89,231,0,55,148
51528,28,300,193,107,2.63,1.63,300,18,73,120
51529,75,784,527,257,2.56,1.58,784,64,299,228
51530,4,251,180,71,2.07,1.76,251,4,98,82
51531,49,282,222,60,2.57,1.28,282,4,134,88
51532,71,261,196,65,2.71,2.58,261,4,98,98
51533,84,418,333,85,2.43,1.81,418,13,177,156
51534,331,3348,2710,638,2.77,2.11,3348,178,1816,894
51535,107,726,599,127,2.46,1.72,726,5,305,294
51536,,174,152,22,2.25,2.14,174,5,68,84
51537,275,2865,2044,821,2.44,2.02,2865,158,1134,910
51540,17,121,108,13,2.6,1.92,121,13,34,74
51541,15,137,105,32,3.08,3.66,137,3,49,56
51542,33,374,353,21,2.64,2.48,374,11,193,160
51543,29,181,126,55,2.17,2.49,181,10,69,57
51544,32,285,259,26,2.44,1.88,285,19,114,145
51545,14,123,97,26,2.4,2.42,123,5,36,61
51546,132,1215,981,234,2.59,2.81,1215,35,632,349
51548,18,183,167,16,2.84,1.75,183,0,99,68
51549,24,217,181,36,2.9,1.92,217,2,118,63
51550,7,55,50,5,2.26,2.0,55,3,20,30
51551,90,635,518,117,2.65,1.99,635,4,368,150
51552,,127,98,29,2.11,2.21,127,4,45,53
51553,,381,324,57,3.02,2.49,381,0,186,138
51554,72,48,48,0,3.5,,48,9,26,22
51555,232,1899,1356,543,2.54,2.15,1899,108,785,571
51556,11,194,170,24,2.22,1.63,194,3,114,56
51557,74,379,342,37,2.26,2.49,379,2,188,154
51558,14,234,201,33,2.76,2.94,234,1,71,130
51559,39,720,512,208,2.91,2.64,720,36,328,184
51560,122,760,527,233,2.76,2.76,760,39,325,202
51561,159,321,292,29,3.15,3.0,321,3,173,119
51562,11,188,175,13,2.89,2.08,188,4,101,74
51563,5,276,219,57,2.39,3.19,276,5,94,125
51564,79,199,164,35,2.41,1.74,199,2,88,76
51565,8,249,152,97,2.47,1.54,249,4,98,54
51566,468,2894,1984,910,2.2,2.47,2894,171,929,1055
51570,48,419,318,101,2.3,1.84,419,13,180,138
51571,67,210,152,58,3.11,3.91,210,0,98,54
51572,31,221,167,54,2.42,1.37,221,5,71,96
51573,43,391,323,68,2.73,2.71,391,6,193,130
51575,22,590,499,91,2.58,2.18,590,3,324,175
51576,41,698,617,81,3.05,1.93,698,2,412,205
51577,107,459,344,115,2.05,1.97,459,25,166,178
51578,3,62,52,10,2.46,3.5,62,0,18,34
51579,119,836,644,192,2.89,2.03,836,49,375,269
51601,418,2343,1456,887,2.28,2.29,2343,205,655,801
51630,11,58,58,0,3.07,,58,0,31,27
51631,44,145,107,38,1.79,3.74,145,1,36,71
51632,251,2504,1723,781,2.4,2.31,2504,120,835,888
51636,48,213,159,54,2.13,2.67,213,5,63,96
51637,,112,109,3,2.21,2.0,112,8,70,39
51638,58,616,490,126,2.05,1.93,616,7,190,300
51639,32,334,258,76,2.22,2.17,334,2,151,107
51640,120,660,503,157,2.44,2.38,660,19,239,264
51645,20,108,93,15,2.56,1.87,108,0,56,37
51646,25,340,278,62,2.66,2.48,340,12,130,148
51647,4,96,82,14,1.98,1.29,96,16,29,53
51648,14,142,124,18,1.78,2.61,142,0,46,78
51649,11,118,100,18,2.86,5.17,118,0,53,47
51650,53,119,106,13,1.99,4.0,119,12,41,65
51651,1,68,62,6,2.03,1.5,68,1,26,36
51652,119,604,461,143,2.48,2.04,604,21,238,223
51653,59,521,399,122,2.69,2.49,521,20,283,116
51654,22,130,80,50,2.89,3.32,130,2,58,22
51656,,16,15,1,1.73,12.0,16,0,5,10
52001,1668,18026,11505,6521,2.37,2.01,18026,1372,7371,4134
52002,461,6900,5097,1803,2.73,1.86,6900,331,3248,1849
52003,476,5423,4674,749,2.59,2.02,5423,308,2833,1841
52030,8,161,113,48,2.49,2.44,161,4,82,31
52031,412,2041,1782,259,2.47,2.08,2041,69,1034,748
52032,139,580,547,33,2.54,1.52,580,1,297,250
52033,49,1246,997,249,2.61,2.66,1246,64,616,381
52035,64,441,376,65,2.3,3.28,441,36,154,222
52036,,64,45,19,1.87,2.16,64,5,19,26
52037,39,368,339,29,2.47,2.66,368,4,173,166
52038,16,187,153,34,2.76,4.0,187,11,96,57
52039,6,325,319,6,2.62,2.33,325,6,207,112
52040,89,2364,2065,299,2.4,1.89,2364,59,1204,861
52041,49,737,611,126,3.16,1.85,737,7,432,179
52042,129,614,474,140,2.92,1.62,614,80,207,267
52043,145,853,607,246,2.03,2.05,853,76,232,375
52044,17,75,70,5,3.54,3.4,75,0,56,14
52045,11,1050,817,233,2.77,1.84,1050,22,533,284
52046,21,937,755,182,2.75,3.01,937,21,458,297
52047,,270,238,32,3.02,2.69,270,3,113,125
52048,12,131,85,46,2.32,2.98,131,2,46,39
52049,140,501,432,69,2.26,1.9,501,13,176,256
52050,6,199,153,46,2.52,2.76,199,2,63,90
52052,437,1332,1025,307,2.14,1.87,1332,56,477,548
52053,36,450,356,94,2.94,1.87,450,12,188,168
52054,36,335,284,51,2.86,1.84,335,5,142,142
52056,5,85,83,2,2.61,3.0,85,1,38,45
52057,563,3315,2731,584,2.56,1.59,3315,121,1685,1046
52060,381,3415,2662,753,2.36,2.09,3415,294,1332,1330
52064,56,319,264,55,2.92,1.71,319,13,170,94
52065,46,318,264,54,2.79,1.52,318,4,99,165
52066,75,46,41,5,1.95,3.8,46,6,19,22
52068,79,1672,1510,162,2.88,2.14,1672,56,1129,381
52069,67,604,447,157,2.82,2.25,604,19,234,213
52070,80,491,392,99,2.39,2.18,491,9,179,213
52071,6,63,62,1,1.85,,63,0,22,40
52072,15,220,123,97,2.74,5.52,220,20,49,74
52073,35,574,506,68,2.73,2.0,574,18,290,216
52074,7,121,104,17,3.01,2.53,121,6,45,59
52075,4,66,58,8,2.34,2.13,66,0,23,35
52076,81,931,681,250,2.44,1.77,931,70,408,273
52077,17,140,120,20,2.18,1.75,140,4,49,71
52078,4,261,209,52,2.54,2.19,261,2,117,92
52079,31,351,283,68,2.11,2.31,351,11,135,148
52101,416,5088,3779,1309,2.32,1.77,5088,293,2138,1641
52132,112,708,507,201,2.46,2.86,708,9,325,182
52133,42,247,236,11,2.5,1.27,247,0,157,79
52134,35,113,106,7,2.79,1.86,113,1,49,57
52135,85,291,248,43,2.25,1.79,291,6,139,109
52136,313,2299,1756,543,2.45,2.38,2299,138,1056,700
52140,92,226,213,13,1.9,3.0,226,0,62,151
52141,104,534,471,63,2.47,1.98,534,23,170,301
52142,148,634,389,245,2.23,1.91,634,16,182,207
52144,77,454,431,23,2.05,1.7,454,3,221,210
52146,851,396,359,37,1.97,2.16,396,15,167,192
52147,,410,357,53,2.38,2.77,410,3,160,197
52151,431,848,687,161,2.21,1.61,848,27,359,328
52154,60,349,305,44,2.51,1.61,349,9,165,140
52155,123,547,468,79,2.8,1.57,547,11,241,227
52156,48,223,200,23,3.15,1.96,223,7,137,63
52157,101,822,588,234,2.12,1.85,822,97,314,274
52158,17,161,129,32,1.85,1.56,161,0,61,68
52159,145,1047,782,265,2.37,1.84,1047,66,408,374
52160,24,399,362,37,2.42,2.19,399,2,159,203
52161,15,612,526,86,2.17,2.56,612,0,235,291
52162,182,1187,837,350,3.05,2.44,1187,56,388,449
52163,12,147,137,10,2.5,1.4,147,0,64,73
52164,15,123,116,7,2.32,2.57,123,0,43,73
52165,7,449,394,55,2.53,1.25,449,1,282,112
52166,7,55,54,1,2.33,2.0,55,0,32,22
52168,25,201,138,63,1.75,2.06,201,9,59,79
52169,21,156,130,26,2.21,2.88,156,5,45,85
52170,40,254,238,16,2.09,1.63,254,0,125,113
52171,68,409,313,96,2.5,2.48,409,9,123,190
52172,340,2605,2051,554,2.36,2.13,2605,180,965,1086
52175,278,1465,1008,457,2.42,2.1,1465,112,573,435
52201,46,565,445,120,2.55,2.99,565,7,285,160
52202,30,402,334,68,2.93,2.16,402,5,228,106
52203,65,923,816,107,2.76,1.65,923,14,559,257
52205,233,3093,2431,662,2.43,2.27,3093,133,1472,959
52206,18,966,903,63,3.0,1.16,966,19,666,237
52207,51,139,133,6,2.19,5.0,139,3,64,69
52208,186,1266,1061,205,2.4,2.07,1266,63,618,443
52209,32,393,304,89,2.69,2.31,393,4,205,99
52210,29,276,209,67,3.02,3.85,276,21,143,66
52211,340,1155,858,297,2.24,2.03,1155,30,441,417
52212,27,187,154,33,2.21,1.15,187,0,8,146
52213,29,1537,1286,251,2.58,2.56,1537,26,863,423
52214,254,1213,1015,198,2.61,2.24,1213,22,617,398
52215,28,368,348,20,2.62,2.5,368,2,194,154
52216,70,612,416,196,2.32,1.85,612,50,264,152
52217,56,231,210,21,2.46,1.67,231,1,115,95
52218,95,663,588,75,2.61,1.65,663,9,390,198
52219,4,64,52,12,2.38,3.0,64,0,28,24
52220,27,83,83,0,1.9,,83,0,69,14
52221,,100,77,23,2.01,4.0,100,0,36,41
52222,14,299,263,36,2.26,2.53,299,13,114,149
52223,209,437,385,52,2.14,2.5,437,0,149,236
52224,85,807,654,153,2.57,2.07,807,5,370,284
52225,44,187,187,0,2.29,,187,0,98,89
52227,28,1086,899,187,2.85,1.73,1086,10,618,281
52228,53,1357,1235,122,2.73,2.13,1357,25,859,376
52229,19,316,253,63,2.98,2.21,316,6,162,91
52231,4,138,119,19,2.79,2.16,138,0,56,63
52232,12,102,91,11,3.31,2.0,102,0,60,31
52233,305,2913,1938,975,2.56,2.01,2913,127,1074,864
52235,31,353,226,127,2.28,2.18,353,3,127,99
52236,6,200,200,0,2.29,,200,0,92,108
52237,85,535,482,53,2.98,2.57,535,61,295,187
52240,1395,15159,7675,7484,2.47,2.26,15159,1818,5007,2668
52241,482,9259,5086,4173,2.63,1.86,9259,498,3349,1737
52242,,36,,36,,1.78,36,0,,
52245,761,9329,5820,3509,2.29,2.18,9329,573,3753,2067
52246,688,9925,4006,5919,2.52,2.02,9925,957,2215,1791
52247,24,1776,1297,479,2.9,2.05,1776,167,712,585
52248,63,675,587,88,2.29,1.53,675,12,316,271
52249,26,367,306,61,2.39,2.43,367,16,173,133
52251,49,245,227,18,3.07,1.39,245,1,132,95
52252,,30,30,0,3.9,,30,0,21,9
52253,61,1102,913,189,2.72,1.78,1102,13,647,266
52254,50,399,248,151,2.21,2.5,399,18,99,149
52255,39,549,441,108,2.3,2.41,549,15,249,192
52257,31,95,85,10,2.2,2.3,95,0,20,65
52301,207,1582,1273,309,2.45,2.16,1582,75,793,480
52302,580,17244,13366,3878,2.55,2.09,17244,575,8962,4404
52305,19,279,227,52,3.3,1.79,279,8,166,61
52306,28,587,477,110,2.21,2.29,587,17,263,214
52307,17,50,28,22,3.21,1.32,50,0,28,
52308,3,94,79,15,1.86,,94,12,30,49
52309,24,265,236,29,2.04,2.07,265,4,144,92
52310,248,2628,2053,575,2.46,1.77,2628,136,1191,862
52312,,35,29,6,1.86,,35,5,19,10
52313,12,136,112,24,2.39,3.17,136,0,36,76
52314,172,1804,1469,335,2.9,1.99,1804,62,934,535
52315,48,517,415,102,2.72,1.98,517,4,275,140
52316,79,586,460,126,2.73,1.78,586,38,310,150
52317,529,8035,5985,2050,2.87,2.29,8035,116,4823,1162
52318,41,409,325,84,2.49,2.44,409,2,174,151
52320,52,470,355,115,2.63,2.99,470,23,190,165
52321,38,201,160,41,2.41,2.51,201,8,82,78
52322,30,785,644,141,2.56,2.25,785,21,327,317
52323,105,380,297,83,3.17,2.16,380,8,132,165
52324,37,702,655,47,2.89,2.89,702,2,558,97
52325,7,269,240,29,1.99,1.79,269,0,101,139
52326,73,287,232,55,2.82,2.31,287,2,153,79
52327,132,1365,989,376,2.65,2.34,1365,61,561,428
52328,,1014,961,53,2.79,2.62,1014,3,722,239
52329,,293,252,41,2.56,2.12,293,3,147,105
52330,21,349,233,116,3.01,1.64,349,6,174,59
52332,88,632,559,73,2.67,2.6,632,6,315,244
52333,165,2692,2374,318,2.78,1.89,2692,29,1599,775
52334,,82,82,0,2.57,,82,0,50,32
52335,70,277,215,62,2.65,2.06,277,0,118,97
52336,78,1075,932,143,2.4,2.36,1075,5,537,395
52337,42,333,231,102,2.59,2.58,333,3,163,68
52338,31,1419,1309,110,2.78,2.11,1419,22,898,411
52339,174,1479,934,545,2.73,2.92,1479,73,470,464
52340,229,1852,1512,340,2.52,2.62,1852,1,1269,243
52341,92,414,373,41,2.95,1.9,414,0,220,153
52342,148,1195,886,309,2.26,2.38,1195,74,442,444
52344,,33,10,23,1.9,,33,0,10,
52345,31,507,463,44,2.93,2.98,507,4,364,99
52346,20,371,306,65,2.76,2.65,371,9,230,76
52347,65,521,464,57,2.67,1.96,521,8,243,221
52348,,31,30,1,2.53,2.0,31,0,17,13
52349,385,3220,2535,685,2.45,1.92,3220,197,1470,1065
52351,8,519,472,47,3.0,1.74,519,0,344,128
52352,40,746,644,102,2.67,1.96,746,7,335,309
52353,369,3704,2330,1374,2.53,2.26,3704,146,1423,907
52354,,120,116,4,2.21,3.0,120,0,38,78
52355,5,99,91,8,2.46,1.75,99,0,22,69
52356,48,1114,813,301,2.67,1.92,1114,39,510,303
52358,262,1529,1258,271,2.56,2.25,1529,30,736,522
52359,7,113,111,2,2.59,3.5,113,1,56,55
52361,77,2027,1312,715,2.57,1.62,2027,71,725,587
52362,79,360,321,39,2.55,1.95,360,3,195,126
52401,160,1232,256,976,1.98,1.3,1232,289,183,73
52402,1463,17967,12288,5679,2.35,2.15,17967,1105,8270,4018
52403,713,10338,7957,2381,2.42,2.19,10338,686,5229,2728
52404,1959,17102,11686,5416,2.38,2.18,17102,913,7829,3857
52405,692,11351,8655,2696,2.42,1.92,11351,725,6169,2486
52411,57,2858,2824,34,2.9,3.26,2858,17,2041,783
52501,1458,12170,7891,4279,2.5,2.33,12170,941,4304,3587
52530,22,373,316,57,2.87,1.77,373,23,188,128
52531,353,2279,1802,477,2.6,2.0,2279,235,882,920
52533,32,459,388,71,2.33,2.42,459,5,182,206
52534,,203,166,37,2.55,2.14,203,34,52,114
52535,40,372,314,58,1.99,3.03,372,8,161,153
52536,100,388,350,38,2.09,2.26,388,11,152,198
52537,236,2500,2108,392,2.74,1.96,2500,359,1237,871
52540,70,460,340,120,2.86,1.78,460,29,161,179
52542,31,177,155,22,2.34,1.73,177,5,78,77
52543,,123,110,13,3.12,4.15,123,0,72,38
52544,831,3150,2083,1067,2.37,2.47,3150,260,1013,1070
52548,4,38,26,12,2.27,3.67,38,1,12,14
52549,42,205,187,18,3.45,2.56,205,20,79,108
52550,22,288,281,7,2.44,1.71,288,6,162,119
52551,89,217,191,26,2.99,,217,25,82,109
52552,38,367,324,43,3.03,2.88,367,82,180,144
52553,43,649,521,128,2.66,2.27,649,26,227,294
52554,70,500,424,76,2.21,2.05,500,67,141,283
52555,15,84,59,25,2.58,1.52,84,0,6,53
52556,842,5162,3158,2004,2.23,2.19,5162,429,1400,1758
52557,,,,0,,,,0,,
52560,99,68,64,4,2.47,1.5,68,3,28,36
52561,60,378,215,163,2.7,2.36,378,18,120,95
52562,14,39,33,6,1.67,1.17,39,1,11,22
52563,75,581,384,197,2.88,2.7,581,26,215,169
52565,95,783,604,179,2.36,2.0,783,80,192,412
52566,18,81,67,14,2.99,3.57,81,0,32,35
52567,16,246,194,52,2.1,1.88,246,0,75,119
52568,1,40,37,3,2.08,2.0,40,3,14,23
52569,303,300,290,10,2.2,1.5,300,10,66,224
52570,96,349,310,39,3.1,1.69,349,71,114,196
52571,169,533,463,70,2.45,2.33,533,11,228,235
52572,170,418,277,141,2.74,3.29,418,35,147,130
52573,51,81,75,6,2.92,6.67,81,0,51,24
52574,115,226,184,42,2.41,2.29,226,5,74,110
52576,41,171,159,12,2.69,3.25,171,0,56,103
52577,623,5738,3649,2089,2.51,2.29,5738,304,2124,1525
52580,31,303,272,31,2.82,,303,24,177,95
52581,20,127,77,50,1.87,2.74,127,0,33,44
52583,9,140,117,23,2.69,2.13,140,10,34,83
52584,22,193,185,8,4.74,3.0,193,52,124,61
52585,54,327,264,63,2.45,2.62,327,6,124,140
52586,17,249,173,76,1.95,2.99,249,2,66,107
52588,31,6,6,0,4.33,,6,0,,6
52590,96,453,390,63,2.82,3.56,453,84,148,242
52591,156,1200,836,364,2.27,2.06,1200,45,485,351
52593,4,76,57,19,2.44,2.0,76,2,45,12
52594,18,169,166,3,3.46,1.67,169,4,54,112
52595,12,184,110,74,2.83,2.45,184,13,72,38
52601,1397,12501,8571,3930,2.27,2.03,12501,1227,4926,3645
52619,30,303,225,78,2.21,2.08,303,0,94,131
52620,129,322,267,55,2.85,2.44,322,27,146,121
52621,44,289,226,63,2.78,3.29,289,0,104,122
52623,40,768,664,104,2.7,1.85,768,7,382,282
52624,,248,221,27,2.31,3.33,248,0,187,34
52625,109,892,727,165,2.69,2.15,892,7,414,313
52626,121,507,430,77,2.41,2.62,507,25,138,292
52627,714,5173,3945,1228,2.3,2.1,5173,209,2041,1904
52630,45,147,116,31,1.89,2.68,147,12,17,99
52631,,22,22,0,2.86,,22,0,10,12
52632,727,5178,3535,1643,2.5,1.91,5178,428,1855,1680
52635,40,367,227,140,2.46,1.91,367,22,163,64
52637,95,1121,842,279,2.65,2.16,1121,26,553,289
52638,40,204,154,50,2.8,1.94,204,3,99,55
52639,106,697,619,78,2.39,1.67,697,2,338,281
52640,63,539,486,53,2.62,2.96,539,17,247,239
52641,622,4524,3267,1257,2.68,1.77,4524,193,1784,1483
52644,11,143,139,4,2.51,6.0,143,0,61,78
52645,65,1427,1116,311,2.84,2.32,1427,71,723,393
52646,5,138,132,6,2.27,3.5,138,6,51,81
52647,6,70,43,27,2.44,2.3,70,4,22,21
52649,8,320,286,34,2.81,2.88,320,8,213,73
52650,,296,216,80,2.39,2.08,296,0,126,90
52651,30,198,189,9,2.6,2.67,198,1,66,123
52652,,35,27,8,2.48,,35,0,19,8
52653,229,1264,898,366,2.59,2.27,1264,69,553,345
52654,56,606,460,146,2.95,2.84,606,6,255,205
52655,102,1754,1148,606,2.5,1.95,1754,104,596,552
52656,104,999,886,113,2.34,1.36,999,36,413,473
52657,11,28,25,3,2.04,2.0,28,0,16,9
52658,44,408,391,17,2.48,2.59,408,0,190,201
52659,45,544,437,107,2.48,1.85,544,13,230,207
52660,28,143,104,39,2.33,1.51,143,5,21,83
52701,1,45,25,20,3.4,1.85,45,2,14,11
52720,31,351,283,68,2.33,3.09,351,3,211,72
52721,20,354,282,72,2.83,2.4,354,0,175,107
52722,1275,15923,12086,3837,2.64,2.11,15923,476,8464,3622
52726,138,2223,2059,164,2.35,2.2,2223,22,1309,750
52727,26,115,79,36,3.1,1.17,115,17,56,23
52728,54,410,307,103,2.23,1.73,410,22,221,86
52729,52,335,299,36,2.83,1.56,335,5,179,120
52730,20,2304,1858,446,2.43,1.44,2304,86,1062,796
52731,24,304,271,33,2.3,2.21,304,0,164,107
52732,1910,10863,7527,3336,2.42,2.19,10863,1007,4529,2998
52737,9,104,100,4,2.43,2.0,104,4,47,53
52738,244,1238,900,338,2.82,2.71,1238,93,421,479
52739,93,284,180,104,2.48,2.93,284,11,95,85
52742,122,2887,2465,422,2.68,2.17,2887,76,1558,907
52745,8,205,169,36,1.9,1.89,205,0,105,64
52746,48,421,315,106,2.66,2.82,421,1,201,114
52747,56,802,601,201,2.52,2.13,802,33,398,203
52748,182,3477,2796,681,2.89,2.19,3477,81,2054,742
52749,2,391,365,26,3.18,2.73,391,3,280,85
52750,55,159,135,24,3.16,2.08,159,2,91,44
52751,8,411,311,100,2.55,2.28,411,2,167,144
52752,36,178,151,27,2.19,2.33,178,0,87,64
52753,310,2122,1702,420,2.59,3.82,2122,155,1148,554
52754,82,566,515,51,2.52,2.0,566,14,309,206
52755,77,788,657,131,2.71,2.68,788,18,447,210
52756,36,691,673,18,2.89,3.11,691,3,455,218
52757,3,100,87,13,2.38,1.69,100,0,57,30
52758,26,122,100,22,2.6,2.82,122,7,76,24
52759,,49,42,7,2.02,,49,0,42,
52760,,229,173,56,2.38,,229,0,138,35
52761,1192,11699,8331,3368,2.7,2.23,11699,804,4522,3809
52765,5,163,125,38,1.93,2.18,163,0,48,77
52766,53,347,323,24,2.11,2.92,347,4,114,209
52767,31,94,84,10,3.14,,94,0,84,
52768,116,533,472,61,2.69,2.39,533,3,332,140
52769,16,220,182,38,2.71,2.29,220,0,107,75
52771,,33,16,17,1.94,1.41,33,0,7,9
52772,206,2174,1778,396,2.6,1.81,2174,97,1040,738
52773,182,1082,806,276,2.72,2.41,1082,33,413,393
52774,,57,43,14,2.84,1.36,57,0,26,17
52776,142,1680,1217,463,3.25,2.25,1680,172,724,493
52777,81,516,451,65,2.5,2.72,516,3,289,162
52778,118,1704,1290,414,2.38,1.68,1704,27,750,540
52801,219,854,,854,,1.33,854,322,,
52802,712,3996,2931,1065,2.48,2.41,3996,310,2053,878
52803,1483,8993,6071,2922,2.31,2.1,8993,649,4034,2037
52804,929,11092,7166,3926,2.4,2.59,11092,1140,4492,2674
52806,692,11222,7763,3459,2.48,2.4,11222,707,5008,2755
52807,733,6643,3646,2997,2.54,1.9,6643,486,2162,1484
53001,52,855,724,131,2.32,1.73,855,8,515,209
53002,38,918,701,217,2.37,2.71,918,9,500,201
53003,,53,48,5,2.67,2.0,53,0,25,23
53004,54,1470,1318,152,2.54,1.65,1470,19,968,350
53005,216,8191,6930,1261,2.72,2.1,8191,119,4348,2582
53006,11,771,649,122,2.44,2.15,771,15,474,175
53007,33,835,322,513,2.52,1.93,835,69,210,112
53010,374,3016,2578,438,2.49,2.56,3016,53,1656,922
53011,192,887,778,109,2.46,2.0,887,8,466,312
53012,302,7802,6234,1568,2.59,1.68,7802,233,3942,2292
53013,126,1351,1183,168,2.61,2.43,1351,47,673,510
53014,326,3366,2705,661,2.47,1.89,3366,172,1357,1348
53015,67,1106,999,107,2.75,2.72,1106,25,557,442
53016,6,155,121,34,2.57,1.97,155,5,83,38
53017,,1856,1835,21,2.73,1.81,1856,0,1291,544
53018,213,3057,2322,735,2.54,2.01,3057,96,1501,821
53019,57,724,606,118,2.32,2.37,724,25,304,302
53020,376,1561,1341,220,2.51,2.02,1561,53,744,597
53021,69,1715,1378,337,2.59,2.43,1715,24,924,454
53022,363,7823,6113,1710,2.68,2.05,7823,191,4239,1874
53023,47,513,464,49,2.38,3.31,513,2,283,181
53024,269,8070,5654,2416,2.54,1.77,8070,164,3789,1865
53027,470,9640,6864,2776,2.61,1.94,9640,490,4451,2413
53029,449,8013,6431,1582,2.78,2.0,8013,256,4270,2161
53031,,31,12,19,2.58,2.84,31,0,12,
53032,83,2196,1542,654,2.38,1.96,2196,78,881,661
53033,70,2422,2347,75,2.46,2.24,2422,13,1446,901
53034,118,630,453,177,2.89,2.11,630,12,338,115
53035,46,909,791,118,2.76,2.07,909,8,545,246
53036,40,1135,915,220,3.07,2.24,1135,14,692,223
53037,9,3777,2647,1130,2.49,2.55,3777,88,1768,879
53038,67,1605,1254,351,2.72,2.19,1605,18,828,426
53039,187,1692,1318,374,2.86,2.18,1692,50,778,540
53040,148,3265,2610,655,2.58,2.12,3265,33,1732,878
53042,239,2728,2187,541,2.46,2.26,2728,128,1277,910
53044,55,856,766,90,2.67,1.92,856,2,489,277
53045,504,9623,7498,2125,2.52,1.75,9623,267,4674,2824
53046,10,619,525,94,2.14,1.79,619,7,252,273
53047,,62,50,12,2.38,1.92,62,0,14,36
53048,83,1459,857,602,2.41,2.23,1459,42,518,339
53049,237,967,846,121,2.65,1.6,967,36,587,259
53050,148,2911,2179,732,2.53,2.12,2911,65,1543,636
53051,616,15751,11822,3929,2.65,1.72,15751,767,7978,3844
53057,18,721,662,59,2.52,1.31,721,21,282,380
53058,162,1316,844,472,2.81,1.81,1316,12,531,313
53059,48,708,598,110,2.8,2.12,708,9,398,200
53061,90,2208,1760,448,2.34,1.7,2208,173,1023,737
53063,73,653,573,80,2.6,2.58,653,14,326,247
53065,32,874,755,119,2.71,2.45,874,17,466,289
53066,1036,14660,11507,3153,2.61,1.95,14660,329,7671,3836
53069,154,351,338,13,1.88,4.08,351,0,182,156
53070,322,1906,1580,326,2.66,2.11,1906,53,999,581
53072,479,11827,9025,2802,2.4,1.65,11827,343,5935,3090
53073,375,6254,4587,1667,2.37,1.95,6254,280,2757,1830
53074,159,5444,3547,1897,2.55,1.99,5444,207,2322,1225
53075,101,1377,1056,321,2.41,2.3,1377,31,639,417
53076,38,1226,1150,76,2.95,2.95,1226,0,834,316
53078,20,722,639,83,2.26,2.95,722,17,355,284
53079,73,577,471,106,2.53,1.56,577,10,254,217
53080,138,2308,1463,845,2.4,1.81,2308,117,931,532
53081,1290,18719,11391,7328,2.48,2.0,18719,1532,7320,4071
53083,367,8680,6469,2211,2.56,2.14,8680,370,4082,2387
53085,181,5078,3650,1428,2.35,1.9,5078,242,2241,1409
53086,94,3816,2800,1016,2.47,1.95,3816,62,1985,815
53088,7,150,98,52,1.82,2.02,150,12,83,15
53089,203,7416,5927,1489,2.8,2.02,7416,105,3907,2020
53090,338,8915,6790,2125,2.49,2.25,8915,177,4197,2593
53091,57,875,713,162,2.44,2.16,875,30,435,278
53092,709,8278,6564,1714,2.57,2.28,8278,352,4190,2374
53093,11,731,670,61,2.77,2.13,731,20,446,224
53094,248,7214,4687,2527,2.56,2.26,7214,417,3111,1576
53095,655,12046,8708,3338,2.5,1.63,12046,819,5875,2833
53097,111,2232,2148,84,2.63,1.61,2232,4,1527,621
53098,219,4411,3057,1354,2.71,2.27,4411,243,1829,1228
53099,,5,5,0,2.2,,5,0,5,
53103,63,1584,1496,88,2.33,2.35,1584,9,902,594
53104,258,2192,1956,236,2.63,2.57,2192,10,1322,634
53105,937,12090,8565,3525,2.52,2.18,12090,427,5740,2825
53108,12,1297,1217,80,2.2,1.74,1297,0,782,435
53110,380,8663,5307,3356,2.17,1.98,8663,698,3244,2063
53114,43,938,772,166,2.37,2.81,938,23,565,207
53115,1829,6578,4536,2042,2.49,2.3,6578,393,2659,1877
53118,260,3031,2604,427,2.49,1.78,3031,195,1780,824
53119,223,2186,2031,155,2.6,2.92,2186,27,1518,513
53120,569,4248,3223,1025,2.63,2.06,4248,142,2076,1147
53121,848,7554,5384,2170,2.61,2.05,7554,308,3593,1791
53122,113,2272,2009,263,2.85,2.21,2272,66,1286,723
53125,1687,1267,1079,188,2.28,1.93,1267,34,641,438
53126,148,2814,2380,434,2.59,2.43,2814,29,1534,846
53127,,41,33,8,3.03,,41,0,33,
53128,739,3346,2765,581,2.63,3.43,3346,35,2008,757
53129,65,6126,4280,1846,2.68,1.68,6126,268,2671,1609
53130,232,3043,1652,1391,2.85,2.11,3043,94,1183,469
53132,428,13649,10739,2910,2.73,1.65,13649,524,6926,3813
53137,22,617,575,42,2.61,1.93,617,0,441,134
53139,129,936,827,109,2.39,1.75,936,26,563,264
53140,1480,12685,6305,6380,2.4,2.03,12685,1182,3749,2556
53142,480,12659,9383,3276,2.67,2.49,12659,461,6237,3146
53143,828,8590,4991,3599,2.61,2.49,8590,473,3153,1838
53144,480,10021,5344,4677,2.71,2.33,10021,509,3750,1594
53146,53,3197,3061,136,2.41,2.99,3197,9,1745,1316
53147,3147,7815,5407,2408,2.32,2.05,7815,260,3276,2131
53149,239,7176,6080,1096,2.81,1.92,7176,234,4455,1625
53150,308,9916,8597,1319,2.73,1.73,9916,289,5981,2616
53151,283,14092,10025,4067,2.47,1.85,14092,332,5915,4110
53153,64,974,898,76,2.77,1.53,974,10,710,188
53154,379,15262,9194,6068,2.65,1.95,15262,555,6366,2828
53156,156,1395,1071,324,2.51,2.01,1395,110,800,271
53157,,,,0,,,,0,,
53158,310,6544,5221,1323,2.74,2.25,6544,230,3575,1646
53167,,233,43,190,1.65,2.12,233,0,30,13
53168,455,3566,2917,649,2.44,3.0,3566,41,2104,813
53170,105,865,648,217,2.8,2.07,865,0,447,201
53172,528,8612,5387,3225,2.45,2.26,8612,557,3538,1849
53176,25,64,64,0,3.47,,64,0,29,35
53177,156,2677,2075,602,2.51,2.21,2677,56,1284,791
53178,40,1079,772,307,2.52,2.28,1079,10,490,282
53179,194,2610,2197,413,2.73,2.62,2610,46,1414,783
53181,957,3305,2591,714,2.31,2.29,3305,131,1810,781
53182,186,3214,2395,819,2.69,2.35,3214,125,1574,821
53183,80,1073,886,187,2.97,2.07,1073,29,676,210
53184,132,1533,940,593,2.98,2.48,1533,96,588,352
53185,508,7444,6246,1198,2.59,1.99,7444,91,4331,1915
53186,562,14733,7935,6798,2.55,1.78,14733,820,5671,2264
53188,287,14053,9105,4948,2.56,2.04,14053,797,6561,2544
53189,293,10199,8326,1873,2.66,2.19,10199,238,6088,2238
53190,1066,6152,2919,3233,2.56,2.48,6152,260,1813,1106
53191,922,1441,1090,351,2.38,1.76,1441,121,599,491
53192,,49,48,1,,,49,0,48,
53195,,38,31,7,2.23,1.57,38,0,17,14
53202,2033,16138,3357,12781,1.62,1.41,16138,3390,2300,1057
53203,176,1208,158,1050,1.48,1.57,1208,155,98,60
53204,1546,13058,3365,9693,3.19,2.76,13058,2420,1982,1383
53205,627,3351,902,2449,2.73,2.32,3351,1348,448,454
53206,2566,7966,2660,5306,2.56,2.81,7966,2168,1029,1631
53207,971,16267,9624,6643,2.27,1.99,16267,1072,6606,3018
53208,2223,11778,4511,7267,2.78,2.11,11778,2689,2980,1531
53209,2434,19419,8295,11124,2.3,2.47,19419,3992,5066,3229
53210,1587,9366,3239,6127,2.59,2.78,9366,2005,2353,886
53211,1080,15003,6294,8709,2.47,1.85,15003,1748,4367,1927
53212,2422,13133,4230,8903,2.1,2.21,13133,2608,2747,1483
53213,408,12124,7185,4939,2.57,1.79,12124,901,5182,2003
53214,1173,16166,8243,7923,2.32,2.01,16166,1774,5793,2450
53215,2079,19435,8913,10522,3.31,2.81,19435,2505,5975,2938
53216,1425,12541,5496,7045,2.53,2.47,12541,2359,3669,1827
53217,629,11661,8828,2833,2.76,1.91,11661,473,5830,2998
53218,1203,14765,6304,8461,2.72,3.07,14765,2495,4161,2143
53219,1021,14668,9202,5466,2.47,1.99,14668,1129,6467,2735
53220,571,12100,7196,4904,2.38,2.02,12100,512,4259,2937
53221,775,16483,9389,7094,2.53,2.14,16483,1361,5484,3905
53222,945,10663,7088,3575,2.33,2.22,10663,734,4979,2109
53223,1146,12400,6495,5905,2.45,2.19,12400,1669,4670,1825
53224,813,7468,3620,3848,2.48,3.08,7468,971,2720,900
53225,1056,10148,3931,6217,2.68,2.57,10148,1323,2764,1167
53226,625,7895,4828,3067,2.44,1.79,7895,491,3158,1670
53227,644,10856,5058,5798,2.51,1.91,10856,1194,3309,1749
53228,383,6852,3584,3268,2.48,1.75,6852,591,2072,1512
53233,1093,4416,134,4282,2.02,1.93,4416,1666,35,99
53235,305,4759,2255,2504,2.36,1.48,4759,653,1327,928
53295,,,,0,,,,0,,
53402,866,14218,10054,4164,2.52,2.18,14218,1005,6703,3351
53403,1329,10409,5529,4880,2.56,2.36,10409,1056,3747,1782
53404,414,5231,2287,2944,2.54,2.59,5231,668,1444,843
53405,509,10942,8056,2886,2.4,2.6,10942,881,5293,2763
53406,363,11308,8150,3158,2.31,2.19,11308,627,5195,2955
53501,,104,64,40,1.64,,104,0,,64
53502,17,941,751,190,2.41,2.55,941,17,465,286
53503,46,877,692,185,2.27,2.3,877,26,475,217
53504,73,919,765,154,2.45,2.36,919,59,487,278
53505,13,171,150,21,2.35,,171,0,101,49
53506,163,440,358,82,2.27,2.45,440,8,163,195
53507,73,836,673,163,2.79,2.53,836,7,482,191
53508,69,2306,1912,394,2.56,2.26,2306,72,1324,588
53510,26,582,447,135,2.59,2.16,582,8,273,174
53511,1276,18283,11744,6539,2.63,2.48,18283,1362,7607,4137
53515,43,1061,857,204,2.6,1.78,1061,39,502,355
53516,97,965,807,158,2.43,1.74,965,30,566,241
53517,42,752,571,181,2.5,2.64,752,33,345,226
53518,115,647,562,85,2.33,2.13,647,12,231,331
53520,218,2894,2173,721,2.44,1.94,2894,54,1316,857
53521,56,1360,1150,210,2.58,2.05,1360,14,773,377
53522,49,378,300,78,2.49,2.32,378,13,167,133
53523,320,2080,1713,367,2.45,2.02,2080,46,1240,473
53525,93,1620,1249,371,2.51,2.29,1620,61,739,510
53526,32,234,195,39,2.19,3.46,234,6,123,72
53527,102,4245,3517,728,2.56,2.42,4245,64,2771,746
53528,47,2431,1863,568,2.65,2.13,2431,14,1213,650
53529,27,902,629,273,2.86,2.59,902,17,399,230
53530,103,1823,1416,407,2.44,2.78,1823,82,840,576
53531,18,1657,1329,328,2.54,2.65,1657,14,1066,263
53532,163,5968,4803,1165,2.78,2.52,5968,201,3438,1365
53533,315,3023,2118,905,2.63,1.75,3023,37,1434,684
53534,911,4877,3541,1336,2.6,2.2,4877,204,2512,1029
53536,117,3795,2941,854,2.45,1.94,3795,213,2031,910
53537,23,396,294,102,2.43,2.34,396,13,165,129
53538,713,7662,5702,1960,2.46,2.21,7662,284,3770,1932
53540,,62,34,28,1.44,3.86,62,0,20,14
53541,38,364,315,49,2.2,2.47,364,20,128,187
53543,127,715,593,122,2.44,2.2,715,68,322,271
53544,40,298,240,58,2.8,1.88,298,9,159,81
53545,388,10434,6739,3695,2.31,2.0,10434,735,4098,2641
53546,396,12197,8642,3555,2.55,2.07,12197,616,5329,3313
53548,408,8356,5756,2600,2.46,2.32,8356,493,3697,2059
53549,307,4469,3186,1283,2.23,2.05,4469,135,1933,1253
53550,22,435,366,69,2.89,2.94,435,6,232,134
53551,411,3496,2767,729,2.8,1.91,3496,103,1734,1033
53553,8,269,222,47,2.59,1.72,269,27,119,103
53554,90,364,300,64,2.55,2.81,364,44,153,147
53555,568,3833,3033,800,2.38,1.92,3833,50,2097,936
53556,150,1054,866,188,2.14,2.37,1054,21,474,392
53557,45,169,135,34,2.07,1.62,169,3,74,61
53558,146,5135,3955,1180,2.63,2.1,5135,54,2505,1450
53559,159,2399,1815,584,2.75,2.34,2399,33,1298,517
53560,59,1558,1292,266,2.35,1.92,1558,40,827,465
53561,359,795,707,88,2.43,2.92,795,7,400,307
53562,424,12609,7019,5590,2.73,1.71,12609,734,4803,2216
53563,238,4503,3623,880,2.7,2.18,4503,120,2501,1122
53565,128,1952,1444,508,2.55,1.79,1952,64,783,661
53566,254,6578,4431,2147,2.42,1.92,6578,312,2442,1989
53569,44,406,330,76,2.7,2.55,406,7,179,151
53570,53,1184,880,304,2.39,1.75,1184,36,562,318
53571,,14,14,0,4.71,,14,0,,14
53572,185,3751,2727,1024,2.77,2.69,3751,70,1806,921
53573,233,1276,1021,255,2.38,2.33,1276,70,580,441
53574,101,1484,1229,255,2.8,2.21,1484,82,850,379
53575,176,6882,5343,1539,2.57,2.26,6882,81,4037,1306
53576,84,948,711,237,2.56,2.0,948,5,476,235
53577,59,515,396,119,2.41,2.24,515,7,247,149
53578,145,2700,1947,753,2.57,1.87,2700,56,1413,534
53579,78,632,473,159,2.73,2.76,632,15,308,165
53580,33,177,130,47,2.62,2.38,177,4,66,64
53581,692,4195,2990,1205,2.51,1.97,4195,344,1717,1273
53582,61,420,363,57,2.79,2.75,420,13,258,105
53583,144,2522,2040,482,2.55,1.76,2522,110,1422,618
53584,,10,10,0,,,10,0,,10
53585,100,830,570,260,2.77,2.5,830,31,370,200
53586,76,823,649,174,2.56,2.68,823,48,318,331
53587,48,478,384,94,2.36,2.49,478,4,221,163
53588,190,1694,1368,326,2.33,1.76,1694,64,780,588
53589,412,8502,6716,1786,2.39,2.07,8502,477,4346,2370
53590,520,17249,11604,5645,2.68,2.07,17249,765,8765,2839
53593,602,10826,7890,2936,2.76,1.67,10826,227,5841,2049
53594,79,2353,1688,665,2.26,1.85,2353,128,1028,660
53597,210,7968,5842,2126,2.78,1.98,7968,312,4357,1485
53598,180,1493,926,567,2.87,1.89,1493,0,682,244
53599,8,55,42,13,1.57,2.31,55,1,8,34
53703,1348,18702,2528,16174,1.83,1.89,18702,5188,1614,914
53704,1004,21392,11906,9486,2.34,2.05,21392,1538,8368,3538
53705,561,11791,5846,5945,2.33,1.88,11791,1196,3615,2231
53706,,,,0,,,,0,,
53711,1112,20921,13057,7864,2.37,2.14,20921,864,8695,4362
53713,467,10851,3452,7399,2.32,2.01,10851,907,2291,1161
53714,120,7756,4593,3163,2.11,2.12,7756,1013,3050,1543
53715,495,5077,1102,3975,2.02,2.4,5077,1326,705,397
53716,280,8286,6139,2147,2.32,2.04,8286,288,4301,1838
53717,48,6193,3308,2885,2.31,1.92,6193,340,2021,1287
53718,142,7636,4624,3012,2.39,1.88,7636,283,3342,1282
53719,300,15036,7450,7586,2.41,1.95,15036,826,5779,1671
53726,60,2408,895,1513,2.34,2.11,2408,584,480,415
53792,,,,0,,,,0,,
53801,337,428,345,83,2.3,3.1,428,15,155,190
53802,13,30,22,8,4.95,2.75,30,0,14,8
53803,54,522,387,135,2.25,2.1,522,13,215,172
53804,64,503,418,85,2.73,2.09,503,12,217,201
53805,244,2139,1475,664,2.56,1.8,2139,166,721,754
53806,203,747,615,132,2.1,2.04,747,41,217,398
53807,102,1732,1391,341,2.58,2.21,1732,14,691,700
53808,21,377,278,99,2.74,2.14,377,6,173,105
53809,139,1670,1204,466,2.85,2.52,1670,102,662,542
53810,33,150,129,21,2.47,2.38,150,5,48,81
53811,104,1266,868,398,2.56,1.9,1266,18,466,402
53812,,130,130,0,2.72,,130,0,100,30
53813,135,2274,1604,670,2.75,2.42,2274,135,902,702
53816,71,275,230,45,3.3,3.02,275,19,148,82
53817,9,127,109,18,1.64,1.56,127,0,78,31
53818,445,5614,3035,2579,2.52,2.3,5614,493,1746,1289
53820,156,923,771,152,2.52,2.38,923,21,412,359
53821,796,3105,2056,1049,2.38,1.95,3105,302,1008,1048
53825,15,192,151,41,2.37,4.07,192,34,105,46
53826,68,578,456,122,2.64,2.22,578,19,260,196
53827,55,127,114,13,2.73,1.23,127,1,44,70
53901,565,5942,3935,2007,2.41,2.14,5942,388,2517,1418
53910,363,1474,930,544,2.25,2.49,1474,169,467,463
53911,23,528,440,88,2.71,2.64,528,4,350,90
53913,845,9376,6116,3260,2.45,1.82,9376,522,3878,2238
53916,705,10095,6473,3622,2.47,1.87,10095,542,4053,2420
53919,41,823,652,171,2.65,2.53,823,18,391,261
53920,181,216,183,33,1.91,2.7,216,0,115,68
53922,35,421,376,45,2.56,1.47,421,7,261,115
53923,47,817,626,191,2.86,2.08,817,62,314,312
53924,150,580,470,110,2.4,1.96,580,25,222,248
53925,189,3531,2553,978,2.57,2.07,3531,142,1696,857
53926,77,621,478,143,3.01,2.28,621,165,333,145
53928,3,43,40,3,2.2,3.0,43,0,28,12
53929,181,1047,866,181,2.42,2.49,1047,59,498,368
53930,74,526,437,89,2.31,2.34,526,6,303,134
53931,12,125,86,39,2.2,4.21,125,3,60,26
53932,91,911,671,240,2.76,2.54,911,36,489,182
53933,464,1295,830,465,2.35,2.03,1295,96,482,348
53934,2213,2067,1719,348,1.97,2.26,2067,145,833,886
53935,17,110,96,14,2.76,2.07,110,2,69,27
53936,500,575,520,55,2.34,1.75,575,13,273,247
53937,70,370,324,46,3.09,2.54,370,56,179,145
53939,16,126,107,19,2.79,2.11,126,5,58,49
53940,,,,0,,,,0,,
53941,710,1123,996,127,2.71,2.6,1123,56,632,364
53942,7,43,41,2,2.83,5.0,43,0,32,9
53943,42,395,308,87,3.18,3.07,395,40,188,120
53944,388,935,779,156,2.38,3.21,935,15,413,366
53946,858,1737,1412,325,2.37,2.14,1737,102,691,721
53947,41,122,86,36,3.08,2.11,122,14,47,39
53948,863,3259,2451,808,2.47,2.03,3259,132,1283,1168
53949,1318,2799,2264,535,2.29,2.0,2799,140,1288,976
53950,1105,1943,1591,352,2.24,2.15,1943,41,944,647
53951,160,930,712,218,2.76,2.12,930,36,373,339
53952,772,1260,1123,137,2.37,2.31,1260,31,679,444
53953,9,90,64,26,1.73,1.12,90,0,37,27
53954,272,2677,2267,410,2.57,2.59,2677,106,1549,718
53955,339,2342,1900,442,2.48,2.14,2342,56,1263,637
53956,121,1228,1004,224,2.56,1.98,1228,57,540,464
53959,398,5408,3859,1549,2.69,2.3,5408,275,2393,1466
53960,139,1383,1110,273,2.53,1.97,1383,35,750,360
53961,28,397,351,46,2.2,3.26,397,8,244,107
53962,,21,10,11,1.2,1.09,21,0,6,4
53963,284,5141,3543,1598,2.75,2.05,5141,259,2231,1312
53964,670,1368,986,382,2.46,2.67,1368,79,563,423
53965,1921,4727,3564,1163,2.51,1.89,4727,259,1999,1565
53968,121,864,695,169,2.78,2.63,864,46,380,315
53969,1,110,84,26,2.11,2.23,110,0,47,37
54001,1014,3187,2573,614,2.53,2.07,3187,103,1591,982
54002,58,2495,1961,534,2.78,2.1,2495,41,1284,677
54003,9,420,390,30,2.73,3.53,420,14,251,139
54004,195,931,787,144,2.47,2.33,931,11,438,349
54005,116,1154,949,205,2.77,1.89,1154,45,618,331
54006,82,333,290,43,2.6,1.88,333,9,171,119
54007,37,403,346,57,2.43,2.12,403,7,219,127
54009,142,931,788,143,2.78,3.24,931,12,554,234
54011,167,2693,2068,625,2.57,2.29,2693,65,1287,781
54013,146,1497,1184,313,2.45,1.92,1497,34,803,381
54014,53,852,752,100,2.59,2.25,852,4,483,269
54015,34,1489,1149,340,2.78,2.33,1489,25,966,183
54016,548,12833,10477,2356,2.67,2.12,12833,253,7947,2530
54017,383,7209,5279,1930,2.9,2.01,7209,379,4123,1156
54020,245,3111,2337,774,2.61,1.97,3111,114,1558,779
54021,106,2847,2186,661,2.69,1.91,2847,34,1457,729
54022,293,8370,5684,2686,2.65,2.21,8370,437,4030,1654
54023,34,1696,1399,297,2.89,2.21,1696,45,991,408
54024,587,2065,1608,457,2.37,1.82,2065,61,1022,586
54025,196,2739,2212,527,2.61,2.52,2739,66,1596,616
54026,161,906,744,162,2.27,1.7,906,47,510,234
54027,22,421,393,28,2.35,3.11,421,10,261,132
54028,41,1013,699,314,2.67,2.1,1013,24,457,242
54082,59,565,565,0,2.6,,565,0,459,106
54101,100,1116,1043,73,2.66,2.45,1116,17,699,344
54102,873,421,370,51,1.8,1.43,421,17,197,173
54103,365,215,196,19,2.17,2.74,215,10,88,108
54104,1634,570,542,28,1.92,1.5,570,6,175,367
54106,36,2160,1920,240,2.52,2.15,2160,20,1081,839
54107,161,1356,1097,259,2.79,1.95,1356,63,679,418
54110,92,2157,1772,385,2.88,1.71,2157,96,1194,578
54111,228,1007,863,144,2.26,1.79,1007,22,479,384
54112,190,1145,829,316,2.66,1.79,1145,16,373,456
54113,15,1401,1192,209,2.61,2.38,1401,52,726,466
54114,3352,2675,2155,520,2.23,1.82,2675,134,1160,995
54115,803,18998,12589,6409,2.63,2.03,18998,502,8505,4084
54119,593,248,190,58,2.54,3.57,248,4,92,98
54120,402,121,112,9,2.04,1.22,121,1,48,64
54121,1715,1490,1324,166,2.18,1.58,1490,63,659,665
54123,,78,57,21,2.65,1.52,78,0,11,46
54124,398,1423,1172,251,2.45,1.75,1423,94,641,531
54125,273,231,188,43,2.19,2.21,231,13,65,123
54126,51,1541,1357,184,2.68,2.97,1541,29,900,457
54127,,31,21,10,2.19,2.6,31,0,14,7
54128,267,765,570,195,3.08,1.78,765,27,313,257
54129,133,1457,1264,193,2.31,2.3,1457,26,773,491
54130,334,10828,8271,2557,2.68,1.96,10828,604,5234,3037
54135,781,840,552,288,3.14,4.18,840,55,220,332
54136,138,2885,1785,1100,2.79,1.72,2885,374,1014,771
54137,19,466,439,27,2.37,2.26,466,11,267,172
54138,920,412,365,47,2.06,2.55,412,3,159,206
54139,120,1245,1033,212,2.61,2.28,1245,20,494,539
54140,229,3732,2334,1398,2.45,1.97,3732,98,1318,1016
54141,169,1058,1049,9,2.46,2.0,1058,36,730,319
54143,733,6640,4835,1805,2.3,1.97,6640,408,2807,2028
54149,1338,590,562,28,2.0,2.57,590,9,279,283
54150,33,316,210,106,3.14,4.5,316,31,35,175
54151,447,1419,1196,223,2.36,2.51,1419,26,553,643
54152,5,96,34,62,2.38,2.63,96,0,23,11
54153,369,3090,2310,780,2.24,2.17,3090,142,1303,1007
54154,141,2375,1670,705,2.52,1.98,2375,146,841,829
54155,294,2796,1796,1000,3.05,2.36,2796,41,1115,681
54156,1133,686,591,95,2.16,1.85,686,25,245,346
54157,301,2481,1848,633,2.37,2.19,2481,54,1090,758
54159,266,568,532,36,2.37,2.33,568,5,274,258
54160,,107,84,23,2.29,1.74,107,0,43,41
54161,1026,1184,1050,134,2.21,2.44,1184,13,491,559
54162,60,3410,2647,763,3.04,1.85,3410,78,1795,852
54165,99,3007,2147,860,2.91,2.0,3007,75,1294,853
54166,1776,7006,4922,2084,2.49,1.94,7006,493,3121,1801
54169,43,1176,1137,39,2.68,3.33,1176,7,804,333
54170,111,1505,1302,203,2.53,2.23,1505,19,695,607
54171,20,1399,1325,74,2.74,2.99,1399,6,916,409
54173,36,1408,1197,211,2.73,2.16,1408,12,756,441
54174,1007,1408,1216,192,2.13,2.41,1408,41,566,650
54175,1236,600,578,22,1.95,1.77,600,4,182,396
54177,1567,1285,1073,212,2.11,2.0,1285,62,567,506
54180,9,1191,936,255,2.53,3.25,1191,80,776,160
54201,482,2152,1755,397,2.56,2.05,2152,171,995,760
54202,1042,844,691,153,1.9,1.75,844,28,402,289
54204,302,773,683,90,2.41,2.19,773,14,310,373
54205,54,780,731,49,2.74,2.12,780,8,470,261
54207,,83,58,25,2.41,1.56,83,0,22,36
54208,102,2270,1918,352,2.77,2.41,2270,19,1217,701
54209,1325,718,627,91,1.94,2.56,718,11,311,316
54210,758,361,314,47,1.98,1.13,361,10,170,144
54211,466,154,135,19,1.74,1.53,154,22,56,79
54212,983,368,334,34,2.23,1.47,368,3,150,184
54213,62,578,514,64,2.59,2.11,578,9,326,188
54214,5,286,235,51,1.73,1.16,286,12,67,168
54215,16,111,81,30,2.0,2.07,111,3,35,46
54216,393,2584,2104,480,2.34,2.03,2584,130,1259,845
54217,342,2824,2329,495,2.8,2.32,2824,91,1468,861
54220,1552,17278,11933,5345,2.44,1.92,17278,1461,6392,5541
54227,47,683,634,49,2.39,1.53,683,19,338,296
54228,97,1194,978,216,2.37,2.68,1194,29,532,446
54229,73,2099,1580,519,2.71,1.65,2099,24,1009,571
54230,70,1647,1484,163,2.7,1.87,1647,72,859,625
54232,30,497,430,67,1.67,2.22,497,11,170,260
54234,1216,1062,757,305,2.08,1.68,1062,41,417,340
54235,3402,8073,6412,1661,2.26,1.96,8073,361,3219,3193
54241,503,6503,5002,1501,2.23,1.91,6503,295,2802,2200
54245,135,867,728,139,2.39,1.65,867,25,421,307
54246,524,451,398,53,1.85,2.08,451,7,146,252
54247,63,981,829,152,2.32,2.45,981,3,428,401
54301,579,9660,6226,3434,2.33,1.92,9660,660,3971,2255
54302,528,12854,6197,6657,2.79,2.09,12854,937,3646,2551
54303,801,12195,5925,6270,2.31,2.16,12195,1175,4131,1794
54304,633,12486,7295,5191,2.37,2.02,12486,645,4605,2690
54307,,,,0,,,,0,,
54311,389,14438,9546,4892,2.6,2.04,14438,727,6231,3315
54313,231,15137,12585,2552,2.76,1.94,15137,403,8411,4174
54401,858,13204,8584,4620,2.58,1.92,13204,631,5124,3460
54403,786,10433,6994,3439,2.45,2.01,10433,1016,4244,2750
54405,50,994,694,300,2.65,3.02,994,68,351,343
54406,81,1632,1419,213,2.5,1.61,1632,46,921,498
54407,97,532,474,58,2.4,2.21,532,5,278,196
54408,93,480,413,67,2.63,1.73,480,6,230,183
54409,841,5594,4034,1560,2.43,1.93,5594,404,2284,1750
54410,116,826,759,67,2.87,2.93,826,66,504,255
54411,198,1902,1684,218,2.71,2.29,1902,47,812,872
54412,90,817,706,111,2.52,2.12,817,11,330,376
54413,66,91,84,7,2.18,1.29,91,2,37,47
54414,237,1277,1055,222,2.67,2.05,1277,48,644,411
54416,191,651,521,130,2.42,2.28,651,50,249,272
54417,,8,8,0,2.13,,8,0,4,4
54418,110,346,322,24,2.98,1.83,346,3,178,144
54420,46,454,365,89,3.05,2.9,454,54,229,136
54421,94,1237,924,313,3.0,3.01,1237,76,510,414
54422,56,441,301,140,3.2,3.39,441,111,152,149
54423,77,789,745,44,2.81,2.11,789,5,491,254
54424,564,646,616,30,2.38,2.9,646,7,319,297
54425,46,723,550,173,2.69,2.36,723,27,310,240
54426,75,1672,1425,247,2.62,1.91,1672,40,815,610
54427,72,461,402,59,2.37,2.56,461,12,246,156
54428,749,455,378,77,2.18,1.83,455,15,155,223
54430,46,54,49,5,2.02,5.4,54,3,27,22
54433,194,656,553,103,2.86,2.26,656,31,311,242
54435,751,838,752,86,2.31,3.03,838,12,353,399
54436,174,775,618,157,2.95,2.28,775,128,351,267
54437,166,1145,888,257,2.77,2.15,1145,83,432,456
54440,150,1088,973,115,2.51,2.46,1088,16,509,464
54441,,355,327,28,2.63,1.39,355,2,179,148
54442,184,527,453,74,2.57,1.95,527,1,268,185
54443,185,849,734,115,2.44,2.47,849,19,347,387
54446,52,1118,907,211,2.98,2.92,1118,72,489,418
54447,77,201,160,41,2.32,2.41,201,15,73,87
54448,70,1684,1477,207,2.64,1.93,1684,35,779,698
54449,787,11462,8026,3436,2.42,1.8,11462,677,4398,3628
54450,46,156,139,17,2.63,3.18,156,5,56,83
54451,709,4346,3301,1045,2.66,1.96,4346,280,1951,1350
54452,959,8030,6131,1899,2.45,1.9,8030,405,3686,2445
54454,23,525,471,54,2.58,2.48,525,14,256,215
54455,323,7633,6059,1574,2.66,1.92,7633,178,3872,2187
54456,607,2455,1945,510,2.39,1.85,2455,152,1047,898
54457,1997,3752,3277,475,2.12,2.43,3752,115,1689,1588
54458,4,52,36,16,2.33,1.94,52,0,26,10
54459,400,561,526,35,2.31,1.71,561,43,282,244
54460,118,912,746,166,2.83,2.8,912,82,408,338
54462,239,163,145,18,2.36,2.06,163,2,37,108
54463,727,373,268,105,2.07,1.19,373,5,132,136
54464,12,25,18,7,2.0,7.43,25,0,7,11
54465,792,322,313,9,1.97,1.22,322,2,104,209
54466,357,1120,953,167,2.49,1.87,1120,64,553,400
54467,111,6072,3728,2344,2.63,2.0,6072,183,2460,1268
54469,27,730,578,152,2.44,2.84,730,9,356,222
54470,290,814,672,142,2.54,2.32,814,43,377,295
54471,11,621,596,25,2.74,3.68,621,1,391,205
54473,263,1012,872,140,2.65,2.11,1012,26,506,366
54474,64,1928,1280,648,2.35,2.22,1928,122,815,465
54475,63,580,551,29,2.49,1.62,580,2,289,262
54476,261,7948,4832,3116,2.64,2.1,7948,371,3238,1594
54479,65,1375,1120,255,2.69,2.27,1375,50,692,428
54480,37,526,436,90,2.62,2.99,526,21,165,271
54481,740,11491,6717,4774,2.38,1.89,11491,829,3840,2877
54482,143,4049,3338,711,2.54,1.39,4049,298,2026,1312
54484,77,2437,2090,347,2.36,1.94,2437,61,1186,904
54485,262,154,153,1,2.01,6.0,154,2,45,108
54486,221,915,787,128,2.2,2.9,915,28,363,424
54487,3136,4191,3567,624,2.34,2.27,4191,213,2025,1542
54488,21,459,363,96,2.52,2.0,459,5,224,139
54489,40,638,530,108,2.38,2.22,638,23,244,286
54490,330,374,335,39,2.49,3.08,374,5,187,148
54491,850,724,549,175,2.1,1.8,724,23,249,300
54493,330,277,255,22,2.16,2.91,277,14,115,140
54494,1152,11688,8785,2903,2.36,2.13,11688,471,4937,3848
54495,195,3396,1871,1525,2.48,2.06,3396,139,929,942
54498,152,831,643,188,3.04,2.6,831,105,335,308
54499,103,1161,885,276,2.39,1.97,1161,34,469,416
54501,3988,8551,7083,1468,2.44,2.4,8551,305,4086,2997
54511,956,577,513,64,2.67,2.09,577,18,282,231
54512,759,583,512,71,2.33,2.85,583,0,225,287
54513,195,248,232,16,1.74,1.69,248,9,72,160
54514,694,945,803,142,2.23,1.77,945,57,418,385
54515,149,264,234,30,2.22,1.3,264,2,97,137
54517,218,89,89,0,2.09,,89,2,20,69
54519,1038,559,492,67,2.24,1.42,559,15,310,182
54520,1368,1497,1095,402,2.41,2.57,1497,86,566,529
54521,3736,3787,3151,636,2.14,2.27,3787,159,1644,1507
54524,219,333,227,106,2.07,2.05,333,3,78,149
54525,23,114,80,34,2.21,2.56,114,10,52,28
54526,166,310,281,29,2.4,1.59,310,11,118,163
54527,503,410,351,59,2.11,1.68,410,10,178,173
54529,766,440,412,28,2.69,1.93,440,7,199,213
54530,249,344,309,35,2.08,1.97,344,10,137,172
54531,984,546,514,32,2.32,3.09,546,14,264,250
54534,541,1163,892,271,2.18,2.0,1163,98,415,477
54536,84,88,77,11,2.01,1.55,88,4,18,59
54537,167,229,206,23,2.71,1.48,229,15,110,96
54538,1536,1376,925,451,2.01,2.28,1376,71,271,654
54539,1200,544,507,37,2.16,1.62,544,8,263,244
54540,1108,414,357,57,2.1,1.6,414,12,176,181
54541,305,502,391,111,2.64,2.75,502,22,230,161
54542,892,229,211,18,2.42,1.83,229,3,69,142
54545,913,483,379,104,1.9,1.72,483,9,184,195
54546,307,501,413,88,2.27,1.69,501,26,201,212
54547,1236,639,549,90,2.07,2.33,639,5,292,257
54548,2662,2472,1919,553,2.35,1.69,2472,188,1054,865
54550,172,260,246,14,2.26,2.14,260,4,132,114
54552,1379,2137,1585,552,2.03,1.71,2137,172,729,856
54554,818,500,428,72,2.05,1.92,500,21,230,198
54555,1452,2164,1688,476,2.17,2.14,2164,88,822,866
54556,321,542,432,110,2.13,2.24,542,35,209,223
54557,1668,465,444,21,2.12,2.71,465,26,221,223
54558,1390,1108,891,217,1.97,1.74,1108,55,565,326
54559,132,378,280,98,2.3,2.81,378,20,119,161
54560,475,319,286,33,1.97,2.21,319,0,201,85
54561,171,32,32,0,2.22,,32,0,14,18
54562,2027,812,715,97,2.19,1.97,812,28,328,387
54563,113,316,285,31,2.59,2.35,316,10,146,139
54564,724,181,158,23,2.13,1.3,181,4,53,105
54565,109,25,20,5,1.85,2.2,25,0,8,12
54566,776,640,517,123,2.29,1.62,640,22,209,308
54568,1681,2062,1681,381,2.5,1.79,2062,80,909,772
54601,1389,20886,11446,9440,2.32,2.13,20886,1706,6855,4591
54603,426,6672,3311,3361,2.47,1.78,6672,644,1955,1356
54610,198,687,526,161,2.29,2.04,687,34,238,288
54611,88,461,358,103,2.85,2.61,461,3,207,151
54612,96,2105,1399,706,2.68,2.71,2105,110,786,613
54613,1413,855,730,125,2.15,2.26,855,17,369,361
54614,70,1014,798,216,2.59,1.7,1014,28,453,345
54615,620,4234,2940,1294,2.39,2.18,4234,194,1647,1293
54616,200,971,725,246,2.73,1.87,971,70,481,244
54618,269,828,649,179,2.9,1.88,828,15,363,286
54619,177,1288,1110,178,2.91,2.67,1288,164,522,588
54621,19,471,358,113,2.95,3.0,471,41,246,112
54622,230,857,764,93,2.31,2.15,857,19,419,345
54623,73,831,702,129,2.53,2.19,831,28,380,322
54624,364,691,622,69,2.16,2.17,691,27,234,388
54625,14,220,195,25,1.31,2.0,220,17,60,135
54626,320,601,494,107,2.54,1.91,601,15,247,247
54627,82,855,732,123,2.43,1.87,855,22,389,343
54628,331,424,394,30,2.29,1.77,424,11,179,215
54629,164,1081,893,188,2.43,2.34,1081,14,449,444
54630,67,1630,1290,340,2.62,2.04,1630,50,915,375
54631,242,683,539,144,2.55,2.46,683,59,225,314
54632,90,450,415,35,2.58,2.29,450,7,228,187
54634,301,1515,1215,300,2.97,2.0,1515,184,569,646
54635,237,650,551,99,2.57,2.78,650,21,351,200
54636,176,6061,4663,1398,2.95,1.87,6061,157,3202,1461
54637,12,87,53,34,2.15,1.82,87,0,37,16
54638,98,593,501,92,2.49,2.58,593,40,249,252
54639,258,1023,790,233,2.47,2.03,1023,100,402,388
54642,107,789,666,123,2.91,2.65,789,34,397,269
54643,,,,0,,,,0,,
54644,59,496,419,77,2.84,2.14,496,9,268,151
54645,9,47,25,22,1.32,1.64,47,8,9,16
54646,1117,1631,1341,290,2.3,3.55,1631,76,747,594
54648,77,528,417,111,3.23,2.86,528,37,254,163
54650,243,10663,7226,3437,2.42,1.96,10663,558,4367,2859
54651,126,450,355,95,2.75,3.32,450,75,167,188
54652,80,378,309,69,2.99,3.19,378,62,160,149
54653,36,445,350,95,2.57,2.46,445,5,211,139
54654,6,59,58,1,2.38,2.0,59,2,22,36
54655,209,641,497,144,2.98,1.88,641,55,241,256
54656,564,6863,5001,1862,2.63,2.34,6863,474,3032,1969
54657,74,128,93,35,2.73,2.77,128,0,56,37
54658,66,1040,825,215,2.58,2.25,1040,50,519,306
54659,64,498,398,100,2.83,2.44,498,46,226,172
54660,686,6767,4379,2388,2.49,2.05,6767,441,2479,1900
54661,178,1531,1167,364,2.63,1.97,1531,48,722,445
54664,233,606,496,110,2.77,2.8,606,42,257,239
54665,435,3488,2490,998,2.51,2.05,3488,303,1456,1034
54666,390,1081,874,207,2.51,2.62,1081,39,543,331
54667,190,1845,1531,314,2.83,2.09,1845,106,849,682
54669,219,3083,2454,629,2.71,2.27,3083,86,1516,938
54670,79,502,437,65,3.57,3.88,502,73,242,195
54701,766,16576,9840,6736,2.51,2.04,16576,1035,6425,3415
54703,1053,17729,11360,6369,2.44,2.38,17729,820,7451,3909
54720,250,3549,2103,1446,2.45,2.32,3549,238,1349,754
54721,48,520,421,99,2.52,4.19,520,7,210,211
54722,376,1489,1181,308,2.83,2.03,1489,189,723,458
54723,37,438,348,90,2.5,1.62,438,8,213,135
54724,350,2807,2161,646,2.74,2.3,2807,62,1321,840
54725,105,1328,1111,217,2.32,2.14,1328,44,726,385
54726,78,694,543,151,2.67,2.42,694,18,323,220
54727,161,1903,1501,402,2.53,1.95,1903,61,791,710
54728,1043,2483,2123,360,2.34,2.53,2483,89,1208,915
54729,673,14209,9649,4560,2.49,2.0,14209,743,5648,4001
54730,245,1992,1544,448,2.86,1.75,1992,26,987,557
54731,74,313,267,46,2.36,1.87,313,4,124,143
54732,186,1168,959,209,2.58,2.44,1168,41,591,368
54733,44,483,413,70,2.6,3.13,483,5,210,203
54734,31,287,246,41,2.27,3.02,287,8,148,98
54736,146,1790,1400,390,2.33,2.32,1790,51,696,704
54737,17,216,177,39,3.02,2.26,216,4,102,75
54738,115,1259,995,264,2.77,2.99,1259,50,606,389
54739,125,1920,1421,499,2.77,2.85,1920,29,973,448
54740,83,800,630,170,2.46,2.17,800,21,413,217
54741,202,650,538,112,2.96,2.3,650,85,317,221
54742,69,1813,1604,209,2.85,2.65,1813,54,884,720
54745,734,907,786,121,2.4,2.61,907,23,335,451
54746,75,291,236,55,2.41,2.13,291,6,122,114
54747,139,1036,690,346,2.36,2.29,1036,31,317,373
54748,11,560,469,91,2.42,1.35,560,17,250,219
54749,45,577,415,162,2.85,2.11,577,52,209,206
54750,56,409,355,54,2.54,2.57,409,5,193,162
54751,651,9764,5368,4396,2.48,2.08,9764,693,3334,2034
54754,398,656,521,135,2.4,3.27,656,12,273,248
54755,307,2912,2204,708,2.64,1.79,2912,231,1432,772
54756,85,413,321,92,2.39,2.0,413,19,156,165
54757,710,1430,1265,165,2.48,2.45,1430,58,739,526
54758,169,1947,1565,382,2.49,2.25,1947,51,947,618
54759,230,605,499,106,2.39,1.38,605,17,293,206
54760,,85,46,39,2.33,1.15,85,16,41,5
54761,52,463,319,144,2.61,2.53,463,10,168,151
54762,84,525,438,87,2.38,2.63,525,25,215,223
54763,40,478,384,94,2.33,2.45,478,20,211,173
54766,155,725,624,101,2.6,2.43,725,43,241,383
54767,89,1387,1188,199,2.45,2.15,1387,38,797,391
54768,180,1776,1259,517,2.95,2.16,1776,189,768,491
54769,118,271,253,18,2.08,3.22,271,13,136,117
54770,39,790,641,149,2.66,2.4,790,41,404,237
54771,117,1514,1199,315,2.98,2.45,1514,145,648,551
54772,58,416,323,93,2.49,2.59,416,17,198,125
54773,142,1329,978,351,2.77,1.85,1329,106,590,388
54801,2038,2809,2094,715,2.2,2.22,2809,116,1093,1001
54805,149,656,492,164,2.67,1.71,656,46,277,215
54806,792,4713,3266,1447,2.36,2.15,4713,267,1663,1603
54810,1113,1054,887,167,2.45,2.43,1054,23,477,410
54812,209,2177,1448,729,2.72,2.54,2177,70,784,664
54813,154,234,210,24,2.75,1.92,234,0,116,94
54814,656,1298,948,350,2.02,2.87,1298,86,393,555
54817,1443,934,818,116,2.19,2.36,934,36,435,383
54819,408,1039,829,210,2.42,1.92,1039,23,425,404
54820,158,383,322,61,1.96,1.98,383,13,185,137
54821,1081,680,591,89,2.03,1.81,680,20,339,252
54822,347,1896,1439,457,2.63,2.01,1896,46,939,500
54824,160,999,776,223,2.31,2.37,999,29,461,315
54826,412,291,268,23,2.42,1.78,291,3,107,161
54827,273,177,175,2,1.88,2.0,177,0,86,89
54828,320,340,281,59,2.07,3.24,340,17,138,143
54829,948,2255,1785,470,2.4,2.63,2255,98,879,906
54830,3340,1571,1413,158,1.99,2.0,1571,38,701,712
54832,295,165,126,39,2.29,2.1,165,5,66,60
54835,303,454,364,90,2.2,1.68,454,13,170,194
54836,105,382,380,2,2.69,5.5,382,11,254,126
54837,496,1550,1267,283,2.44,1.88,1550,76,788,479
54838,1219,500,459,41,2.06,3.07,500,11,181,278
54839,62,129,117,12,2.29,3.0,129,2,48,69
54840,1004,1815,1474,341,2.53,2.49,1815,31,781,693
54841,17,133,106,27,2.17,1.56,133,6,56,50
54842,19,58,55,3,3.33,2.33,58,0,34,21
54843,4310,5495,4123,1372,2.27,2.21,5495,214,2298,1825
54844,384,117,106,11,1.98,2.45,117,1,44,62
54845,19,40,40,0,3.05,,40,0,25,15
54846,61,254,239,15,2.2,5.13,254,14,122,117
54847,897,1162,912,250,2.04,1.99,1162,26,505,407
54848,538,2543,1820,723,2.44,1.83,2543,133,1056,764
54849,379,811,727,84,2.2,1.31,811,10,439,288
54850,614,151,135,16,2.02,1.69,151,6,86,49
54853,975,1596,1278,318,2.41,2.12,1596,44,755,523
54854,87,355,339,16,2.63,4.5,355,3,206,133
54855,82,291,257,34,3.62,2.21,291,3,169,88
54856,348,670,611,59,2.43,2.54,670,13,308,303
54857,,7,7,0,2.14,,7,0,7,
54858,327,723,536,187,2.22,2.27,723,47,290,246
54859,1359,1010,841,169,2.0,2.31,1010,28,414,427
54861,3,70,8,62,2.88,3.68,70,22,1,7
54862,142,149,149,0,1.94,,149,1,87,62
54864,67,554,519,35,2.68,1.89,554,4,303,216
54865,263,275,237,38,1.95,1.53,275,3,138,99
54867,149,211,162,49,3.07,1.65,211,9,77,85
54868,948,6603,4548,2055,2.48,2.06,6603,615,2235,2313
54870,816,756,707,49,2.32,1.78,756,17,419,288
54871,654,1193,970,223,2.78,2.04,1193,74,530,440
54872,979,1201,928,273,2.44,2.01,1201,95,508,420
54873,1502,1417,1229,188,2.28,2.65,1417,27,616,613
54874,189,1547,1359,188,2.52,2.71,1547,32,824,535
54875,279,548,467,81,2.29,2.64,548,6,229,238
54876,1312,760,590,170,2.53,2.36,760,29,303,287
54880,1089,13163,8014,5149,2.43,1.9,13163,1282,4735,3279
54888,742,563,497,66,2.38,1.7,563,23,246,251
54889,526,1234,890,344,2.43,1.92,1234,55,545,345
54891,260,1477,1150,327,2.32,1.67,1477,92,653,497
54893,2021,1736,1408,328,2.24,2.19,1736,38,742,666
54895,338,378,330,48,2.32,2.04,378,15,181,149
54896,1367,732,645,87,1.79,1.62,732,26,336,309
54901,1436,13583,7159,6424,2.37,2.2,13583,1099,4688,2471
54902,686,9800,6063,3737,2.34,1.92,9800,628,3801,2262
54904,291,9683,7518,2165,2.45,1.9,9683,462,4167,3351
54909,200,804,676,128,2.52,2.06,804,12,376,300
54911,570,10268,5937,4331,2.56,1.91,10268,768,3680,2257
54913,250,9229,6524,2705,2.85,1.78,9229,101,4088,2436
54914,579,13661,8749,4912,2.39,2.05,13661,897,5812,2937
54915,534,17087,12264,4823,2.63,2.2,17087,720,8702,3562
54921,46,552,487,65,2.45,2.88,552,7,286,201
54922,48,486,423,63,2.53,2.11,486,10,232,191
54923,451,3641,2754,887,2.47,2.23,3641,189,1624,1130
54926,20,71,67,4,1.85,2.0,71,6,17,50
54927,,159,126,33,2.32,2.03,159,0,55,71
54928,17,168,153,15,3.03,3.33,168,5,78,75
54929,574,3938,3078,860,2.31,2.02,3938,183,1849,1229
54930,356,685,571,114,2.83,1.98,685,67,378,193
54931,16,154,129,25,2.95,1.44,154,0,9,120
54932,4,441,423,18,2.68,9.0,441,8,222,201
54933,9,134,67,67,2.34,2.43,134,9,34,33
54935,1579,17641,10609,7032,2.48,2.09,17641,1518,6622,3987
54937,660,8396,6519,1877,2.57,1.92,8396,411,3531,2988
54940,313,1860,1655,205,2.5,2.56,1860,18,989,666
54941,671,1165,927,238,2.0,1.95,1165,69,469,458
54942,27,3947,3594,353,2.81,1.76,3947,0,2428,1166
54943,676,839,700,139,2.51,2.59,839,53,368,332
54944,104,3369,2990,379,2.76,1.88,3369,34,1923,1067
54945,412,1536,1190,346,2.32,1.81,1536,62,750,440
54946,,,,0,,,,0,,
54947,134,989,892,97,2.26,2.29,989,12,569,323
54948,24,88,76,12,2.17,1.75,88,4,53,23
54949,222,1530,1196,334,2.39,1.67,1530,28,729,467
54950,260,1047,851,196,2.47,1.76,1047,62,457,394
54952,464,11961,7845,4116,2.44,1.92,11961,673,4936,2909
54956,589,19100,13146,5954,2.59,1.99,19100,695,9079,4067
54960,958,1148,1000,148,2.1,2.44,1148,27,481,519
54961,417,5677,4176,1501,2.56,2.21,5677,239,2387,1789
54962,123,426,377,49,2.5,2.84,426,6,216,161
54963,236,2996,2399,597,2.47,2.33,2996,55,1516,883
54964,5,354,316,38,2.72,2.37,354,5,166,150
54965,94,579,545,34,2.24,2.18,579,15,302,243
54966,227,779,642,137,2.67,2.48,779,18,356,286
54967,27,202,159,43,2.22,2.37,202,5,58,101
54968,457,1235,963,272,2.28,2.26,1235,42,566,397
54970,432,1318,1039,279,2.31,1.89,1318,139,545,494
54971,424,4436,2969,1467,2.35,1.9,4436,252,1819,1150
54974,13,616,561,55,2.79,1.96,616,24,391,170
54977,126,614,553,61,2.31,2.21,614,9,355,198
54978,,28,26,2,3.08,3.0,28,2,14,12
54979,35,642,579,63,2.38,1.33,642,8,392,187
54980,,151,142,9,1.46,2.89,151,0,33,109
54981,1426,6885,4984,1901,2.21,1.81,6885,279,2936,2048
54982,1357,2963,2386,577,2.34,2.1,2963,173,1378,1008
54983,258,1767,1380,387,2.41,2.51,1767,109,840,540
54984,1346,1365,972,393,2.45,1.9,1365,37,556,416
54985,,,,0,,,,0,,
54986,410,2252,1827,425,2.58,1.95,2252,50,1091,736
55001,67,1179,1132,47,2.46,3.47,1179,4,647,485
55003,16,1014,794,220,2.42,1.94,1014,87,566,228
55005,68,1580,1446,134,2.76,3.63,1580,42,1097,349
55006,158,1376,1090,286,2.69,2.13,1376,101,659,431
55007,317,954,878,76,2.39,2.62,954,11,505,373
55008,392,6147,4848,1299,2.66,1.69,6147,385,3364,1484
55009,164,3277,2650,627,2.63,1.59,3277,161,1721,929
55011,121,3817,3757,60,2.84,2.92,3817,38,2605,1152
55012,95,683,607,76,2.44,1.97,683,4,335,272
55013,380,2644,2009,635,2.74,1.77,2644,232,1344,665
55014,248,10394,9025,1369,2.71,2.3,10394,438,6074,2951
55016,351,12719,11196,1523,3.06,2.53,12719,347,8252,2944
55017,13,300,272,28,2.71,3.46,300,0,150,122
55018,40,381,346,35,2.53,1.74,381,3,211,135
55019,53,751,721,30,2.83,1.93,751,10,552,169
55020,54,1373,1360,13,3.13,5.31,1373,6,1200,160
55021,924,11406,8143,3263,2.5,2.44,11406,683,5023,3120
55024,193,12212,10822,1390,3.01,2.75,12212,159,8520,2302
55025,438,9845,7484,2361,2.67,2.25,9845,348,5243,2241
55026,44,160,146,14,3.23,1.71,160,5,67,79
55027,65,981,830,151,3.01,2.42,981,17,509,321
55029,,26,23,3,4.04,2.67,26,0,19,4
55030,148,486,419,67,2.71,3.13,486,12,224,195
55031,57,651,577,74,2.71,2.51,651,7,375,202
55032,177,1283,1197,86,2.72,1.99,1283,9,912,285
55033,414,11427,8925,2502,2.64,2.09,11427,439,6029,2896
55036,13,23,20,3,1.55,4.67,23,6,8,12
55037,1354,1890,1479,411,2.78,2.2,1890,106,828,651
55038,250,8520,7633,887,2.75,2.42,8520,147,5713,1920
55040,267,5107,4389,718,2.83,2.29,5107,79,3207,1182
55041,498,3301,2597,704,2.25,2.21,3301,134,1365,1232
55042,182,4138,3910,228,2.91,2.31,4138,126,2531,1379
55043,120,1532,1349,183,2.41,1.7,1532,21,848,501
55044,601,20177,17743,2434,2.97,2.6,20177,748,13529,4214
55045,189,2844,2573,271,2.77,2.32,2844,94,1996,577
55046,131,2042,1752,290,3.11,2.08,2042,19,1255,497
55047,174,956,896,60,2.4,2.4,956,19,464,432
55049,55,918,795,123,2.9,2.5,918,39,502,293
55051,686,3795,3045,750,2.57,1.89,3795,234,1869,1176
55052,138,745,655,90,2.43,2.6,745,9,361,294
55053,9,343,313,30,2.91,2.93,343,5,208,105
55054,87,795,673,122,3.18,2.49,795,0,570,103
55055,37,1706,1202,504,2.55,1.73,1706,144,807,395
55056,205,5229,4565,664,2.76,1.9,5229,218,3223,1342
55057,572,7818,5676,2142,2.64,2.01,7818,318,3599,2077
55060,479,12016,8988,3028,2.59,1.96,12016,970,5723,3265
55063,1084,3799,3046,753,2.6,1.74,3799,287,1862,1184
55065,16,470,413,57,2.79,2.37,470,6,313,100
55066,267,8107,5941,2166,2.5,1.63,8107,792,3657,2284
55068,259,11078,9633,1445,2.85,2.67,11078,183,7207,2426
55069,265,1918,1494,424,2.68,1.48,1918,95,1016,478
55070,62,2787,2429,358,3.0,2.5,2787,127,1965,464
55071,118,2298,1681,617,2.69,1.96,2298,7,1090,591
55072,1044,1341,1027,314,2.29,2.99,1341,65,624,403
55073,30,1309,1136,173,3.1,1.55,1309,84,801,335
55074,26,851,779,72,2.61,2.81,851,5,593,186
55075,139,8326,5804,2522,2.61,2.11,8326,531,4039,1765
55076,373,9258,7288,1970,2.39,2.28,9258,489,4835,2453
55077,145,5283,3307,1976,2.77,2.23,5283,157,2337,970
55079,138,3239,3076,163,2.7,3.18,3239,22,2184,892
55080,161,1104,1006,98,2.89,2.23,1104,15,695,311
55082,1117,13914,10832,3082,2.69,2.0,13914,706,7575,3257
55084,162,686,565,121,2.88,1.74,686,39,367,198
55085,,170,154,16,2.65,2.38,170,0,89,65
55087,43,166,158,8,2.65,4.38,166,0,60,98
55088,49,604,577,27,2.95,2.52,604,0,375,202
55089,58,611,552,59,2.65,2.25,611,28,297,255
55090,20,162,142,20,2.29,2.95,162,7,88,54
55092,52,4178,3871,307,2.73,1.95,4178,112,2652,1219
55101,624,4662,1165,3497,1.49,1.53,4662,1015,854,311
55102,966,10142,4537,5605,2.02,1.61,10142,1324,3012,1525
55103,368,5246,2120,3126,2.96,2.47,5246,1485,1397,723
55104,1595,18023,9410,8613,2.66,2.06,18023,2446,6833,2577
55105,704,11104,7437,3667,2.47,1.82,11104,405,5130,2307
55106,937,18707,10402,8305,3.32,2.93,18707,2650,7563,2839
55107,399,5395,2893,2502,2.71,2.55,5395,719,2099,794
55108,142,6585,3601,2984,2.32,1.89,6585,501,2424,1177
55109,471,12628,8222,4406,2.91,2.29,12628,1365,5292,2930
55110,723,15822,12188,3634,2.52,2.17,15822,520,7663,4525
55111,10,95,,95,,,95,31,,
55112,518,17360,11703,5657,2.66,2.28,17360,831,6964,4739
55113,967,18225,12211,6014,2.38,1.88,18225,1458,7057,5154
55114,363,1751,478,1273,2.04,1.6,1751,360,335,143
55115,83,3237,2698,539,2.89,1.93,3237,173,1955,743
55116,571,12167,5948,6219,2.46,1.81,12167,1806,4061,1887
55117,871,16654,9697,6957,2.79,2.79,16654,1979,6283,3414
55118,657,12466,8315,4151,2.56,1.72,12466,1416,5595,2720
55119,396,15958,10107,5851,2.82,2.64,15958,1298,6732,3375
55120,12,2058,1385,673,2.66,2.21,2058,21,1011,374
55121,176,3761,1778,1983,2.24,2.25,3761,147,1133,645
55122,367,13628,9629,3999,2.42,2.16,13628,532,6913,2716
55123,120,10191,8247,1944,2.77,2.37,10191,196,6057,2190
55124,497,21128,16013,5115,2.66,2.42,21128,911,11635,4378
55125,318,17239,13525,3714,2.76,2.1,17239,529,9637,3888
55126,342,11640,9621,2019,2.39,2.06,11640,421,5671,3950
55127,213,7488,6133,1355,2.61,1.64,7488,345,3906,2227
55128,364,11641,9102,2539,2.6,1.95,11641,786,6088,3014
55129,431,9981,8476,1505,2.97,2.35,9981,240,6418,2058
55130,366,5897,2471,3426,3.63,3.05,5897,1134,1626,845
55150,5,58,47,11,2.66,1.09,58,4,23,24
55155,,,,0,,,,0,,
55301,79,4436,3602,834,2.87,2.77,4436,99,2857,745
55302,914,2854,2425,429,2.59,1.86,2854,110,1513,912
55303,614,19090,14379,4711,2.81,2.16,19090,830,10955,3424
55304,328,16651,15659,992,2.94,2.77,16651,307,11258,4401
55305,557,9979,5852,4127,2.32,1.93,9979,478,4025,1827
55306,507,6166,4199,1967,2.91,1.95,6166,323,2628,1571
55307,169,1262,929,333,2.81,2.22,1262,93,566,363
55308,128,3198,2955,243,3.15,1.32,3198,49,2203,752
55309,185,6920,6185,735,2.94,2.64,6920,172,5111,1074
55310,99,607,514,93,2.35,1.66,607,30,175,339
55311,162,13888,12285,1603,2.75,2.56,13888,195,8902,3383
55312,108,530,457,73,2.93,2.3,530,8,262,195
55313,528,9246,7441,1805,2.77,2.25,9246,173,5278,2163
55314,111,421,341,80,2.44,1.76,421,31,176,165
55315,108,2219,2004,215,2.99,3.02,2219,65,1444,560
55316,145,8725,7845,880,2.76,2.42,8725,167,5627,2218
55317,393,8057,6947,1110,2.76,2.35,8057,123,5114,1833
55318,301,10940,7858,3082,2.9,1.96,10940,776,5668,2190
55319,195,1903,1802,101,2.88,1.72,1903,50,1310,492
55320,140,1927,1648,279,2.82,2.11,1927,17,1018,630
55321,136,1856,1442,414,3.01,2.1,1856,126,945,497
55322,54,1403,1266,137,2.65,2.58,1403,47,820,446
55324,203,461,436,25,2.53,1.88,461,15,259,177
55325,350,1702,1437,265,2.99,1.78,1702,62,963,474
55327,70,1825,1772,53,2.54,3.75,1825,44,1334,438
55328,72,3457,2868,589,2.89,2.1,3457,112,2069,799
55329,145,731,633,98,2.68,2.15,731,0,325,308
55330,736,15212,13001,2211,2.94,2.08,15212,476,9959,3042
55331,734,7382,6399,983,2.69,2.08,7382,168,4838,1561
55332,109,765,644,121,2.55,1.89,765,51,258,386
55333,44,252,201,51,2.75,2.41,252,15,98,103
55334,132,1089,769,320,2.36,2.49,1089,95,369,400
55335,73,666,566,100,2.33,2.52,666,21,253,313
55336,166,3088,2377,711,2.7,2.36,3088,161,1518,859
55337,384,18906,12743,6163,2.46,2.62,18906,1039,8889,3854
55338,22,428,409,19,2.56,3.21,428,12,254,155
55339,10,362,313,49,2.67,2.51,362,5,170,143
55340,56,3055,2918,137,2.96,3.52,3055,94,1946,972
55341,,1154,1040,114,3.1,2.21,1154,8,882,158
55342,175,723,595,128,2.63,1.77,723,39,239,356
55343,816,12711,5455,7256,2.22,1.95,12711,1045,3701,1754
55344,465,6850,2584,4266,2.05,2.27,6850,400,1785,799
55345,320,8680,7269,1411,2.62,1.65,8680,490,5207,2062
55346,172,6572,5701,871,2.74,2.85,6572,68,4043,1658
55347,215,11604,10606,998,2.66,2.64,11604,81,7681,2925
55349,171,1482,1161,321,2.46,1.93,1482,49,766,395
55350,559,7833,5717,2116,2.55,1.89,7833,396,3615,2102
55352,141,3435,2822,613,2.99,2.81,3435,89,1941,881
55353,159,1193,1046,147,2.83,1.94,1193,30,608,438
55354,89,990,892,98,3.08,2.15,990,6,485,407
55355,537,3940,3049,891,2.57,1.65,3940,271,1789,1260
55356,69,2171,1905,266,2.81,2.2,2171,76,1554,351
55357,21,1124,1018,106,3.08,1.98,1124,10,780,238
55358,442,1939,1606,333,2.76,2.37,1939,54,1109,497
55359,99,2400,2058,342,2.97,2.02,2400,83,1553,505
55360,35,1102,1041,61,2.93,3.07,1102,8,813,228
55362,109,7250,5464,1786,2.84,2.21,7250,217,3990,1474
55363,136,1876,1531,345,2.78,3.5,1876,104,1141,390
55364,464,6242,5007,1235,2.43,1.83,6242,375,3819,1188
55366,21,208,140,68,2.28,2.5,208,4,91,49
55367,16,374,331,43,2.6,3.19,374,8,231,100
55368,111,737,514,223,2.89,1.53,737,100,346,168
55369,840,15340,12372,2968,2.56,1.97,15340,309,8893,3479
55370,32,217,201,16,2.62,2.25,217,3,109,92
55371,401,6376,5255,1121,2.83,2.13,6376,248,3782,1473
55372,286,12052,10853,1199,2.87,2.16,12052,292,8175,2678
55373,4,2093,1691,402,2.74,2.07,2093,0,1071,620
55374,229,5329,4651,678,3.19,1.95,5329,183,3613,1038
55375,138,1353,1273,80,2.95,1.91,1353,7,1030,243
55376,91,6078,5560,518,3.02,2.34,6078,184,4105,1455
55378,155,11228,9428,1800,2.88,2.52,11228,164,7407,2021
55379,380,16637,12385,4252,2.95,2.4,16637,641,9394,2991
55381,124,786,680,106,2.61,1.56,786,14,342,338
55382,868,1395,1288,107,2.52,2.79,1395,42,760,528
55384,84,1232,255,977,1.75,1.39,1232,221,168,87
55385,61,470,399,71,2.81,2.17,470,5,237,162
55386,144,3143,2898,245,3.0,2.55,3143,21,2144,754
55387,146,5166,4215,951,2.88,2.01,5166,274,3278,937
55388,163,2132,1847,285,2.91,2.35,2132,38,1287,560
55389,136,933,793,140,2.81,2.05,933,48,535,258
55390,51,1076,965,111,2.78,2.05,1076,3,707,258
55391,738,6557,5229,1328,2.52,1.77,6557,249,3240,1989
55395,81,1125,864,261,2.36,1.72,1125,32,473,391
55396,101,949,747,202,2.32,2.04,949,45,393,354
55397,19,1102,929,173,2.93,2.84,1102,30,674,255
55398,385,5868,5344,524,2.91,2.42,5868,70,4230,1114
55401,676,7317,2400,4917,1.62,1.42,7317,1053,1408,992
55402,103,415,,415,,1.19,415,246,,
55403,1339,11021,2576,8445,1.59,1.37,11021,3171,1729,847
55404,993,12410,2011,10399,2.4,2.0,12410,4251,1485,526
55405,403,8047,3090,4957,2.11,1.87,8047,1337,2370,720
55406,578,16397,10737,5660,2.24,2.08,16397,1748,7594,3143
55407,759,14981,9163,5818,2.52,2.65,14981,1725,6992,2171
55408,1048,15990,3737,12253,2.17,1.88,15990,2421,2436,1301
55409,473,4821,3185,1636,2.44,1.97,4821,401,2494,691
55410,295,8389,6842,1547,2.56,1.93,8389,237,5093,1749
55411,761,9979,4820,5159,3.21,3.04,9979,2284,3741,1079
55412,490,8907,6391,2516,2.76,3.12,8907,1138,4895,1496
55413,686,6951,2679,4272,2.3,1.87,6951,924,1934,745
55414,1208,12403,1976,10427,1.95,2.53,12403,3218,1128,848
55415,158,2593,854,1739,1.93,1.47,2593,461,599,255
55416,1081,17390,8821,8569,2.26,1.64,17390,1087,6202,2619
55417,500,10820,8843,1977,2.39,2.15,10820,662,6864,1979
55418,602,13878,8698,5180,2.38,1.97,13878,1588,6066,2632
55419,598,11270,8735,2535,2.55,2.56,11270,448,6436,2299
55420,492,8917,5943,2974,2.66,2.4,8917,682,4014,1929
55421,655,12249,7396,4853,2.61,2.21,12249,1284,5095,2301
55422,500,12332,9005,3327,2.46,1.89,12332,1103,6252,2753
55423,480,15679,9815,5864,2.49,2.09,15679,1667,6433,3382
55424,117,3735,3513,222,2.9,2.27,3735,36,2435,1078
55425,340,4191,1722,2469,2.44,2.67,4191,372,1129,593
55426,350,12014,7748,4266,2.19,1.92,12014,734,5212,2536
55427,128,10686,7471,3215,2.52,2.0,10686,568,4991,2480
55428,445,12983,7518,5465,2.67,2.26,12983,1293,4887,2631
55429,239,10251,5591,4660,3.06,2.53,10251,1114,3875,1716
55430,377,7796,4915,2881,2.77,3.28,7796,613,3436,1479
55431,250,8297,5782,2515,2.49,1.96,8297,591,3876,1906
55432,561,12667,8086,4581,2.61,2.47,12667,874,5273,2813
55433,309,13643,9342,4301,2.68,2.11,13643,1096,6314,3028
55434,529,11832,9884,1948,2.75,3.0,11832,375,6576,3308
55435,587,7536,3219,4317,1.84,1.76,7536,821,1648,1571
55436,356,6034,4553,1481,2.58,1.71,6034,216,3004,1549
55437,473,8536,5942,2594,2.3,1.98,8536,239,3522,2420
55438,198,7293,5673,1620,2.31,2.14,7293,364,3879,1794
55439,282,3476,3112,364,2.81,1.8,3476,45,2137,975
55441,399,7832,4583,3249,2.41,2.08,7832,407,2783,1800
55442,260,5534,4357,1177,2.49,2.13,5534,81,2651,1706
55443,303,11900,8940,2960,3.02,2.04,11900,633,6411,2529
55444,66,5448,4899,549,3.25,3.03,5448,162,3692,1207
55445,106,4496,3595,901,3.08,2.47,4496,167,2703,892
55446,313,10088,8297,1791,2.77,2.27,10088,163,6428,1869
55447,369,8857,6704,2153,2.52,2.09,8857,273,4772,1932
55448,169,10750,8844,1906,2.63,2.92,10750,279,6498,2346
55449,411,10836,9620,1216,2.88,2.54,10836,381,7486,2134
55450,,6,6,0,,,6,0,6,
55454,232,3520,388,3132,1.51,2.26,3520,1455,185,203
55455,,,,0,,,,0,,
55601,69,77,71,6,2.1,1.67,77,1,33,38
55602,276,175,173,2,1.78,1.5,175,2,58,115
55603,184,193,144,49,1.94,1.37,193,4,61,83
55604,1726,1631,1313,318,2.33,2.08,1631,71,778,535
55605,58,271,154,117,2.26,2.32,271,24,54,100
55606,380,106,106,0,1.42,,106,0,54,52
55607,162,83,78,5,2.53,3.2,83,0,40,38
55609,71,85,85,0,1.75,,85,0,11,74
55612,853,233,202,31,2.08,2.06,233,17,94,108
55613,255,118,111,7,2.0,,118,4,49,62
55614,382,1112,981,131,2.02,1.6,1112,68,521,460
55615,151,140,101,39,1.73,3.26,140,2,51,50
55616,906,3310,2631,679,2.3,1.75,3310,172,1736,895
55702,108,190,167,23,2.44,2.13,190,3,103,64
55703,149,348,313,35,2.67,1.83,348,12,176,137
55704,160,445,372,73,2.43,1.9,445,37,198,174
55705,228,1541,1297,244,2.12,1.82,1541,247,565,732
55706,281,837,711,126,1.92,1.9,837,42,296,415
55707,346,1202,1043,159,2.74,1.91,1202,38,642,401
55708,110,328,263,65,2.0,1.55,328,34,148,115
55709,950,1641,1504,137,2.58,3.11,1641,54,937,567
55710,256,573,552,21,2.28,1.43,573,11,265,287
55711,62,203,166,37,2.31,2.0,203,14,109,57
55712,230,271,256,15,2.24,1.67,271,25,103,153
55713,59,474,349,125,2.17,2.01,474,31,167,182
55716,24,149,84,65,2.05,1.85,149,10,41,43
55717,260,125,120,5,2.36,1.6,125,0,95,25
55718,92,1168,977,191,2.63,1.92,1168,24,638,339
55719,276,2368,1834,534,2.38,2.31,2368,255,1018,816
55720,550,7025,5182,1843,2.57,2.13,7025,346,3128,2054
55721,612,1358,1227,131,2.75,2.4,1358,99,792,435
55722,38,368,285,83,2.15,2.42,368,20,171,114
55723,1127,943,811,132,2.15,1.56,943,50,354,457
55724,527,379,349,30,1.87,1.77,379,2,164,185
55725,291,54,52,2,2.06,3.5,54,0,32,20
55726,259,363,274,89,2.89,1.84,363,25,161,113
55731,2167,2703,2021,682,2.03,1.29,2703,257,983,1038
55732,201,668,643,25,2.11,1.8,668,7,330,313
55733,13,2042,1956,86,2.64,1.95,2042,23,1461,495
55734,730,2756,2101,655,2.48,1.72,2756,184,1123,978
55735,606,694,642,52,2.52,2.02,694,34,332,310
55736,324,651,545,106,2.14,2.01,651,49,261,284
55738,58,232,221,11,2.52,1.91,232,21,91,130
55741,290,1430,1248,182,2.27,1.95,1430,47,574,674
55742,122,91,91,0,2.05,,91,0,43,48
55744,1089,8114,6138,1976,2.49,2.08,8114,556,3558,2580
55746,1154,7851,5941,1910,2.15,2.1,7851,670,2907,3034
55748,343,534,426,108,2.55,3.09,534,15,193,233
55749,205,240,210,30,2.03,1.87,240,5,152,58
55750,37,897,834,63,2.48,2.19,897,29,420,414
55751,111,636,592,44,2.21,2.86,636,24,283,309
55752,137,178,167,11,2.44,2.27,178,5,83,84
55753,48,504,412,92,2.02,3.58,504,7,170,242
55756,191,115,104,11,2.18,4.27,115,3,53,51
55757,182,287,255,32,2.28,1.97,287,6,157,98
55758,6,75,70,5,2.46,1.6,75,2,36,34
55760,2200,1234,992,242,2.27,2.91,1234,74,476,516
55763,539,282,259,23,1.78,1.91,282,4,137,122
55764,11,221,163,58,2.44,1.43,221,36,109,54
55765,106,368,329,39,2.12,1.95,368,27,176,153
55767,311,1158,848,310,2.37,1.61,1158,98,484,364
55768,85,1219,894,325,2.36,1.75,1219,101,513,381
55769,343,1085,943,142,2.24,2.0,1085,50,506,437
55771,1302,673,570,103,2.4,2.78,673,40,270,300
55772,7,62,21,41,1.67,2.39,62,3,1,20
55775,184,594,581,13,2.47,2.15,594,24,323,258
55779,210,1460,1312,148,2.57,2.93,1460,35,844,468
55780,64,85,69,16,3.49,2.69,85,12,22,47
55781,516,294,281,13,2.66,2.0,294,2,118,163
55782,50,240,202,38,2.08,1.76,240,21,115,87
55783,882,946,877,69,2.47,2.65,946,22,529,348
55784,12,63,57,6,1.96,1.5,63,0,24,33
55785,123,121,110,11,2.37,2.45,121,10,36,74
55786,18,123,108,15,2.02,1.07,123,3,41,67
55787,192,252,225,27,2.51,2.22,252,12,103,122
55790,1619,863,757,106,2.09,2.42,863,41,298,459
55792,869,4791,2888,1903,2.24,1.61,4791,779,1628,1260
55793,76,271,237,34,2.51,2.12,271,9,148,89
55795,408,656,568,88,2.68,1.91,656,38,345,223
55796,27,65,42,23,1.98,1.52,65,2,11,31
55797,32,563,511,52,2.4,2.13,563,9,336,175
55798,212,223,204,19,2.79,1.32,223,1,141,63
55802,261,1297,438,859,2.08,1.34,1297,473,250,188
55803,1110,7446,6118,1328,2.46,1.91,7446,253,3824,2294
55804,457,6056,5368,688,2.62,2.12,6056,147,3696,1672
55805,561,4837,1357,3480,2.21,2.0,4837,948,900,457
55806,342,4369,1985,2384,2.27,1.93,4369,658,1372,613
55807,293,4213,2954,1259,2.27,1.79,4213,353,2007,947
55808,107,2520,1818,702,2.24,2.2,2520,223,1099,719
55810,249,3343,2900,443,2.43,1.71,3343,179,1862,1038
55811,565,10925,7858,3067,2.51,2.08,10925,499,5200,2658
55812,341,3488,1570,1918,2.68,2.15,3488,346,913,657
55814,,,,0,,,,0,,
55901,1174,22829,14863,7966,2.66,2.09,22829,1707,10184,4679
55902,478,11354,8128,3226,2.49,1.73,11354,770,4906,3222
55903,,,,0,,,,0,,
55904,1142,11465,7459,4006,2.57,2.17,11465,942,4757,2702
55905,,,,0,,,,0,,
55906,342,7974,6260,1714,2.62,1.91,7974,467,3710,2550
55909,79,521,462,59,2.66,2.07,521,16,277,185
55910,51,512,456,56,2.26,2.82,512,9,242,214
55912,986,11517,8180,3337,2.54,2.38,11517,902,4902,3278
55917,95,1376,1195,181,2.66,2.43,1376,94,683,512
55918,30,392,341,51,2.58,1.55,392,8,198,143
55919,48,454,422,32,2.27,1.91,454,9,217,205
55920,68,3095,2643,452,2.76,1.93,3095,90,1848,795
55921,71,1987,1577,410,2.22,2.36,1987,77,739,838
55922,36,329,272,57,3.01,3.14,329,61,155,117
55923,129,1742,1448,294,2.58,1.98,1742,54,924,524
55924,93,468,418,50,2.56,3.14,468,6,250,168
55925,45,418,395,23,2.88,1.43,418,5,229,166
55926,35,282,209,73,2.58,2.62,282,11,109,100
55927,81,1579,1299,280,2.71,2.24,1579,65,799,500
55929,56,437,388,49,2.82,2.76,437,12,242,146
55931,11,168,134,34,2.48,1.56,168,5,62,72
55932,36,791,626,165,2.73,1.72,791,9,395,231
55933,6,91,85,6,2.47,3.67,91,1,49,36
55934,65,1437,1123,314,2.59,1.93,1437,49,707,416
55935,2,391,330,61,2.43,1.84,391,13,208,122
55936,44,707,583,124,2.6,2.07,707,39,384,199
55939,145,774,631,143,2.55,1.8,774,61,341,290
55940,73,1099,836,263,2.62,1.84,1099,77,522,314
55941,59,485,318,167,2.55,1.87,485,38,190,128
55943,131,1194,993,201,2.48,2.4,1194,34,525,468
55944,159,2867,2570,297,2.79,2.3,2867,89,1832,738
55945,69,607,522,85,2.36,1.81,607,14,308,214
55946,84,1355,1111,244,2.63,1.78,1355,54,704,407
55947,232,3185,2702,483,2.45,1.64,3185,47,1539,1163
55949,203,771,619,152,2.68,1.69,771,81,387,232
55950,6,53,47,6,1.98,1.5,53,5,19,28
55951,54,576,437,139,2.54,2.19,576,28,227,210
55952,71,900,712,188,3.17,2.61,900,28,457,255
55953,14,343,269,74,2.49,1.8,343,17,163,106
55954,179,524,455,69,2.45,2.07,524,34,266,189
55955,50,942,872,70,2.77,2.43,942,9,638,234
55956,56,866,722,144,2.44,2.1,866,18,412,310
55957,13,298,239,59,2.77,1.88,298,4,146,93
55959,121,867,669,198,2.54,1.78,867,24,369,300
55960,67,1188,1136,52,2.71,2.23,1188,17,705,431
55961,26,183,154,29,3.0,1.79,183,2,106,48
55962,78,324,280,44,2.44,2.32,324,8,142,138
55963,157,2209,1611,598,2.81,2.21,2209,66,995,616
55964,132,1743,1422,321,2.59,2.31,1743,89,927,495
55965,154,978,752,226,2.47,1.91,978,90,404,348
55967,10,352,327,25,3.06,3.4,352,7,207,120
55968,11,73,57,16,2.0,1.63,73,0,28,29
55969,17,407,359,48,2.66,2.21,407,8,222,137
55970,28,397,353,44,2.67,1.84,397,16,199,154
55971,129,1114,922,192,2.57,1.85,1114,47,532,390
55972,178,2013,1664,349,2.8,1.85,2013,48,1123,541
55973,,97,86,11,2.42,2.18,97,4,51,35
55974,96,968,730,238,2.32,2.01,968,94,352,378
55975,153,1779,1484,295,2.64,2.13,1779,61,804,680
55976,169,3175,2617,558,2.69,2.37,3175,80,1606,1011
55977,11,67,54,13,2.76,2.54,67,0,21,33
55979,21,368,287,81,3.38,1.79,368,40,167,120
55981,447,1655,1337,318,2.29,1.53,1655,164,724,613
55982,4,251,238,13,2.15,2.69,251,1,103,135
55983,43,699,561,138,2.41,2.13,699,50,349,212
55985,73,657,536,121,2.7,2.5,657,22,334,202
55987,966,14273,9154,5119,2.32,1.85,14273,1180,5750,3404
55990,21,397,318,79,2.52,2.22,397,7,182,136
55991,81,603,547,56,2.6,2.3,603,7,359,188
55992,73,2334,1759,575,2.61,1.68,2334,56,1019,740
56001,1664,19459,10992,8467,2.55,2.19,19459,1445,6826,4166
56003,289,6307,4871,1436,2.64,1.75,6307,449,3299,1572
56007,880,9011,6747,2264,2.41,2.15,9011,658,3687,3060
56009,96,577,494,83,2.31,3.48,577,10,262,232
56010,53,513,425,88,2.29,2.01,513,39,169,256
56011,63,3425,2995,430,2.8,1.73,3425,164,2135,860
56013,277,2002,1411,591,2.4,1.67,2002,121,808,603
56014,72,282,237,45,2.37,2.04,282,18,74,163
56016,34,378,339,39,2.34,2.56,378,27,175,164
56017,236,720,590,130,2.62,1.62,720,12,385,205
56019,103,344,278,66,2.13,2.47,344,8,102,176
56020,3,39,38,1,2.32,,39,2,26,12
56021,18,449,380,69,2.55,1.45,449,21,245,135
56022,15,40,40,0,1.68,,40,0,12,28
56023,30,222,181,41,2.48,1.95,222,7,96,85
56024,19,1239,820,419,2.66,3.13,1239,17,534,286
56025,19,193,175,18,2.6,2.72,193,4,97,78
56026,55,762,660,102,2.46,2.43,762,23,420,240
56027,102,294,242,52,1.97,1.94,294,6,74,168
56028,269,464,395,69,2.26,2.33,464,17,210,185
56029,39,270,243,27,2.07,2.96,270,3,123,120
56030,5,7,7,0,3.29,,7,0,2,5
56031,439,5213,3660,1553,2.41,1.91,5213,269,2080,1580
56032,18,145,132,13,2.25,3.54,145,4,52,80
56033,23,160,145,15,2.54,2.2,160,0,58,87
56034,33,159,144,15,2.31,1.6,159,0,74,70
56035,21,187,156,31,2.28,1.45,187,0,92,64
56036,69,756,649,107,2.49,1.71,756,17,339,310
56037,35,659,587,72,2.43,2.01,659,14,370,217
56039,70,359,320,39,2.61,2.77,359,8,159,161
56041,38,423,360,63,2.57,2.08,423,18,192,168
56042,15,334,278,56,2.52,1.73,334,1,203,75
56043,14,175,152,23,2.49,3.13,175,2,90,62
56044,58,774,686,88,2.75,2.22,774,9,446,240
56045,32,367,344,23,2.45,2.39,367,5,208,136
56046,,47,45,2,3.11,3.0,47,2,32,13
56048,97,1676,1439,237,2.62,2.11,1676,47,852,587
56050,82,525,441,84,2.46,2.61,525,17,290,151
56051,89,297,246,51,2.33,3.06,297,1,101,145
56052,62,252,232,20,2.34,2.3,252,2,137,95
56054,41,361,327,34,2.88,2.65,361,1,188,139
56055,61,1600,1303,297,2.54,2.02,1600,62,779,524
56056,,33,32,1,2.16,,33,1,11,21
56057,83,1510,1235,275,2.62,2.77,1510,36,828,407
56058,150,2523,1830,693,2.47,2.02,2523,71,1207,623
56060,27,168,141,27,2.76,3.44,168,10,65,76
56062,199,1190,866,324,3.01,2.06,1190,65,473,393
56063,495,1143,980,163,2.64,1.79,1143,12,632,348
56065,91,994,790,204,2.79,2.08,994,25,517,273
56068,58,403,329,74,2.31,2.28,403,15,213,116
56069,141,1897,1547,350,2.47,2.19,1897,67,1014,533
56071,196,4418,3788,630,3.1,2.04,4418,64,2751,1037
56072,174,871,690,181,2.44,2.2,871,36,393,297
56073,459,7121,5466,1655,2.41,1.96,7121,319,3000,2466
56074,23,692,546,146,2.75,2.68,692,15,350,196
56075,5,73,60,13,2.03,2.38,73,14,38,22
56078,17,192,161,31,2.7,2.65,192,2,91,70
56080,6,280,242,38,2.76,1.89,280,4,132,110
56081,288,2443,1870,573,2.59,2.08,2443,185,980,890
56082,239,4683,3191,1492,2.6,1.95,4683,306,1999,1192
56083,50,352,307,45,2.21,2.93,352,14,117,190
56085,266,2108,1796,312,2.51,1.94,2108,73,901,895
56087,138,1306,1017,289,2.46,1.79,1306,86,444,573
56088,89,868,646,222,2.29,2.35,868,58,347,299
56089,16,98,75,23,2.61,3.26,98,0,19,56
56090,29,274,220,54,2.35,2.22,274,5,131,89
56091,14,131,115,16,2.23,1.31,131,2,54,61
56093,176,5001,3922,1079,2.46,2.1,5001,167,2460,1462
56096,343,1179,945,234,2.34,1.92,1179,52,615,330
56097,195,1551,1256,295,2.36,2.14,1551,75,589,667
56098,140,831,662,169,2.23,2.86,831,58,244,418
56101,191,2499,1879,620,2.44,2.19,2499,180,1019,860
56110,76,619,516,103,2.68,2.11,619,33,254,262
56111,34,193,171,22,1.9,2.82,193,1,104,67
56113,23,96,88,8,2.55,2.38,96,1,47,41
56114,38,150,127,23,2.29,2.83,150,2,53,74
56115,54,516,424,92,2.49,2.42,516,30,238,186
56116,17,223,190,33,3.03,2.73,223,3,103,87
56117,31,125,89,36,2.84,3.42,125,2,28,61
56118,13,193,188,5,2.53,3.6,193,4,83,105
56119,35,330,303,27,3.16,3.0,330,6,140,163
56120,77,358,327,31,2.52,4.42,358,2,107,220
56121,48,309,248,61,1.83,2.05,309,5,87,161
56122,7,218,185,33,2.9,1.85,218,6,51,134
56123,97,177,153,24,2.13,2.04,177,10,55,98
56125,14,31,31,0,1.55,,31,0,7,24
56127,44,212,125,87,2.84,1.64,212,2,35,90
56128,76,771,660,111,2.71,1.81,771,23,341,319
56129,16,290,222,68,2.9,2.29,290,8,99,123
56131,123,897,761,136,2.42,2.26,897,39,353,408
56132,130,231,210,21,2.1,1.9,231,0,82,128
56134,29,172,135,37,2.3,2.16,172,2,56,79
56136,255,614,492,122,2.13,1.67,614,46,203,289
56137,66,430,368,62,2.58,1.74,430,22,172,196
56138,38,405,316,89,2.57,1.9,405,27,192,124
56139,13,158,130,28,2.75,3.21,158,6,56,74
56140,1,37,35,2,1.89,,37,0,12,23
56141,16,136,119,17,2.28,2.41,136,1,45,74
56142,112,428,370,58,2.18,2.26,428,6,130,240
56143,218,2054,1570,484,2.18,2.07,2054,124,859,711
56144,64,466,365,101,2.53,1.69,466,22,164,201
56145,69,207,189,18,2.1,1.78,207,0,82,107
56146,4,23,18,5,3.61,,23,1,4,14
56147,3,77,62,15,2.71,1.53,77,0,35,27
56149,163,516,399,117,2.37,1.7,516,19,190,209
56150,109,1146,938,208,2.44,2.09,1146,46,449,489
56151,63,300,282,18,2.37,2.22,300,3,119,163
56152,96,558,482,76,2.56,1.45,558,23,216,266
56153,14,77,69,8,2.09,1.63,77,1,21,48
56155,47,223,193,30,2.19,3.2,223,5,107,86
56156,162,2554,1953,601,2.43,2.22,2554,168,1049,904
56157,53,288,224,64,2.4,2.92,288,1,126,98
56158,16,137,120,17,2.38,1.65,137,5,38,82
56159,116,980,778,202,2.69,2.11,980,63,399,379
56160,21,102,87,15,2.25,3.27,102,4,43,44
56161,17,144,136,8,2.38,3.25,144,4,74,62
56162,39,101,98,3,2.37,1.67,101,1,52,46
56164,221,2453,1775,678,2.41,1.84,2453,213,926,849
56165,10,125,109,16,2.95,1.31,125,1,50,59
56166,17,75,70,5,2.47,3.4,75,2,29,41
56167,46,296,254,42,2.29,1.86,296,10,107,147
56168,41,303,261,42,2.54,2.12,303,4,103,158
56169,28,281,243,38,2.44,1.97,281,1,125,118
56170,27,250,217,33,2.41,2.39,250,6,90,127
56171,172,738,590,148,2.13,2.11,738,28,266,324
56172,413,1295,999,296,2.51,1.55,1295,93,482,517
56173,14,122,92,30,2.28,1.53,122,3,56,36
56174,33,152,124,28,2.52,2.54,152,2,49,75
56175,294,1106,906,200,2.8,1.97,1106,46,484,422
56176,47,418,354,64,2.35,2.14,418,15,163,191
56178,101,685,535,150,2.63,1.93,685,9,259,276
56180,110,443,346,97,2.52,2.53,443,27,109,237
56181,98,516,448,68,2.45,2.4,516,15,257,191
56183,79,597,456,141,2.4,1.51,597,13,167,289
56185,12,214,195,19,2.52,1.95,214,2,60,135
56186,28,158,135,23,2.64,1.52,158,2,75,60
56187,485,5032,3364,1668,3.02,2.93,5032,539,1650,1714
56201,732,9184,5935,3249,2.67,2.37,9184,656,3820,2115
56207,10,92,83,9,2.23,3.89,92,0,37,46
56208,207,968,724,244,2.17,1.83,968,52,284,440
56209,372,913,748,165,2.72,2.57,913,21,436,312
56210,5,5,5,0,3.6,,5,0,4,1
56211,129,196,170,26,2.55,2.12,196,1,53,117
56212,84,203,180,23,2.61,2.7,203,0,69,111
56214,43,275,225,50,2.37,1.86,275,24,83,142
56215,139,2035,1404,631,2.38,1.93,2035,86,699,705
56216,20,333,289,44,2.08,2.14,333,5,164,125
56218,54,214,202,12,2.18,2.42,214,7,67,135
56219,228,413,288,125,2.34,3.08,413,44,93,195
56220,209,1151,984,167,2.34,1.54,1151,57,431,553
56221,68,321,265,56,2.44,2.23,321,11,143,122
56222,98,842,619,223,2.65,2.22,842,29,337,282
56223,105,542,445,97,2.65,1.8,542,34,241,204
56224,21,129,111,18,2.39,3.39,129,3,57,54
56225,224,299,216,83,2.13,2.39,299,24,69,147
56226,5,92,77,15,2.55,1.67,92,0,36,41
56227,28,112,93,19,2.43,3.11,112,7,25,68
56228,40,383,332,51,2.39,2.08,383,15,174,158
56229,84,753,604,149,2.49,1.96,753,36,295,309
56230,43,309,228,81,2.69,2.05,309,37,114,114
56231,28,144,134,10,2.69,2.1,144,2,65,69
56232,111,896,742,154,2.78,1.69,896,33,361,381
56235,50,216,186,30,2.34,2.73,216,0,65,121
56236,55,156,146,10,2.33,2.6,156,1,47,99
56237,41,247,209,38,2.41,2.03,247,7,68,141
56239,8,244,202,42,2.7,2.31,244,12,124,78
56240,39,341,236,105,2.42,2.41,341,14,106,130
56241,144,1597,1166,431,2.3,2.1,1597,171,706,460
56243,100,688,543,145,2.87,2.1,688,10,326,217
56244,95,582,462,120,2.87,2.74,582,8,197,265
56245,32,222,183,39,3.02,3.15,222,11,87,96
56248,91,350,279,71,2.32,1.75,350,22,113,166
56249,12,129,113,16,2.26,3.44,129,3,46,67
56251,23,363,317,46,2.48,1.46,363,5,193,124
56252,58,492,352,140,2.71,1.71,492,26,175,177
56253,214,414,364,50,2.26,1.82,414,3,189,175
56255,30,174,122,52,2.62,1.37,174,7,41,81
56256,279,1085,888,197,2.1,1.66,1085,64,359,529
56257,65,216,179,37,2.49,2.78,216,8,61,118
56258,762,5979,3577,2402,2.59,2.27,5979,567,1991,1586
56260,39,407,299,108,2.42,2.24,407,1,127,172
56262,38,308,259,49,2.19,2.86,308,1,94,165
56263,39,192,166,26,2.47,1.62,192,0,77,89
56264,135,857,680,177,2.57,1.74,857,54,338,342
56265,201,3172,2198,974,2.39,2.16,3172,228,1496,702
56266,105,573,464,109,2.63,2.15,573,4,222,242
56267,244,2679,1658,1021,2.58,2.15,2679,190,890,768
56270,49,434,390,44,2.81,1.91,434,33,158,232
56271,64,507,375,132,2.54,2.79,507,49,157,218
56273,480,1989,1740,249,2.64,1.61,1989,37,1070,670
56274,7,78,78,0,2.97,,78,0,31,47
56276,40,96,86,10,2.15,1.2,96,0,29,57
56277,204,1257,838,419,2.57,2.22,1257,138,391,447
56278,334,1293,906,387,2.19,1.77,1293,57,443,463
56279,56,462,401,61,2.54,2.9,462,22,222,179
56280,41,218,184,34,2.02,3.24,218,8,59,125
56281,17,228,206,22,2.6,4.41,228,4,91,115
56282,71,585,443,142,2.64,1.95,585,12,266,177
56283,414,2579,1824,755,2.56,2.06,2579,143,933,891
56284,211,751,616,135,2.75,2.99,751,20,340,276
56285,89,453,381,72,2.5,2.06,453,4,165,216
56287,1,32,31,1,2.42,,32,0,12,19
56288,865,1994,1762,232,2.3,2.36,1994,40,977,785
56289,133,305,272,33,2.28,1.55,305,14,124,148
56291,20,185,172,13,2.34,1.62,185,8,83,89
56292,35,216,196,20,2.92,3.0,216,1,79,117
56293,43,478,390,88,2.59,1.92,478,38,156,234
56294,10,53,38,15,2.16,1.13,53,0,12,26
56295,13,132,101,31,2.57,1.68,132,10,60,41
56296,189,843,693,150,2.24,1.33,843,56,261,432
56297,32,322,289,33,2.56,2.67,322,7,139,150
56301,755,12614,6652,5962,2.59,2.68,12614,804,3860,2792
56303,629,10725,6741,3984,2.32,2.05,10725,966,4167,2574
56304,399,6961,3079,3882,2.5,1.98,6961,799,1804,1275
56307,103,1912,1592,320,2.89,2.13,1912,94,974,618
56308,2536,11546,7993,3553,2.43,1.71,11546,682,5015,2978
56309,232,563,451,112,2.49,2.42,563,33,205,246
56310,224,1991,1732,259,2.82,1.89,1991,35,936,796
56311,50,307,255,52,2.22,2.21,307,18,148,107
56312,74,940,775,165,2.63,2.22,940,27,456,319
56313,9,32,24,8,1.71,5.25,32,0,16,8
56314,37,467,429,38,2.99,1.92,467,9,253,176
56315,304,713,590,123,2.72,2.17,713,11,364,226
56316,96,583,488,95,2.34,2.08,583,33,215,273
56318,356,432,381,51,2.29,2.69,432,11,233,148
56319,137,578,524,54,2.27,2.06,578,0,310,214
56320,389,3102,2613,489,2.72,2.1,3102,86,1531,1082
56321,,,,0,,,,0,,
56323,24,230,178,52,2.37,2.81,230,6,94,84
56324,177,468,431,37,2.44,2.3,468,6,265,166
56325,7,81,78,3,2.33,2.33,81,2,28,50
56326,199,728,605,123,2.56,1.81,728,40,365,240
56327,184,345,338,7,2.38,2.86,345,5,187,151
56328,,77,67,10,2.19,1.6,77,1,47,20
56329,255,2703,2239,464,2.89,2.44,2703,151,1404,835
56330,66,656,598,58,2.63,2.41,656,6,439,159
56331,66,771,694,77,2.95,2.86,771,17,382,312
56332,127,686,635,51,2.44,1.43,686,11,403,232
56334,962,2510,1985,525,2.45,1.6,2510,102,1174,811
56335,,90,89,1,2.72,10.0,90,1,56,33
56336,458,647,587,60,2.5,2.17,647,9,260,327
56338,612,676,607,69,2.44,2.14,676,3,315,292
56339,152,400,302,98,2.75,2.04,400,13,196,106
56340,58,926,840,86,2.5,2.1,926,19,549,291
56342,1228,1218,1054,164,2.14,1.87,1218,47,585,469
56343,125,414,383,31,2.2,2.55,414,13,184,199
56345,448,6274,4553,1721,2.43,2.08,6274,569,2807,1746
56347,443,2918,2207,711,2.89,2.17,2918,266,1135,1072
56349,31,318,271,47,2.66,1.4,318,1,177,94
56350,242,200,174,26,1.89,2.15,200,10,59,115
56352,285,2458,1950,508,2.59,1.45,2458,163,1051,899
56353,262,3619,2853,766,2.78,1.8,3619,278,1987,866
56354,452,591,541,50,2.37,2.12,591,10,351,190
56355,6,214,188,26,3.0,2.85,214,14,126,62
56356,4,97,97,0,2.68,,97,1,61,36
56357,8,386,364,22,3.49,3.95,386,2,264,100
56358,105,1257,1115,142,2.44,3.31,1257,23,657,458
56359,779,1338,939,399,2.45,2.78,1338,154,483,456
56360,847,1762,1380,382,2.21,1.57,1762,158,674,706
56361,299,925,797,128,2.8,2.34,925,50,461,336
56362,671,2168,1787,381,2.46,2.23,2168,114,1005,782
56363,13,85,64,21,2.73,2.62,85,2,52,12
56364,150,2099,1788,311,2.8,2.23,2099,87,1031,757
56367,194,2598,2353,245,2.73,2.74,2598,28,1399,954
56368,606,1646,1487,159,2.5,2.6,1646,10,834,653
56369,15,226,110,116,2.65,2.32,226,25,86,24
56371,15,37,24,13,2.67,3.46,37,1,10,14
56373,73,1179,941,238,2.71,2.25,1179,52,555,386
56374,213,3280,2590,690,2.47,2.68,3280,25,1853,737
56375,,337,316,21,2.4,2.76,337,6,191,125
56376,,128,110,18,2.6,1.67,128,7,69,41
56377,232,7870,5031,2839,2.9,2.06,7870,228,3564,1467
56378,536,3354,2445,909,2.65,1.78,3354,251,1610,835
56379,201,6897,4595,2302,2.69,1.89,6897,364,3030,1565
56381,323,997,833,164,2.29,1.99,997,46,547,286
56382,137,534,477,57,2.54,2.18,534,5,259,218
56384,5,134,74,60,2.64,1.97,134,6,54,20
56385,172,445,382,63,2.13,1.51,445,9,214,168
56386,251,308,245,63,2.18,2.32,308,16,95,150
56387,96,3515,1386,2129,2.27,2.13,3515,317,852,534
56389,6,36,34,2,2.56,3.0,36,0,21,13
56401,2986,12558,8992,3566,2.5,2.14,12558,752,5634,3358
56425,213,3447,2345,1102,2.76,1.79,3447,194,1607,738
56431,3411,3695,3145,550,2.4,1.91,3695,193,1499,1646
56433,609,773,669,104,2.1,1.45,773,36,370,299
56434,13,71,65,6,3.42,3.33,71,19,34,31
56435,991,1198,1084,114,2.27,2.72,1198,48,589,495
56437,59,464,372,92,3.19,2.05,464,52,221,151
56438,335,1068,879,189,2.64,2.07,1068,52,459,420
56440,68,517,415,102,2.68,1.93,517,44,147,268
56441,476,1722,1095,627,2.38,1.87,1722,196,633,462
56442,1878,1376,1201,175,1.95,2.25,1376,37,744,457
56443,810,626,571,55,2.15,2.91,626,27,279,292
56444,1316,1341,1199,142,2.38,2.44,1341,39,691,508
56446,124,640,568,72,2.96,2.19,640,40,322,246
56447,887,365,337,28,1.97,2.04,365,10,182,155
56448,491,218,214,4,1.98,1.75,218,1,111,103
56449,165,725,683,42,2.6,4.74,725,4,419,264
56450,639,492,419,73,2.07,1.99,492,12,188,231
56452,2025,934,826,108,1.98,1.56,934,28,409,417
56453,63,301,283,18,2.59,1.94,301,14,149,134
56455,142,649,482,167,2.65,2.26,649,38,337,145
56458,131,148,131,17,2.77,2.47,148,3,69,62
56461,744,1306,1203,103,2.39,2.98,1306,34,681,522
56464,838,1672,1400,272,2.95,2.33,1672,59,767,633
56465,796,889,826,63,2.33,3.79,889,6,451,375
56466,841,1306,1064,242,2.18,2.27,1306,82,561,503
56467,1503,1064,1014,50,2.54,2.14,1064,27,543,471
56468,1770,1776,1649,127,2.39,2.18,1776,35,1000,649
56469,677,486,453,33,2.03,2.58,486,3,242,211
56470,2866,4384,3224,1160,2.41,2.26,4384,271,1722,1502
56472,2753,3379,2876,503,2.58,1.93,3379,49,1727,1149
56473,314,1307,1171,136,2.45,2.62,1307,34,693,478
56474,919,1864,1441,423,2.45,1.9,1864,100,826,615
56475,108,641,568,73,2.7,1.67,641,19,312,256
56477,345,1136,923,213,2.5,2.37,1136,57,468,455
56479,434,1832,1478,354,2.54,2.47,1832,86,683,795
56481,182,888,744,144,2.77,2.4,888,27,397,347
56482,296,2975,1988,987,2.68,1.88,2975,390,1188,800
56484,1178,1359,1038,321,2.22,2.45,1359,106,568,470
56501,2553,7284,5411,1873,2.57,1.91,7284,336,3252,2159
56510,197,926,702,224,2.75,1.53,926,75,338,364
56511,462,798,728,70,2.45,2.27,798,16,452,276
56514,105,1414,1180,234,2.91,1.85,1414,56,789,391
56515,1520,1243,1107,136,2.21,1.62,1243,43,511,596
56516,23,122,107,15,2.93,1.13,122,4,49,58
56517,39,95,79,16,2.7,3.75,95,2,42,37
56518,9,152,127,25,2.75,1.84,152,6,60,67
56519,20,111,91,20,2.34,3.2,111,3,34,57
56520,186,1713,1213,500,2.53,1.51,1713,118,756,457
56521,54,311,255,56,2.52,2.32,311,6,117,138
56522,41,175,146,29,2.38,3.59,175,7,73,73
56523,13,156,125,31,2.82,2.55,156,8,63,62
56524,488,296,259,37,2.24,3.03,296,7,124,135
56525,6,32,32,0,2.44,,32,0,15,17
56527,60,314,265,49,3.03,2.94,314,23,164,101
56528,1098,750,646,104,2.4,1.97,750,10,380,266
56529,79,1847,1449,398,2.55,2.22,1847,52,1082,367
56531,180,788,608,180,2.43,2.2,788,18,365,243
56533,24,116,99,17,2.69,1.53,116,5,55,44
56534,188,530,488,42,2.44,3.1,530,30,268,220
56535,404,516,381,135,2.57,1.68,516,36,183,198
56536,14,145,133,12,2.14,3.33,145,1,64,69
56537,1018,8610,6126,2484,2.37,1.73,8610,559,3646,2480
56540,103,726,605,121,2.73,1.8,726,69,264,341
56541,5,27,24,3,2.17,2.0,27,0,5,19
56542,191,1042,757,285,2.38,2.13,1042,70,373,384
56543,12,96,87,9,2.67,2.67,96,0,32,55
56544,608,2120,1735,385,2.62,2.54,2120,115,970,765
56545,54,268,238,30,2.45,1.8,268,1,127,111
56546,25,93,90,3,2.32,,93,0,45,45
56547,37,945,801,144,3.22,2.49,945,31,470,331
56548,42,304,228,76,2.49,1.67,304,25,114,114
56549,148,1783,1493,290,2.86,2.08,1783,62,918,575
56550,24,141,117,24,2.32,1.5,141,3,58,59
56551,449,918,701,217,2.33,2.12,918,40,384,317
56552,22,202,174,28,2.79,1.71,202,15,113,61
56553,7,122,120,2,1.6,5.0,122,3,40,80
56554,702,1096,999,97,2.49,2.16,1096,23,545,454
56556,66,448,330,118,2.72,2.25,448,27,185,145
56557,209,984,626,358,2.79,2.88,984,77,274,352
56560,1236,17665,10608,7057,2.59,2.08,17665,1455,7414,3194
56562,,,,0,,,,0,,
56563,,,,0,,,,0,,
56565,5,38,34,4,3.44,2.0,38,0,20,14
56566,82,197,95,102,2.91,3.99,197,45,22,73
56567,265,1297,1028,269,2.67,1.71,1297,73,581,447
56568,19,56,52,4,2.46,1.25,56,0,10,42
56569,325,464,383,81,2.64,2.88,464,53,162,221
56570,366,465,433,32,2.5,1.84,465,2,224,209
56571,711,785,710,75,2.29,2.75,785,7,423,287
56572,1830,2165,1837,328,2.75,2.24,2165,134,1174,663
56573,901,2712,2070,642,2.44,2.08,2712,95,1172,898
56574,20,115,113,2,2.38,,115,3,56,57
56575,310,272,212,60,2.38,2.33,272,19,68,144
56576,542,383,332,51,2.2,2.63,383,15,175,157
56578,365,293,283,10,2.64,2.3,293,0,171,112
56579,78,393,355,38,2.78,3.37,393,6,226,129
56580,18,474,451,23,2.58,2.52,474,20,291,160
56581,48,130,116,14,1.89,3.0,130,1,38,78
56583,6,67,54,13,2.67,2.0,67,0,10,44
56584,143,558,452,106,2.5,1.76,558,26,209,243
56585,51,484,392,92,2.32,1.43,484,18,198,194
56586,495,813,736,77,2.31,2.36,813,10,398,338
56587,508,568,511,57,2.25,1.4,568,10,275,236
56588,236,185,177,8,2.29,1.88,185,8,77,100
56589,583,692,578,114,2.78,2.55,692,28,294,284
56590,58,157,137,20,2.4,2.4,157,4,54,83
56591,30,216,50,166,2.8,3.02,216,101,8,42
56592,39,157,133,24,3.17,2.08,157,13,58,75
56594,11,183,167,16,2.54,1.69,183,5,78,89
56601,2022,13661,9034,4627,2.57,1.96,13661,1028,5251,3783
56621,441,1666,1296,370,2.75,2.22,1666,140,683,613
56623,868,1058,886,172,2.59,2.35,1058,33,380,506
56626,174,87,72,15,1.96,5.33,87,17,16,56
56627,186,136,108,28,1.8,,136,2,39,69
56628,1029,650,549,101,2.18,1.5,650,38,248,301
56629,133,74,74,0,2.32,,74,16,27,47
56630,364,851,667,184,2.5,2.12,851,46,320,347
56633,964,1556,1042,514,3.02,3.39,1556,152,495,547
56634,147,615,475,140,2.99,2.33,615,60,244,231
56636,1214,1932,1673,259,2.57,2.81,1932,94,770,903
56637,113,73,69,4,2.28,,73,0,41,28
56639,315,207,177,30,1.99,1.8,207,1,67,110
56641,191,132,101,31,2.86,3.65,132,12,37,64
56644,191,281,233,48,2.47,1.58,281,49,91,142
56646,28,155,129,26,2.98,1.38,155,0,72,57
56647,155,313,260,53,2.55,3.28,313,2,109,151
56649,763,4189,3322,867,2.21,1.68,4189,279,2061,1261
56650,206,424,384,40,2.33,1.9,424,4,168,216
56651,269,191,160,31,2.84,3.87,191,6,67,93
56652,140,186,172,14,2.55,2.5,186,15,94,78
56653,216,560,488,72,2.1,2.36,560,14,183,305
56654,51,38,31,7,2.19,2.71,38,2,14,17
56655,1292,758,695,63,1.88,1.83,758,56,249,446
56657,406,90,81,9,2.07,,90,0,23,58
56658,17,,,0,,,,0,,
56659,49,64,63,1,2.7,2.0,64,2,23,40
56660,104,119,113,6,2.05,2.33,119,1,37,76
56661,304,402,356,46,2.47,2.24,402,26,160,196
56662,850,249,244,5,2.02,3.4,249,7,126,118
56663,97,84,77,7,1.77,1.86,84,8,11,66
56666,6,210,97,113,5.69,5.46,210,34,35,62
56667,106,305,275,30,2.82,2.07,305,5,148,127
56668,21,95,82,13,1.65,2.08,95,0,20,62
56669,211,108,106,2,1.92,4.0,108,1,48,58
56670,14,300,235,65,3.79,4.68,300,51,53,182
56671,91,831,474,357,3.11,4.34,831,102,223,251
56672,1559,892,743,149,2.06,2.19,892,30,342,401
56673,287,165,154,11,2.9,5.82,165,7,68,86
56676,400,714,652,62,2.37,2.26,714,37,341,311
56678,128,615,567,48,2.83,2.13,615,14,324,243
56680,91,54,50,4,1.84,3.0,54,2,14,36
56681,150,104,90,14,2.28,4.14,104,8,42,48
56683,87,253,231,22,2.37,1.45,253,1,125,106
56684,47,139,129,10,2.63,3.8,139,2,45,84
56685,197,62,53,9,1.96,1.78,62,7,15,38
56686,531,337,298,39,3.01,,337,3,90,208
56688,168,64,64,0,2.16,,64,0,18,46
56701,539,5562,4053,1509,2.47,1.79,5562,357,2423,1630
56710,11,191,166,25,2.48,1.44,191,12,71,95
56711,366,5,5,0,,,5,0,5,
56713,26,409,327,82,2.48,1.67,409,41,163,164
56714,115,467,397,70,2.59,2.37,467,9,181,216
56715,19,137,120,17,2.18,1.24,137,1,30,90
56716,375,3791,2315,1476,2.44,1.76,3791,323,1177,1138
56720,3,8,8,0,,,8,0,3,5
56721,326,4165,2891,1274,2.81,2.04,4165,342,1919,972
56722,11,145,133,12,2.65,1.08,145,3,79,54
56723,40,313,259,54,2.92,2.19,313,6,144,115
56724,62,51,49,2,2.9,,51,1,17,32
56725,91,346,302,44,2.77,1.73,346,16,155,147
56726,126,601,551,50,2.79,1.6,601,16,311,240
56727,236,351,327,24,2.57,2.17,351,2,184,143
56728,155,492,407,85,2.43,1.81,492,24,162,245
56729,16,48,47,1,2.6,2.0,48,0,11,36
56731,11,46,43,3,2.28,4.67,46,0,22,21
56732,207,430,329,101,2.46,1.63,430,34,163,166
56733,27,164,149,15,2.34,1.93,164,4,39,110
56734,125,189,154,35,2.51,2.09,189,2,60,94
56735,112,274,215,59,2.66,2.24,274,4,86,129
56736,547,326,300,26,2.37,2.42,326,6,137,163
56737,109,354,306,48,2.25,1.58,354,7,88,218
56738,70,528,460,68,2.65,2.84,528,11,233,227
56742,77,311,268,43,3.03,1.63,311,23,135,133
56744,41,198,177,21,2.51,4.05,198,3,72,105
56748,38,252,192,60,2.24,2.55,252,9,83,109
56750,108,1005,825,180,2.42,1.62,1005,51,413,412
56751,426,2207,1711,496,2.76,1.83,2207,99,982,729
56754,17,224,212,12,2.42,1.92,224,9,110,102
56755,19,32,32,0,2.0,,32,3,3,29
56756,86,210,190,20,3.22,2.65,210,0,94,96
56757,84,355,302,53,2.42,1.87,355,7,104,198
56758,79,132,121,11,2.37,,132,0,31,90
56759,73,124,119,5,2.6,1.8,124,3,55,64
56760,25,189,167,22,2.47,2.32,189,14,100,67
56761,105,157,152,5,2.57,4.2,157,1,93,59
56762,135,1023,773,250,2.43,2.02,1023,59,358,415
56763,548,1874,1408,466,2.89,2.34,1874,149,832,576
57001,13,668,533,135,2.27,2.42,668,12,280,253
57002,33,611,481,130,2.29,2.61,611,3,346,135
57003,75,659,603,56,2.97,2.14,659,8,457,146
57004,92,1493,1124,369,2.64,2.43,1493,25,628,496
57005,230,4410,3501,909,2.99,1.91,4410,243,2376,1125
57006,966,9540,5048,4492,2.53,1.99,9540,587,3107,1941
57007,,,,0,,,,0,,
57010,69,280,196,84,2.11,1.14,280,0,109,87
57012,64,469,355,114,2.3,1.39,469,21,200,155
57013,148,1751,1380,371,2.49,1.9,1751,36,824,556
57014,53,690,547,143,2.54,2.12,690,17,289,258
57015,6,285,248,37,2.79,2.49,285,9,168,80
57016,135,326,300,26,2.28,2.88,326,2,171,129
57017,34,493,416,77,2.81,2.38,493,11,224,192
57018,53,550,461,89,2.85,2.13,550,20,250,211
57020,8,605,571,34,2.87,1.91,605,5,356,215
57021,8,159,133,26,3.02,2.23,159,0,55,78
57022,67,2162,1749,413,2.84,2.09,2162,57,1022,727
57024,4,218,193,25,2.45,1.92,218,0,49,144
57025,79,1139,890,249,2.82,1.52,1139,80,540,350
57026,68,546,391,155,2.72,3.35,546,19,208,183
57027,2,64,60,4,2.23,,64,6,22,38
57028,204,1230,767,463,2.51,2.41,1230,68,352,415
57029,77,888,708,180,2.6,3.51,888,33,363,345
57030,72,1121,864,257,2.49,2.52,1121,12,465,399
57031,3,393,358,35,1.91,1.29,393,9,227,131
57032,97,2982,2591,391,2.8,2.49,2982,21,1970,621
57033,101,2169,1728,441,2.91,1.99,2169,31,1198,530
57034,9,368,298,70,2.48,1.51,368,0,119,179
57035,2,368,329,39,3.03,2.0,368,6,224,105
57036,39,261,224,37,2.67,2.84,261,0,101,123
57037,19,405,240,165,2.73,2.15,405,0,129,111
57038,50,613,565,48,2.59,2.85,613,8,360,205
57039,63,1496,1218,278,2.6,1.86,1496,21,789,429
57040,8,145,131,14,2.12,1.29,145,6,32,99
57041,,29,29,0,2.59,,29,0,,29
57042,470,3213,2090,1123,2.6,1.96,3213,119,1205,885
57043,51,568,455,113,2.49,1.96,568,27,191,264
57045,45,454,377,77,2.47,2.13,454,19,150,227
57046,4,360,284,76,2.28,2.0,360,1,140,144
57047,4,140,110,30,1.93,2.53,140,1,30,80
57048,70,512,418,94,2.55,2.35,512,2,256,162
57049,79,3248,1975,1273,2.59,1.85,3248,39,1156,819
57050,2,136,124,12,2.42,3.33,136,0,54,70
57051,31,133,119,14,1.63,2.0,133,7,36,83
57052,28,104,77,27,2.62,1.96,104,0,30,47
57053,128,803,688,115,2.68,2.31,803,8,452,236
57054,42,247,219,28,2.08,3.18,247,3,88,131
57055,,512,480,32,2.46,2.28,512,16,287,193
57057,,93,85,8,2.89,3.13,93,0,52,33
57058,73,718,579,139,2.63,2.27,718,0,237,342
57059,92,542,457,85,2.2,1.99,542,18,183,274
57061,5,64,60,4,2.55,2.5,64,0,46,14
57062,110,498,356,142,2.36,1.7,498,33,138,218
57063,21,337,297,40,2.56,2.85,337,12,95,202
57064,28,2351,1710,641,3.06,2.74,2351,3,1422,288
57065,20,165,118,47,2.06,1.55,165,0,67,51
57066,80,662,500,162,2.15,2.15,662,31,143,357
57067,8,94,70,24,2.84,2.42,94,2,34,36
57068,43,609,520,89,2.8,2.38,609,9,354,166
57069,633,4535,2252,2283,2.47,2.09,4535,325,1322,930
57070,139,578,393,185,2.3,1.65,578,18,168,225
57071,175,1360,958,402,2.5,1.91,1360,75,527,431
57072,19,265,194,71,2.61,2.75,265,0,116,78
57073,41,188,157,31,2.61,1.65,188,4,94,63
57075,396,461,412,49,2.23,2.08,461,1,184,228
57076,7,194,148,46,2.22,1.76,194,0,44,104
57077,26,484,467,17,2.67,2.18,484,15,347,120
57078,619,8254,5570,2684,2.46,1.74,8254,554,3162,2408
57103,979,14095,9544,4551,2.74,2.11,14095,609,6169,3375
57104,1532,11731,4765,6966,2.41,1.83,11731,1165,3258,1507
57105,799,9568,6308,3260,2.3,2.17,9568,255,3856,2452
57106,501,20037,12389,7648,2.67,2.07,20037,832,8865,3524
57107,173,4183,2871,1312,2.41,2.42,4183,56,1679,1192
57108,166,12512,8124,4388,2.59,2.07,12512,221,5153,2971
57110,355,7639,4944,2695,2.72,2.15,7639,412,3353,1591
57117,,,,0,,,,0,,
57197,,,,0,,,,0,,
57201,1024,11005,7186,3819,2.46,2.0,11005,572,4003,3183
57212,271,838,658,180,2.68,1.88,838,28,301,357
57213,49,164,138,26,2.25,3.69,164,2,75,63
57214,16,51,47,4,2.68,2.75,51,3,18,29
57216,202,602,516,86,2.11,2.77,602,13,208,308
57217,46,111,86,25,2.38,,111,1,14,72
57218,,147,112,35,2.08,3.0,147,0,26,86
57219,62,208,148,60,2.34,2.25,208,8,46,102
57220,73,349,286,63,2.69,1.43,349,11,122,164
57221,54,313,235,78,3.06,2.55,313,15,141,94
57223,38,474,397,77,2.91,2.56,474,9,211,186
57224,19,76,67,9,2.13,2.0,76,2,14,53
57225,83,731,565,166,2.46,1.89,731,31,262,303
57226,118,756,502,254,2.5,2.02,756,31,243,259
57227,249,110,83,27,3.48,4.11,110,0,47,36
57231,172,681,557,124,2.78,1.7,681,5,244,313
57232,122,161,149,12,2.63,1.58,161,1,97,52
57233,33,70,61,9,3.72,3.89,70,0,12,49
57234,180,468,422,46,2.63,2.0,468,14,241,181
57235,40,321,269,52,2.88,2.04,321,6,149,120
57236,4,55,50,5,2.3,3.2,55,0,26,24
57237,85,282,246,36,2.57,1.61,282,2,108,138
57238,39,184,139,45,2.29,2.16,184,0,75,64
57239,325,148,138,10,2.3,1.9,148,0,62,76
57241,76,327,263,64,3.09,2.55,327,4,151,112
57242,61,130,126,4,3.48,3.5,130,6,69,57
57243,66,276,232,44,2.01,1.84,276,14,82,150
57245,5,73,51,22,2.29,2.77,73,0,31,20
57246,6,72,71,1,1.9,3.0,72,2,23,48
57247,251,87,71,16,2.23,2.56,87,0,19,52
57248,206,391,278,113,2.77,2.58,391,8,133,145
57249,191,385,295,90,2.6,1.24,385,57,114,181
57251,6,45,33,12,1.67,2.33,45,0,9,24
57252,272,1953,1623,330,2.56,2.02,1953,55,949,674
57255,31,155,120,35,2.68,1.94,155,0,42,78
57256,20,66,59,7,2.85,1.14,66,0,31,28
57257,47,220,139,81,2.69,3.68,220,14,27,112
57258,11,55,48,7,2.33,3.71,55,7,6,42
57259,14,255,216,39,2.73,2.31,255,2,81,135
57260,139,383,332,51,3.05,1.61,383,0,122,210
57261,46,119,90,29,2.19,1.86,119,0,49,41
57262,208,1831,945,886,2.69,3.13,1831,123,319,626
57263,43,192,164,28,2.53,2.32,192,7,56,108
57264,17,107,90,17,2.36,1.35,107,10,32,58
57265,17,83,74,9,2.11,2.78,83,7,37,37
57266,46,194,140,54,2.86,3.37,194,5,73,67
57268,58,220,181,39,2.23,1.72,220,2,84,97
57269,1,77,74,3,2.12,2.0,77,1,25,49
57270,113,268,165,103,2.96,2.58,268,24,30,135
57271,8,50,47,3,4.77,,50,0,26,21
57272,34,74,70,4,2.89,2.0,74,0,29,41
57273,423,411,271,140,2.55,3.11,411,11,41,230
57274,199,1193,911,282,2.43,1.67,1193,60,494,417
57276,30,462,381,81,2.45,2.06,462,13,149,232
57278,48,261,218,43,3.7,5.7,261,3,76,142
57279,192,439,377,62,2.17,2.37,439,4,171,206
57301,908,7917,4919,2998,2.46,1.85,7917,502,2513,2406
57311,66,529,449,80,3.22,2.96,529,11,193,256
57312,9,288,255,33,2.51,2.45,288,0,120,135
57313,127,455,344,111,2.67,1.95,455,23,109,235
57314,69,253,208,45,2.49,3.33,253,12,56,152
57315,70,464,364,100,2.63,2.08,464,6,136,228
57317,78,206,134,72,2.75,4.17,206,15,53,81
57319,77,340,269,71,2.42,3.23,340,6,111,158
57321,18,115,102,13,4.0,1.77,115,0,38,64
57322,11,114,93,21,2.61,2.33,114,7,20,73
57323,67,101,85,16,2.42,1.81,101,0,5,80
57324,7,166,153,13,2.63,1.54,166,0,59,94
57325,180,1157,731,426,2.37,2.6,1157,64,281,450
57328,55,435,318,117,2.73,1.88,435,17,135,183
57329,11,140,114,26,2.15,3.42,140,0,34,80
57330,47,184,139,45,2.76,2.62,184,2,47,92
57331,12,130,102,28,3.22,1.96,130,1,48,54
57332,43,272,249,23,3.31,1.61,272,2,120,129
57334,27,335,239,96,2.46,2.98,335,17,130,109
57335,37,110,98,12,1.86,2.58,110,0,25,73
57337,50,45,45,0,2.13,,45,0,,45
57339,68,345,143,202,4.01,4.17,345,70,4,139
57340,26,87,86,1,2.41,,87,0,23,63
57341,16,49,41,8,1.88,7.75,49,0,5,36
57342,156,130,127,3,2.43,1.0,130,17,25,102
57344,14,45,45,0,1.84,,45,0,,45
57345,110,475,422,53,2.36,2.43,475,0,130,292
57346,3,28,,28,,1.57,28,0,,
57348,52,282,182,100,2.55,3.19,282,2,28,154
57349,165,580,450,130,2.58,1.68,580,26,183,267
57350,634,6316,4192,2124,2.51,2.24,6316,433,2141,2051
57353,87,283,257,26,2.67,3.08,283,8,136,121
57354,,16,16,0,1.19,,16,0,,16
57355,153,533,376,157,2.64,2.41,533,46,128,248
57356,211,622,410,212,3.13,4.53,622,48,86,324
57358,6,11,9,2,1.22,1.5,11,0,,9
57359,56,216,172,44,2.58,3.43,216,10,62,110
57361,9,72,47,25,2.53,3.68,72,0,,47
57362,190,885,579,306,2.31,1.42,885,62,200,379
57363,75,424,301,123,2.75,1.67,424,0,134,167
57364,,5,,5,,,5,0,,
57365,69,262,210,52,2.13,2.06,262,8,58,152
57366,103,1013,761,252,2.36,2.55,1013,28,304,457
57367,29,106,86,20,2.56,3.0,106,6,35,51
57368,74,419,318,101,2.69,1.97,419,0,174,144
57369,106,999,726,273,2.43,2.56,999,31,318,408
57370,56,271,198,73,2.22,4.53,271,2,59,139
57371,45,75,40,35,1.6,1.89,75,0,3,37
57373,32,188,136,52,2.29,1.77,188,3,47,89
57374,40,129,118,11,2.47,1.64,129,8,52,66
57375,33,255,213,42,2.44,1.21,255,6,77,136
57376,84,403,302,101,2.3,1.36,403,46,124,178
57379,15,35,32,3,2.31,4.0,35,0,21,11
57380,175,959,658,301,3.48,3.58,959,86,220,438
57381,35,214,174,40,2.39,2.03,214,2,52,122
57382,112,546,415,131,2.17,1.37,546,42,170,245
57383,62,343,272,71,2.42,1.99,343,5,100,172
57384,39,440,390,50,2.58,1.46,440,12,145,245
57385,136,535,378,157,2.48,2.07,535,44,163,215
57386,20,154,105,49,2.12,2.29,154,0,40,65
57401,1192,13755,8471,5284,2.56,1.83,13755,1125,5283,3188
57420,93,53,38,15,2.29,3.53,53,0,4,34
57421,,25,25,0,3.84,,25,0,25,
57422,19,88,76,12,2.05,1.58,88,6,18,58
57424,20,83,79,4,2.67,,83,0,14,65
57426,10,5,,5,,5.0,5,0,,
57427,10,199,199,0,2.12,,199,0,136,63
57428,137,211,167,44,2.68,1.77,211,5,57,110
57429,1,45,40,5,1.68,,45,0,9,31
57430,184,819,646,173,2.45,1.36,819,16,279,367
57432,27,153,151,2,2.11,,153,0,11,140
57433,,202,172,30,1.93,1.8,202,0,48,124
57434,78,200,166,34,2.71,2.82,200,4,64,102
57435,23,121,99,22,2.08,3.64,121,0,27,72
57436,47,213,176,37,2.38,3.05,213,4,66,110
57437,241,600,494,106,2.37,1.2,600,25,87,407
57438,158,397,315,82,2.34,2.26,397,42,140,175
57439,20,28,28,0,,,28,0,,28
57440,46,152,136,16,3.71,1.75,152,0,39,97
57441,97,210,196,14,2.32,4.29,210,1,72,124
57442,463,899,677,222,2.32,2.63,899,9,255,422
57445,108,728,554,174,2.69,1.61,728,14,317,237
57446,108,268,260,8,2.7,1.88,268,2,60,200
57448,51,194,179,15,2.42,1.4,194,4,25,154
57449,33,100,61,39,1.34,4.51,100,0,5,56
57450,84,204,163,41,2.62,1.56,204,2,78,85
57451,183,837,670,167,2.89,2.52,837,22,345,325
57452,79,105,91,14,2.33,2.07,105,4,22,69
57454,72,272,238,34,3.18,1.47,272,0,82,156
57455,18,50,36,14,3.86,1.57,50,0,8,28
57456,85,221,169,52,2.93,4.25,221,7,56,113
57457,69,46,39,7,1.54,3.43,46,0,,39
57460,7,99,83,16,3.12,3.0,99,0,31,52
57461,31,138,114,24,2.67,1.96,138,0,37,77
57465,3,152,146,6,2.92,1.33,152,0,44,102
57466,26,64,52,12,2.77,1.42,64,0,5,47
57467,31,122,111,11,3.84,2.27,122,1,58,53
57468,19,152,126,26,2.05,3.85,152,0,42,84
57469,280,1290,923,367,2.65,1.63,1290,77,476,447
57470,38,25,17,8,2.53,2.0,25,0,2,15
57471,73,232,195,37,2.15,2.97,232,3,103,92
57472,139,369,292,77,2.69,1.94,369,5,101,191
57473,32,80,77,3,3.92,8.67,80,2,38,39
57474,53,63,58,5,2.72,3.8,63,0,20,38
57475,22,53,49,4,2.2,1.75,53,1,2,47
57476,39,157,142,15,2.58,3.67,157,2,39,103
57477,41,50,44,6,2.98,4.83,50,0,13,31
57479,6,224,204,20,2.59,3.1,224,0,126,78
57481,24,159,151,8,2.62,3.88,159,3,68,83
57501,452,7233,5194,2039,2.3,2.03,7233,486,3054,2140
57520,63,88,62,26,1.44,1.92,88,0,19,43
57521,23,64,43,21,3.4,4.57,64,0,,43
57522,22,232,135,97,2.49,2.58,232,28,51,84
57523,198,409,314,95,2.49,2.47,409,15,86,228
57528,125,361,234,127,3.03,2.43,361,6,89,145
57529,61,106,93,13,3.32,2.46,106,0,7,86
57531,17,36,26,10,1.46,3.6,36,3,2,24
57532,157,1249,1023,226,2.43,2.15,1249,38,542,481
57533,237,682,501,181,2.57,1.94,682,24,145,356
57534,49,70,62,8,2.45,,70,0,21,41
57536,70,157,123,34,2.33,3.06,157,2,30,93
57537,57,37,32,5,3.81,,37,0,7,25
57538,73,84,74,10,3.03,2.1,84,4,14,60
57540,15,35,26,9,4.96,3.67,35,0,15,11
57541,16,34,18,16,5.33,3.31,34,0,,18
57543,117,273,178,95,3.05,2.48,273,23,34,144
57544,41,162,137,25,2.82,2.4,162,0,67,70
57547,28,56,48,8,2.5,1.75,56,0,,48
57548,53,343,106,237,4.75,4.42,343,92,13,93
57551,194,731,444,287,2.75,3.54,731,37,193,251
57552,92,260,227,33,2.75,1.61,260,3,45,182
57553,11,47,44,3,2.93,1.67,47,9,,44
57555,239,1068,574,494,3.14,3.78,1068,195,76,498
57559,94,294,205,89,2.34,2.3,294,7,75,130
57560,24,175,91,84,3.6,3.1,175,26,31,60
57562,11,22,22,0,5.27,,22,0,,22
57563,32,36,14,22,2.57,5.68,36,0,,14
57564,83,353,314,39,2.29,2.54,353,3,125,189
57566,44,187,80,107,2.86,5.36,187,54,,80
57567,157,439,337,102,2.46,2.11,439,63,93,244
57568,111,231,193,38,2.68,1.79,231,4,60,133
57569,22,105,75,30,2.56,1.43,105,8,21,54
57570,103,480,160,320,2.76,5.78,480,100,14,146
57571,9,11,11,0,1.36,,11,0,5,6
57572,38,374,181,193,5.13,4.06,374,95,22,159
57574,20,77,49,28,1.73,1.86,77,0,,49
57576,27,66,46,20,2.17,,66,0,,46
57577,58,216,83,133,2.88,7.34,216,25,54,29
57579,95,359,226,133,3.63,2.67,359,29,53,173
57580,484,1628,1185,443,2.32,2.96,1628,121,362,823
57584,22,28,23,5,1.7,1.6,28,0,,23
57585,28,70,47,23,1.49,2.09,70,12,5,42
57601,224,1646,1060,586,2.1,2.11,1646,81,549,511
57620,57,259,207,52,2.3,1.75,259,5,68,139
57621,17,51,11,40,3.91,6.63,51,10,,11
57622,23,83,28,55,2.54,4.78,83,14,,28
57623,80,254,166,88,3.31,3.65,254,12,50,116
57625,217,1115,571,544,3.15,3.95,1115,89,190,381
57626,122,291,224,67,2.45,3.3,291,2,40,184
57630,,22,22,0,1.5,,22,0,9,13
57631,101,189,179,10,2.13,,189,0,81,98
57632,67,297,229,68,2.95,1.31,297,32,73,156
57633,43,177,139,38,2.5,1.76,177,3,27,112
57634,8,34,27,7,4.15,5.71,34,0,,27
57636,17,28,22,6,1.91,8.83,28,0,,22
57638,335,791,637,154,2.3,1.58,791,87,154,483
57639,11,73,8,65,4.13,5.12,73,10,1,7
57640,9,54,37,17,1.41,2.06,54,0,12,25
57641,60,121,98,23,2.54,2.26,121,2,27,71
57642,132,525,234,291,2.95,4.28,525,63,57,177
57644,28,144,111,33,1.81,1.82,144,0,16,95
57645,27,65,59,6,1.93,2.17,65,1,10,49
57646,31,97,93,4,2.68,2.5,97,0,34,59
57648,149,180,146,34,2.16,1.76,180,0,39,107
57649,27,98,78,20,2.53,4.7,98,0,6,72
57650,2,4,,4,,3.5,4,0,,
57651,49,49,47,2,2.66,,49,0,35,12
57652,5,83,48,35,4.17,5.23,83,9,11,37
57656,53,312,226,86,2.79,2.13,312,11,92,134
57657,19,55,46,9,4.11,2.89,55,3,11,35
57658,12,87,39,48,5.38,4.23,87,22,,39
57659,,1,1,0,3.0,,1,0,,1
57660,7,32,24,8,3.04,2.38,32,0,7,17
57661,4,53,26,27,3.08,6.78,53,4,,26
57701,1733,18311,10635,7676,2.48,2.1,18311,1815,6147,4488
57702,1661,14615,11030,3585,2.43,1.78,14615,489,6152,4878
57703,525,6421,5375,1046,2.58,2.47,6421,223,3249,2126
57706,62,502,,502,,3.26,502,8,,
57714,10,160,40,120,3.9,6.68,160,40,,40
57716,54,154,117,37,2.72,5.24,154,0,4,113
57717,453,3281,2475,806,2.65,1.9,3281,105,1449,1026
57718,125,3090,2729,361,2.5,2.28,3090,33,1878,851
57719,483,3974,2532,1442,2.93,2.29,3974,75,1736,796
57720,141,297,191,106,2.15,2.2,297,8,57,134
57722,140,81,68,13,1.75,1.85,81,0,5,63
57724,7,91,58,33,2.29,1.12,91,1,7,51
57725,32,131,98,33,2.15,1.52,131,0,53,45
57730,817,2433,1889,544,2.42,1.97,2433,40,1054,835
57732,353,1064,669,395,1.84,1.52,1064,23,158,511
57735,234,589,431,158,2.74,1.96,589,17,177,254
57737,38,,,0,,,,0,,
57738,42,157,150,7,1.42,1.86,157,0,84,66
57741,,68,53,15,1.6,,68,0,,53
57744,182,731,700,31,2.95,2.32,731,0,420,280
57745,285,713,587,126,2.72,1.75,713,6,296,291
57747,746,2687,2078,609,2.13,1.48,2687,116,1042,1036
57748,40,83,66,17,3.09,4.41,83,9,26,40
57750,51,49,25,24,1.84,2.83,49,19,6,19
57751,117,357,291,66,2.66,2.5,357,11,173,118
57752,184,424,166,258,5.73,5.16,424,80,22,144
57754,1386,1772,1197,575,1.93,2.08,1772,164,519,678
57755,13,57,41,16,2.27,2.88,57,2,16,25
57756,69,131,,131,,4.31,131,59,,
57758,12,48,33,15,1.33,5.4,48,0,18,15
57759,101,56,56,0,1.63,,56,0,37,19
57760,248,365,307,58,2.84,2.1,365,15,165,142
57761,87,377,312,65,4.18,3.75,377,8,214,98
57762,29,205,184,21,2.32,2.52,205,11,51,133
57763,17,129,109,20,2.74,3.4,129,4,44,65
57764,66,469,266,203,3.97,4.19,469,151,22,244
57766,60,61,61,0,2.77,,61,0,30,31
57767,12,98,85,13,1.62,2.85,98,0,23,62
57769,81,1520,1371,149,2.54,3.05,1520,0,770,601
57770,352,1017,523,494,6.27,5.26,1017,193,103,420
57772,139,321,218,103,3.81,7.74,321,93,44,174
57773,10,100,88,12,2.67,1.58,100,0,22,66
57775,88,93,76,17,3.16,2.71,93,0,18,58
57776,,,,0,,,,0,,
57779,41,137,137,0,1.96,,137,0,61,76
57780,13,37,17,20,1.59,,37,0,13,4
57782,,13,11,2,2.55,2.0,13,0,1,10
57783,852,7096,4270,2826,2.53,1.89,7096,326,2329,1941
57785,603,4067,2936,1131,2.55,2.12,4067,211,1616,1320
57787,52,206,155,51,3.05,3.67,206,0,28,127
57788,6,174,144,30,3.7,2.07,174,4,65,79
57790,152,373,284,89,2.92,2.93,373,24,131,153
57791,22,85,65,20,2.66,1.55,85,0,16,49
57792,17,51,51,0,3.37,,51,0,14,37
57793,62,721,587,134,2.79,2.34,721,31,231,356
57794,26,54,24,30,15.63,8.5,54,18,,24
57799,,,,0,,,,0,,
58001,9,113,100,13,2.41,1.46,113,2,47,53
58002,6,,,0,,,,0,,
58004,8,147,123,24,2.26,1.25,147,6,45,78
58005,28,330,330,0,2.81,,330,1,240,90
58006,12,187,160,27,2.73,1.41,187,5,93,67
58007,10,37,31,6,2.26,1.83,37,0,14,17
58008,10,99,87,12,2.08,1.33,99,0,36,51
58009,,9,9,0,2.22,,9,0,,9
58011,6,181,161,20,2.66,1.45,181,3,82,79
58012,47,1162,742,420,2.84,1.54,1162,28,470,272
58013,11,68,66,2,1.77,3.0,68,0,17,49
58015,15,90,80,10,2.45,3.5,90,1,43,37
58016,,122,94,28,1.98,1.89,122,0,73,21
58017,47,138,88,50,2.39,1.48,138,2,15,73
58018,20,146,130,16,3.22,6.63,146,1,48,82
58021,5,178,167,11,2.98,1.55,178,0,115,52
58027,69,636,484,152,2.28,1.49,636,25,200,284
58029,31,17,13,4,3.38,2.25,17,0,11,2
58030,52,263,245,18,2.58,1.78,263,0,112,133
58031,30,144,136,8,3.03,1.63,144,6,74,62
58032,40,313,231,82,2.25,1.52,313,15,101,130
58033,23,183,167,16,3.1,2.5,183,4,78,89
58035,58,96,91,5,2.3,3.4,96,0,8,83
58036,25,93,88,5,3.08,5.2,93,0,35,53
58038,14,107,91,16,2.24,2.0,107,1,43,48
58040,26,517,328,189,2.21,2.01,517,14,133,195
58041,127,622,544,78,2.47,3.49,622,8,258,286
58042,51,497,461,36,2.67,2.33,497,8,274,187
58043,25,69,66,3,2.53,1.67,69,2,31,35
58045,128,910,666,244,2.4,1.72,910,39,277,389
58046,32,233,190,43,3.03,1.72,233,0,77,113
58047,36,1618,1576,42,2.72,1.64,1618,5,859,717
58048,11,173,151,22,2.68,1.91,173,4,77,74
58049,31,138,129,9,2.09,1.33,138,1,44,85
58051,44,600,502,98,3.04,2.07,600,2,322,180
58052,1,242,212,30,2.38,1.73,242,7,109,103
58053,125,538,425,113,2.46,1.35,538,41,122,303
58054,117,1270,903,367,2.39,2.37,1270,73,473,430
58056,82,65,38,27,2.5,,65,0,6,32
58057,,88,80,8,2.75,,88,0,50,30
58058,24,45,45,0,2.44,,45,0,22,23
58059,26,502,447,55,3.05,2.31,502,6,355,92
58060,49,505,386,119,2.4,1.94,505,16,148,238
58061,6,128,99,29,2.15,1.86,128,0,49,50
58062,16,72,72,0,2.33,,72,0,29,43
58063,8,148,141,7,2.72,5.14,148,0,40,101
58064,49,203,154,49,2.56,2.59,203,1,49,105
58065,2,7,7,0,1.29,,7,0,,7
58067,18,106,89,17,2.4,3.29,106,0,41,48
58068,29,141,106,35,2.55,2.63,141,0,25,81
58069,8,67,48,19,1.98,1.95,67,0,18,30
58071,39,188,132,56,2.11,2.13,188,5,54,78
58072,415,3521,2487,1034,2.32,1.55,3521,189,1240,1247
58074,,21,21,0,1.95,,21,0,,21
58075,395,3818,2224,1594,2.4,1.88,3818,402,1168,1056
58076,,,,0,,,,0,,
58077,19,291,256,35,2.59,2.6,291,2,150,106
58078,563,14978,10083,4895,2.82,2.02,14978,549,7457,2626
58079,,133,133,0,2.96,,133,0,55,78
58081,32,377,334,43,2.42,1.4,377,2,189,145
58102,2631,13823,6427,7396,2.49,1.87,13823,1147,4035,2392
58103,1731,23452,9668,13784,2.33,1.92,23452,2034,5791,3877
58104,1102,19233,9550,9683,2.62,1.94,19233,789,6977,2573
58105,,14,11,3,7.18,,14,0,11,
58201,821,18957,9172,9785,2.6,1.89,18957,1122,5966,3206
58202,80,193,7,186,,2.53,193,7,,7
58203,1036,7468,2949,4519,2.21,1.9,7468,560,1714,1235
58204,4,587,,587,,3.34,587,1,,
58205,,,,0,,,,0,,
58210,31,128,114,14,2.13,2.21,128,0,29,85
58212,100,180,127,53,2.38,1.43,180,5,48,79
58214,81,160,144,16,2.38,2.19,160,0,98,46
58216,7,65,40,25,2.15,3.92,65,6,11,29
58218,9,324,287,37,2.58,1.7,324,11,110,177
58219,,36,36,0,1.78,,36,0,14,22
58220,200,972,627,345,2.45,1.52,972,28,220,407
58222,17,102,93,9,2.61,1.33,102,2,34,59
58223,18,59,47,12,1.79,1.33,59,0,12,35
58224,7,7,7,0,1.57,,7,0,,7
58225,96,429,332,97,2.44,1.57,429,7,130,202
58227,82,228,198,30,2.37,3.23,228,11,68,130
58228,122,341,223,118,2.32,1.86,341,4,130,93
58229,39,39,39,0,1.72,,39,4,13,26
58230,96,287,202,85,2.27,2.51,287,8,59,143
58231,19,159,144,15,2.15,2.53,159,8,40,104
58233,49,136,117,19,2.05,1.47,136,1,45,72
58235,43,206,174,32,2.75,2.22,206,0,74,100
58236,,39,37,2,1.14,2.0,39,0,,37
58237,131,2204,1570,634,2.34,1.78,2204,176,580,990
58238,19,33,32,1,2.66,3.0,33,0,10,22
58239,18,12,9,3,1.33,,12,0,3,6
58240,177,498,430,68,2.5,1.82,498,9,226,204
58241,32,73,54,19,3.11,3.42,73,0,4,50
58243,47,231,208,23,2.24,4.13,231,2,104,104
58244,31,16,15,1,2.53,2.0,16,0,7,8
58249,297,1003,804,199,2.4,2.02,1003,62,334,470
58250,47,100,74,26,2.32,1.15,100,5,9,65
58251,67,820,589,231,2.56,1.86,820,9,337,252
58254,84,221,191,30,2.39,1.27,221,8,46,145
58255,,,,0,,,,0,,
58256,11,298,268,30,2.66,2.27,298,2,146,122
58257,126,791,454,337,2.74,1.98,791,60,295,159
58258,13,128,125,3,1.89,4.0,128,2,29,96
58259,60,242,183,59,1.92,2.15,242,4,50,133
58260,32,73,64,9,3.23,1.33,73,0,4,60
58261,129,508,445,63,2.45,3.0,508,5,157,288
58262,9,24,14,10,2.86,,24,2,4,10
58265,48,176,171,5,2.92,2.0,176,1,47,124
58266,52,55,29,26,1.86,2.92,55,0,7,22
58267,97,511,410,101,2.69,1.94,511,2,201,209
58269,29,109,91,18,1.62,1.22,109,1,1,90
58270,149,794,604,190,2.63,1.72,794,17,228,376
58271,57,238,180,58,2.42,2.67,238,4,70,110
58272,55,104,97,7,2.08,,104,7,40,57
58273,28,82,75,7,2.16,,82,0,18,57
58274,14,429,335,94,2.46,1.85,429,10,171,164
58275,52,313,284,29,2.48,1.55,313,0,157,127
58276,68,210,190,20,1.98,4.15,210,3,85,105
58277,52,75,69,6,2.28,1.83,75,0,36,33
58278,11,787,730,57,2.68,1.75,787,6,467,263
58281,2,34,34,0,2.24,,34,0,,34
58282,81,590,400,190,2.38,1.35,590,8,111,289
58301,744,4267,2364,1903,2.78,1.69,4267,341,1067,1297
58310,,,,0,,,,0,,
58311,30,29,23,6,2.35,2.67,29,0,8,15
58313,18,34,31,3,1.77,5.0,34,0,6,25
58316,441,1706,1141,565,3.28,3.95,1706,71,115,1026
58317,71,81,77,4,2.49,,81,3,29,48
58318,974,1572,1209,363,2.53,2.08,1572,62,576,633
58321,62,36,34,2,2.82,,36,0,17,17
58323,5,21,21,0,4.1,,21,0,4,17
58324,147,625,435,190,2.27,2.32,625,45,113,322
58325,10,21,20,1,3.7,,21,0,2,18
58327,12,108,101,7,2.7,2.57,108,0,60,41
58329,249,801,574,227,3.71,2.92,801,158,82,492
58330,50,256,169,87,2.11,1.31,256,38,15,154
58331,36,84,77,7,1.78,,84,3,24,53
58332,64,122,92,30,2.1,1.6,122,17,18,74
58335,43,247,94,153,7.23,4.62,247,53,,94
58338,30,47,45,2,2.36,1.0,47,1,2,43
58339,22,5,1,4,2.0,4.0,5,0,,1
58341,330,1122,768,354,2.43,1.65,1122,83,249,519
58343,3,17,16,1,1.75,4.0,17,0,,16
58344,95,378,261,117,2.74,1.92,378,5,134,127
58345,47,69,64,5,2.73,2.0,69,0,11,53
58346,83,215,168,47,2.57,1.26,215,9,64,104
58348,105,334,255,79,2.38,1.96,334,21,86,169
58351,93,144,120,24,1.93,3.54,144,0,32,88
58352,61,162,144,18,2.67,1.94,162,11,50,94
58353,11,42,23,19,1.87,3.0,42,0,1,22
58355,18,16,16,0,3.06,,16,0,7,9
58356,129,777,460,317,2.52,1.43,777,87,173,287
58357,46,174,136,38,3.46,4.29,174,1,11,125
58361,56,116,78,38,2.63,2.03,116,0,30,48
58362,8,,,0,,,,0,,
58363,30,37,37,0,2.14,,37,0,,37
58365,45,89,70,19,1.77,,89,0,24,46
58366,106,316,225,91,2.75,3.1,316,28,113,112
58367,98,511,329,182,3.37,2.96,511,59,75,254
58368,299,1454,1117,337,2.46,1.6,1454,74,450,667
58369,118,329,268,61,2.91,3.34,329,7,42,226
58370,30,305,203,102,4.13,3.93,305,54,21,182
58372,27,39,39,0,3.28,,39,0,7,32
58374,132,304,253,51,2.12,2.9,304,2,63,190
58377,38,136,95,41,2.27,1.85,136,6,17,78
58379,40,54,17,37,3.76,4.92,54,15,3,14
58380,51,173,137,36,2.69,1.64,173,6,35,102
58381,74,139,126,13,2.4,3.69,139,0,48,78
58382,6,70,59,11,1.53,1.09,70,0,15,44
58384,102,168,152,16,1.98,1.38,168,6,33,119
58385,45,63,57,6,3.65,3.5,63,3,11,46
58386,13,35,26,9,2.12,1.78,35,3,,26
58401,988,7758,4631,3127,2.4,1.76,7758,451,2417,2214
58402,,,,0,,,,0,,
58405,,,,0,,,,0,,
58413,220,563,411,152,1.82,1.66,563,43,80,331
58415,6,68,65,3,2.89,,68,0,18,47
58416,160,170,153,17,2.38,,170,2,46,107
58418,42,194,158,36,1.97,1.22,194,7,46,112
58420,23,92,89,3,3.24,,92,2,37,52
58421,175,1255,948,307,2.3,1.93,1255,58,366,582
58422,5,48,39,9,2.13,1.11,48,3,19,20
58423,31,31,31,0,1.61,,31,0,5,26
58424,48,133,116,17,2.4,4.76,133,0,20,96
58425,174,522,430,92,2.45,2.03,522,26,142,288
58426,17,74,56,18,3.41,2.06,74,0,16,40
58428,260,102,61,41,1.93,2.37,102,0,8,53
58429,113,132,92,40,1.89,2.53,132,1,28,64
58430,10,57,57,0,2.44,,57,5,14,43
58431,6,55,53,2,1.94,4.0,55,0,3,50
58433,101,518,386,132,2.21,2.23,518,16,124,262
58436,265,667,508,159,2.46,1.97,667,24,247,261
58438,85,368,308,60,2.5,1.83,368,3,97,211
58439,33,55,55,0,1.96,,55,0,15,40
58440,67,59,47,12,2.96,1.67,59,0,13,34
58441,14,135,108,27,2.28,6.93,135,20,34,74
58442,105,187,168,19,2.2,3.05,187,5,38,130
58443,37,64,58,6,2.93,,64,1,18,40
58444,72,83,68,15,2.07,1.53,83,2,21,47
58445,70,73,64,9,3.92,2.11,73,0,39,25
58448,55,148,110,38,2.22,1.34,148,4,22,88
58451,48,41,38,3,2.53,1.67,41,0,3,35
58452,,13,8,5,5.88,,13,0,,8
58454,50,166,156,10,2.32,1.9,166,8,24,132
58455,20,114,100,14,3.34,5.64,114,1,37,63
58456,94,260,223,37,2.67,2.68,260,6,92,131
58458,94,421,337,84,2.49,2.71,421,6,139,198
58460,89,69,62,7,2.45,1.43,69,1,11,51
58461,72,184,165,19,2.47,1.68,184,19,81,84
58463,73,291,223,68,2.12,1.53,291,16,50,173
58464,42,101,97,4,2.42,1.5,101,4,28,69
58466,54,211,192,19,2.29,2.11,211,6,18,174
58467,96,237,185,52,2.79,5.27,237,8,41,144
58472,31,150,140,10,2.72,2.4,150,3,50,90
58474,118,1068,864,204,2.61,1.79,1068,9,414,450
58475,33,84,79,5,1.67,2.2,84,1,22,57
58476,21,200,190,10,1.81,3.8,200,0,136,54
58477,31,61,47,14,3.13,,61,0,27,20
58478,64,68,63,5,1.83,,68,0,13,50
58479,74,69,62,7,2.23,1.29,69,1,5,57
58480,5,100,84,16,2.19,1.25,100,14,15,69
58481,2,124,107,17,2.22,1.82,124,4,65,42
58482,48,442,324,118,2.07,2.22,442,5,94,230
58483,57,132,107,25,2.68,2.32,132,6,25,82
58484,18,38,30,8,2.6,3.13,38,0,4,26
58486,28,75,66,9,2.17,1.67,75,0,26,40
58487,43,185,155,30,3.13,2.77,185,1,18,137
58488,63,83,68,15,1.41,1.27,83,0,18,50
58490,29,105,102,3,2.28,4.0,105,0,29,73
58492,40,199,173,26,2.33,1.92,199,0,57,116
58494,49,140,109,31,2.96,2.45,140,1,37,72
58495,148,502,366,136,2.36,1.99,502,27,101,265
58496,13,99,49,50,1.59,1.14,99,0,22,27
58497,22,81,57,24,1.81,2.33,81,0,21,36
58501,1468,11794,7003,4791,2.49,2.03,11794,812,4196,2807
58503,912,14766,11125,3641,2.72,1.75,14766,660,6742,4383
58504,624,11443,8407,3036,2.58,1.97,11443,742,4474,3933
58505,,,,0,,,,0,,
58520,58,101,95,6,2.38,1.67,101,0,54,41
58521,45,287,283,4,2.37,2.0,287,0,161,122
58523,533,1337,1078,259,2.56,1.81,1337,41,428,650
58524,57,43,43,0,2.28,,43,0,16,27
58528,24,152,57,95,3.74,5.05,152,29,15,42
58529,150,308,256,52,2.68,1.33,308,6,79,177
58530,140,427,352,75,2.78,3.09,427,10,133,219
58531,121,180,180,0,1.94,,180,2,39,141
58532,29,143,101,42,2.18,1.62,143,2,15,86
58533,209,449,398,51,2.04,2.0,449,7,155,243
58535,81,207,180,27,2.11,1.59,207,2,60,120
58538,111,634,225,409,3.55,3.94,634,92,58,167
58540,290,1186,939,247,2.48,2.38,1186,29,444,495
58541,61,253,210,43,2.38,3.4,253,2,77,133
58542,50,126,111,15,2.19,2.4,126,0,20,91
58544,74,241,191,50,2.3,2.04,241,0,76,115
58545,487,1460,1221,239,2.3,2.24,1460,30,542,679
58549,38,95,88,7,2.95,2.29,95,0,7,81
58552,300,746,571,175,2.14,1.57,746,32,170,401
58554,1242,11361,8126,3235,2.55,2.24,11361,348,4993,3133
58558,10,340,301,39,2.92,2.77,340,0,172,129
58559,243,116,104,12,2.05,2.58,116,5,41,63
58560,21,89,76,13,2.83,2.54,89,0,40,36
58561,98,453,368,85,2.24,1.88,453,5,128,240
58562,64,149,140,9,2.37,2.0,149,0,47,93
58563,213,793,665,128,2.55,1.58,793,23,359,306
58564,14,42,42,0,1.24,,42,0,9,33
58565,110,96,73,23,1.95,1.26,96,0,35,38
58566,14,94,55,39,3.04,1.9,94,1,17,38
58568,62,178,118,60,3.13,3.48,178,0,10,108
58569,6,45,45,0,2.24,,45,0,11,34
58570,20,174,152,22,2.71,3.59,174,2,52,100
58571,57,263,244,19,2.39,1.11,263,7,78,166
58572,41,122,114,8,2.4,1.88,122,0,39,75
58573,63,266,211,55,2.42,1.33,266,2,39,172
58575,202,371,308,63,2.35,1.97,371,9,116,192
58576,38,462,384,78,2.31,1.53,462,5,153,231
58577,180,817,615,202,2.44,2.1,817,22,250,365
58579,92,487,433,54,2.46,2.52,487,20,213,220
58580,50,199,191,8,1.92,2.0,199,0,75,116
58581,64,129,96,33,1.94,1.48,129,7,15,81
58601,1620,11644,7020,4624,2.69,2.02,11644,653,4054,2966
58620,39,64,50,14,2.4,2.21,64,0,9,41
58621,198,555,430,125,2.45,2.28,555,33,186,244
58622,264,653,523,130,2.67,1.9,653,3,207,316
58623,300,764,585,179,2.43,2.8,764,16,243,342
58625,36,110,109,1,2.92,8.0,110,3,25,84
58626,50,179,121,58,3.08,4.5,179,0,29,92
58627,21,63,50,13,3.52,1.23,63,0,3,47
58630,69,235,169,66,2.25,3.03,235,4,74,95
58631,258,468,385,83,2.01,2.33,468,23,110,275
58632,23,81,71,10,2.65,1.6,81,2,17,54
58634,93,162,127,35,2.72,1.29,162,0,56,71
58636,221,336,272,64,2.64,4.19,336,5,116,156
58638,154,399,320,79,2.45,2.33,399,6,119,201
58639,249,797,570,227,2.33,1.84,797,22,206,364
58640,174,515,374,141,2.65,1.7,515,7,142,232
58641,9,37,32,5,2.72,,37,0,14,18
58642,5,99,61,38,2.43,2.37,99,1,10,51
58643,36,67,56,11,2.25,1.64,67,1,10,46
58644,,7,7,0,2.43,,7,0,6,1
58645,124,89,57,32,2.28,1.25,89,8,2,55
58646,193,464,368,96,2.34,1.96,464,2,147,221
58647,76,456,344,112,2.39,2.15,456,7,158,186
58649,77,129,102,27,2.14,3.11,129,0,9,93
58650,108,210,185,25,2.31,1.8,210,3,73,112
58651,56,223,202,21,2.18,2.19,223,0,29,173
58652,188,476,432,44,2.63,1.98,476,0,262,170
58653,115,290,246,44,2.76,2.43,290,0,78,168
58654,28,92,87,5,2.11,2.2,92,0,15,72
58655,23,253,214,39,2.3,3.95,253,0,83,131
58656,46,152,134,18,2.25,2.33,152,3,51,83
58701,2012,14218,8453,5765,2.52,1.99,14218,1016,5021,3432
58703,1228,9229,5494,3735,2.69,1.9,9229,231,3685,1809
58704,291,1290,4,1286,2.0,3.29,1290,80,4,
58705,,,,0,,,,0,,
58707,,,,0,,,,0,,
58710,64,256,239,17,2.33,1.94,256,3,91,148
58711,17,81,81,0,2.38,,81,0,9,72
58712,25,40,35,5,2.03,1.2,40,4,5,30
58713,1,32,32,0,5.31,,32,0,28,4
58716,11,123,121,2,2.37,,123,6,39,82
58718,32,424,379,45,2.77,3.87,424,5,206,173
58721,104,214,169,45,2.33,1.22,214,2,58,111
58722,24,654,511,143,2.76,2.61,654,19,365,146
58723,52,78,59,19,2.39,3.79,78,0,6,53
58725,52,162,153,9,2.98,2.11,162,0,94,59
58727,110,83,76,7,1.79,,83,2,13,63
58730,193,516,314,202,2.46,2.31,516,33,71,243
58731,19,149,109,40,2.66,2.55,149,2,56,53
58733,34,155,147,8,2.52,2.0,155,6,92,55
58734,32,115,111,4,2.28,1.5,115,2,49,62
58735,152,136,130,6,3.67,6.83,136,6,15,115
58736,55,238,215,23,2.1,1.43,238,11,57,158
58737,91,55,54,1,3.33,,55,0,24,30
58740,85,262,211,51,2.56,3.71,262,0,137,74
58741,57,291,252,39,2.51,2.15,291,10,103,149
58744,24,67,65,2,1.54,3.0,67,1,15,50
58746,242,638,462,176,2.23,1.63,638,16,136,326
58748,50,58,52,6,2.06,4.33,58,0,14,38
58750,40,148,109,39,2.73,2.13,148,0,44,65
58752,37,147,97,50,2.37,2.64,147,0,25,72
58755,73,98,98,0,2.23,,98,0,63,35
58756,37,92,73,19,2.03,1.37,92,2,10,63
58757,376,305,123,182,3.35,3.59,305,26,36,87
58758,11,117,115,2,2.3,1.5,117,0,32,83
58759,47,247,227,20,2.75,2.45,247,4,78,149
58760,49,108,101,7,2.55,1.14,108,1,42,59
58761,96,316,254,62,2.62,2.79,316,19,99,155
58762,17,73,51,22,2.98,1.14,73,0,15,36
58763,812,1372,744,628,2.93,2.79,1372,30,150,594
58765,90,155,128,27,1.81,4.74,155,4,2,126
58768,15,118,114,4,2.27,,118,0,44,70
58769,77,136,108,28,1.47,3.04,136,0,4,104
58770,405,573,330,243,3.29,2.56,573,62,100,230
58771,81,215,178,37,2.53,2.32,215,5,57,121
58772,22,75,51,24,1.94,1.04,75,0,15,36
58773,99,368,326,42,2.59,4.74,368,1,112,214
58775,26,66,43,23,3.3,2.22,66,1,7,36
58776,47,154,26,128,1.65,2.2,154,27,,26
58778,168,64,64,0,1.72,,64,36,44,20
58779,58,123,100,23,3.0,2.17,123,0,3,97
58781,60,206,190,16,2.73,2.0,206,5,125,65
58782,93,202,179,23,2.89,2.26,202,0,83,96
58783,44,182,165,17,2.38,,182,4,62,103
58784,286,985,647,338,2.68,2.62,985,48,310,337
58785,37,584,534,50,2.7,1.38,584,13,289,245
58787,84,61,54,7,2.13,,61,11,26,28
58788,146,435,352,83,2.04,1.45,435,30,151,201
58789,55,140,124,16,2.2,2.44,140,5,35,89
58790,76,601,436,165,2.78,1.87,601,29,260,176
58792,16,101,79,22,2.33,1.27,101,0,13,66
58793,84,211,194,17,2.58,2.65,211,10,85,109
58794,91,88,48,40,4.25,,88,6,21,27
58795,69,74,48,26,1.92,2.12,74,8,5,43
58801,4093,12965,6540,6425,2.84,2.2,12965,694,3653,2887
58830,48,88,82,6,3.26,,88,0,22,60
58831,203,397,310,87,3.08,3.16,397,0,206,104
58833,29,85,64,21,2.64,2.71,85,0,,64
58835,125,320,302,18,3.23,,320,0,192,110
58838,25,137,106,31,2.51,1.48,137,0,26,80
58843,71,251,232,19,3.37,3.32,251,0,122,110
58844,60,40,33,7,2.24,,40,7,18,15
58845,46,336,289,47,1.98,2.13,336,4,71,218
58847,23,112,74,38,2.81,2.08,112,0,18,56
58849,145,529,406,123,2.1,2.11,529,5,152,254
58852,335,834,595,239,2.25,1.82,834,10,151,444
58853,8,197,124,73,1.92,2.44,197,0,60,64
58854,1787,3074,1612,1462,2.8,2.66,3074,42,1052,560
58856,59,31,29,2,1.69,2.5,31,0,4,25
59001,163,645,517,128,2.04,2.23,645,8,214,303
59002,38,59,29,30,2.38,3.1,59,0,17,12
59003,118,501,198,303,2.3,2.15,501,88,61,137
59006,29,563,343,220,2.39,2.48,563,7,66,277
59007,20,66,38,28,2.45,2.79,66,0,20,18
59008,18,147,109,38,2.16,3.84,147,1,57,52
59010,10,103,59,44,1.78,1.77,103,0,11,48
59011,329,1165,915,250,2.64,2.62,1165,40,378,537
59012,7,32,22,10,1.86,4.0,32,1,1,21
59013,31,69,64,5,1.98,4.8,69,0,31,33
59014,133,663,447,216,2.66,2.31,663,15,213,234
59015,12,147,129,18,2.53,1.44,147,0,80,49
59016,58,254,174,80,3.49,3.8,254,15,15,159
59018,78,265,207,58,2.11,1.69,265,6,94,113
59019,218,1631,1362,269,2.56,1.59,1631,55,824,538
59020,95,50,24,26,1.58,1.88,50,2,6,18
59022,87,424,280,144,4.47,5.88,424,20,38,242
59024,44,142,103,39,2.07,3.1,142,3,43,60
59025,54,24,,24,,1.42,24,0,,
59026,4,83,44,39,2.25,1.23,83,0,13,31
59027,88,412,333,79,1.92,1.56,412,0,158,175
59028,180,252,195,57,2.07,2.19,252,0,66,129
59029,35,334,284,50,2.32,2.72,334,0,191,93
59030,183,744,346,398,2.1,1.34,744,23,99,247
59031,29,87,78,9,6.5,3.11,87,0,20,58
59032,29,201,153,48,1.78,2.23,201,5,17,136
59033,20,53,50,3,2.38,7.67,53,0,10,40
59034,366,1665,1074,591,2.92,3.41,1665,77,453,621
59035,115,118,99,19,2.44,,118,10,20,79
59036,222,592,429,163,2.28,3.21,592,32,180,249
59037,56,862,845,17,2.65,2.82,862,35,557,288
59038,102,274,205,69,1.88,2.78,274,11,59,146
59039,15,13,8,5,1.75,3.8,13,0,,8
59041,123,829,710,119,2.57,2.24,829,7,365,345
59043,157,645,408,237,5.24,4.92,645,38,26,382
59044,135,4883,3642,1241,2.56,2.46,4883,217,2227,1415
59046,66,209,173,36,2.18,3.58,209,4,57,116
59047,681,5792,4033,1759,2.31,1.96,5792,300,2462,1571
59050,130,359,264,95,5.02,4.13,359,19,37,227
59052,201,63,47,16,2.28,1.63,63,0,12,35
59053,134,159,140,19,2.09,5.84,159,9,30,110
59054,49,141,108,33,2.04,2.21,141,0,40,68
59055,20,34,11,23,4.36,4.0,34,0,,11
59057,40,330,315,15,2.21,2.0,330,0,155,160
59058,20,15,15,0,2.0,,15,0,1,14
59059,54,90,62,28,2.03,3.39,90,0,31,31
59061,185,150,129,21,1.62,1.19,150,1,32,97
59062,35,32,22,10,1.95,3.7,32,0,,22
59063,88,727,589,138,2.75,2.32,727,34,356,233
59064,86,102,76,26,2.57,,102,0,39,37
59065,61,75,71,4,1.7,4.5,75,0,51,20
59066,70,127,87,40,4.51,3.7,127,2,4,83
59067,40,92,53,39,2.96,3.13,92,0,18,35
59068,1072,1678,1059,619,2.0,1.61,1678,61,490,569
59069,122,282,267,15,2.35,2.87,282,4,130,137
59070,226,399,312,87,2.54,3.79,399,3,156,156
59071,183,45,33,12,2.45,4.58,45,0,23,10
59072,381,1914,1537,377,2.14,2.49,1914,101,735,802
59074,100,193,173,20,2.15,2.7,193,6,55,118
59075,38,88,74,14,3.12,2.5,88,0,15,59
59076,14,18,2,16,1.5,2.25,18,0,,2
59077,17,21,11,10,2.73,2.0,21,0,,11
59078,66,74,51,23,1.51,2.26,74,2,5,46
59079,91,1407,1324,83,2.27,2.84,1407,62,837,487
59081,163,45,43,2,2.33,,45,0,39,4
59082,24,9,5,4,2.6,1.75,9,0,3,2
59083,13,,,0,,,,0,,
59085,26,56,56,0,2.68,,56,0,,56
59086,186,456,357,99,2.09,1.64,456,5,153,204
59087,88,177,131,46,2.08,2.33,177,0,42,89
59088,27,454,297,157,2.77,1.99,454,0,129,168
59089,25,135,81,54,3.49,3.28,135,7,14,67
59101,1405,16739,9706,7033,2.54,2.03,16739,1064,5991,3715
59102,1393,20841,13905,6936,2.4,2.0,20841,1072,7848,6057
59105,732,12962,9794,3168,2.6,2.46,12962,426,6496,3298
59106,249,7799,5951,1848,2.77,1.66,7799,592,3833,2118
59201,497,1683,1084,599,3.05,3.34,1683,134,220,864
59211,30,50,44,6,5.75,,50,6,13,31
59212,34,129,108,21,2.5,4.48,129,1,36,72
59213,67,226,183,43,2.91,4.51,226,47,6,177
59214,17,27,24,3,2.0,,27,0,10,14
59215,100,460,370,90,2.04,1.72,460,0,108,262
59217,,70,70,0,2.59,,70,0,19,51
59218,110,374,289,85,2.63,2.05,374,11,148,141
59219,24,92,78,14,3.22,4.21,92,0,21,57
59221,207,856,721,135,2.51,2.1,856,73,217,504
59222,68,111,91,20,1.91,1.3,111,7,13,78
59223,171,26,26,0,2.0,,26,0,11,15
59225,30,144,92,52,3.98,5.63,144,13,14,78
59226,81,172,140,32,3.93,3.38,172,1,24,116
59230,357,1866,1413,453,2.43,2.23,1866,112,624,789
59231,711,143,122,21,2.3,4.38,143,12,3,119
59240,,8,8,0,1.75,,8,0,3,5
59241,59,190,131,59,2.24,2.14,190,7,45,86
59242,7,26,23,3,2.35,2.0,26,0,13,10
59243,84,117,84,33,2.7,3.0,117,1,24,60
59244,26,14,13,1,6.15,3.0,14,0,4,9
59247,58,166,118,48,1.78,1.73,166,0,28,90
59248,110,355,293,62,2.86,1.68,355,5,109,184
59250,17,78,61,17,3.85,1.24,78,0,20,41
59252,16,30,23,7,3.65,1.71,30,2,13,10
59253,36,34,34,0,2.71,,34,0,17,17
59254,336,790,595,195,2.24,1.99,790,38,259,336
59255,261,804,495,309,3.65,4.82,804,126,45,450
59256,,33,33,0,1.85,,33,0,6,27
59257,27,32,27,5,1.78,6.2,32,0,10,17
59258,25,74,44,30,1.82,2.3,74,0,6,38
59259,79,141,115,26,2.03,2.38,141,7,36,79
59260,74,41,30,11,2.27,1.73,41,0,7,23
59261,174,204,160,44,2.63,2.0,204,16,54,106
59262,57,284,171,113,2.23,1.74,284,7,48,123
59263,212,619,478,141,2.47,1.45,619,32,202,276
59270,683,3486,2308,1178,2.54,2.45,3486,297,1096,1212
59273,,5,4,1,3.0,2.0,5,0,2,2
59274,44,152,118,34,2.25,3.24,152,0,23,95
59275,81,181,158,23,2.6,2.61,181,4,22,136
59276,44,9,9,0,2.11,,9,0,,9
59301,854,4702,3069,1633,2.52,2.09,4702,255,1496,1573
59311,18,74,59,15,2.1,1.8,74,0,11,48
59312,10,3,3,0,2.0,,3,0,2,1
59313,256,956,655,301,2.84,1.46,956,86,292,363
59314,19,36,22,14,2.77,3.43,36,1,4,18
59315,18,32,27,5,2.37,1.4,32,1,9,18
59316,,13,13,0,1.23,,13,0,5,8
59317,153,446,339,107,2.47,1.91,446,15,144,195
59318,6,41,41,0,3.29,,41,0,5,36
59319,19,10,8,2,1.63,1.5,10,0,,8
59322,16,29,12,17,2.42,3.59,29,0,,12
59323,163,913,747,166,2.29,2.31,913,6,330,417
59324,127,379,268,111,2.03,2.19,379,15,76,192
59326,51,88,35,53,2.51,5.64,88,0,10,25
59327,347,921,606,315,2.76,1.89,921,53,263,343
59330,363,3674,2545,1129,2.42,1.76,3674,194,1019,1526
59332,20,80,37,43,2.27,1.91,80,0,7,30
59333,8,7,7,0,4.43,,7,0,2,5
59336,28,92,83,9,2.95,3.67,92,1,26,57
59337,162,284,198,86,2.24,2.31,284,1,62,136
59338,23,88,85,3,2.14,2.67,88,0,32,53
59339,24,52,48,4,1.73,3.75,52,3,12,36
59343,4,22,17,5,1.94,2.0,22,0,3,14
59344,31,213,184,29,2.99,2.59,213,10,105,79
59345,7,33,20,13,2.25,4.77,33,0,5,15
59347,68,149,116,33,2.1,4.82,149,0,46,70
59349,118,391,323,68,1.93,2.71,391,25,88,235
59351,13,93,76,17,2.62,1.71,93,0,5,71
59353,141,434,347,87,2.05,3.64,434,0,88,259
59354,,7,7,0,2.14,,7,0,,7
59401,873,6105,3352,2753,2.3,1.87,6105,579,2276,1076
59404,893,10913,9227,1686,2.66,2.42,10913,364,5629,3598
59405,1290,13631,7639,5992,2.34,2.35,13631,1101,4230,3409
59410,330,284,207,77,2.0,1.96,284,0,60,147
59411,325,164,126,38,3.89,7.03,164,0,34,92
59412,209,606,491,115,2.48,2.17,606,10,215,276
59414,127,342,218,124,1.82,2.87,342,6,130,88
59416,70,174,113,61,2.39,2.11,174,0,29,84
59417,411,2096,1193,903,3.42,3.82,2096,162,155,1038
59418,21,32,16,16,1.19,3.94,32,0,5,11
59419,23,44,30,14,1.87,1.29,44,0,12,18
59420,19,79,65,14,2.48,5.57,79,3,9,56
59421,665,885,731,154,2.13,2.24,885,25,268,463
59422,245,1035,740,295,2.26,2.92,1035,61,395,345
59424,,17,8,9,2.0,1.11,17,0,,8
59425,375,1388,926,462,2.87,2.14,1388,75,484,442
59427,423,1585,1182,403,2.95,2.5,1585,50,619,563
59430,68,230,177,53,2.2,2.62,230,4,64,113
59432,27,65,49,16,2.94,2.5,65,2,15,34
59433,75,203,138,65,2.3,2.38,203,0,63,75
59434,187,170,131,39,2.47,2.31,170,2,31,100
59435,,22,22,0,1.41,,22,0,,22
59436,86,828,660,168,2.55,2.36,828,54,321,339
59440,16,115,64,51,2.72,1.16,115,0,47,17
59441,41,31,18,13,3.39,3.38,31,0,,18
59442,218,681,521,160,2.52,2.34,681,17,221,300
59443,71,211,180,31,2.41,3.03,211,0,83,97
59444,24,125,57,68,2.51,2.87,125,42,19,38
59446,81,209,173,36,2.61,3.89,209,0,39,134
59447,38,113,93,20,2.47,4.15,113,0,28,65
59448,40,140,70,70,3.76,4.79,140,19,3,67
59450,77,220,161,59,2.91,2.64,220,5,76,85
59451,25,79,53,26,2.68,2.46,79,0,29,24
59452,152,211,165,46,2.18,3.52,211,0,40,125
59453,48,137,119,18,1.91,1.5,137,0,67,52
59454,24,64,54,10,2.09,1.4,64,0,17,37
59456,7,43,33,10,1.52,,43,10,15,18
59457,490,4146,2691,1455,2.24,1.91,4146,408,1309,1382
59460,48,111,107,4,1.29,2.0,111,0,4,103
59461,,5,5,0,2.0,,5,0,1,4
59462,28,93,86,7,2.28,1.57,93,2,19,67
59463,230,65,59,6,1.73,,65,0,,59
59464,37,206,152,54,2.55,2.52,206,47,52,100
59465,127,24,24,0,1.83,,24,0,6,18
59466,10,49,23,26,1.96,2.23,49,0,2,21
59467,14,29,23,6,2.43,2.33,29,0,6,17
59468,22,263,217,46,2.41,2.15,263,5,118,99
59469,35,37,34,3,3.06,3.0,37,0,10,24
59471,39,131,92,39,1.89,3.49,131,0,36,56
59472,58,297,211,86,2.09,4.49,297,69,97,114
59474,363,1306,774,532,2.27,2.1,1306,129,410,364
59477,20,121,92,29,2.26,3.52,121,6,35,57
59479,109,345,232,113,2.41,1.52,345,22,59,173
59480,45,134,119,15,2.35,2.67,134,0,61,58
59482,77,219,129,90,2.96,6.38,219,41,65,64
59483,48,146,128,18,2.52,1.22,146,0,55,73
59484,27,51,41,10,2.32,,51,0,4,37
59485,40,260,259,1,2.64,4.0,260,2,126,133
59486,80,488,371,117,1.9,3.8,488,32,129,242
59487,120,536,417,119,2.53,2.52,536,11,212,205
59489,44,196,166,30,1.52,1.87,196,6,56,110
59501,730,4972,3411,1561,2.49,2.09,4972,202,2090,1321
59520,113,433,276,157,2.7,2.2,433,38,69,207
59521,129,1096,495,601,4.1,3.24,1096,163,49,446
59522,122,479,224,255,2.75,2.54,479,89,92,132
59523,207,941,667,274,2.24,2.04,941,28,278,389
59524,64,252,180,72,3.18,4.4,252,12,17,163
59525,38,100,61,39,3.51,1.18,100,8,26,35
59526,226,753,411,342,3.92,3.05,753,129,101,310
59527,52,271,162,109,5.2,4.22,271,38,21,141
59528,12,110,76,34,2.25,1.71,110,5,7,69
59529,33,49,27,22,2.81,2.36,49,0,5,22
59530,6,52,52,0,2.98,,52,5,10,42
59531,54,149,125,24,3.13,2.08,149,0,72,53
59532,12,67,67,0,1.78,,67,11,21,46
59535,13,10,6,4,5.33,1.5,10,0,4,2
59537,6,14,14,0,2.21,,14,0,3,11
59538,239,1174,910,264,2.55,2.1,1174,30,468,442
59540,83,188,94,94,2.54,2.99,188,0,36,58
59542,23,111,72,39,2.44,2.23,111,1,25,47
59544,39,79,41,38,2.24,2.29,79,0,11,30
59545,9,33,33,0,1.7,,33,0,,33
59546,25,95,90,5,1.26,4.6,95,0,,90
59547,5,28,19,9,3.58,1.33,28,0,13,6
59601,1043,14555,8442,6113,2.3,1.79,14555,1264,5071,3371
59602,817,11079,9359,1720,2.6,2.3,11079,267,6252,3107
59623,,,,0,,,,0,,
59625,,,,0,,,,0,,
59631,30,152,132,20,2.34,3.4,152,1,98,34
59632,181,786,564,222,2.42,2.61,786,26,252,312
59633,53,140,140,0,1.82,,140,0,77,63
59634,188,1856,1703,153,2.9,2.25,1856,44,1103,600
59635,49,3157,2670,487,2.44,2.41,3157,43,1942,728
59636,,,,0,,,,0,,
59638,44,221,196,25,2.48,1.8,221,17,123,73
59639,469,634,540,94,1.96,2.12,634,10,259,281
59640,22,58,41,17,1.8,1.53,58,4,11,30
59642,14,34,27,7,,,34,0,,27
59643,100,299,299,0,1.89,,299,7,96,203
59644,177,1916,1536,380,2.52,2.04,1916,37,788,748
59645,385,627,579,48,2.37,2.92,627,0,280,299
59647,30,165,149,16,1.66,8.81,165,0,45,104
59648,443,182,125,57,2.0,1.96,182,8,35,90
59701,2131,14565,10071,4494,2.36,1.91,14565,1096,5505,4566
59710,102,126,91,35,2.68,1.69,126,0,32,59
59711,1793,4295,2941,1354,2.24,1.62,4295,264,1480,1461
59713,35,63,50,13,3.06,2.46,63,0,33,17
59714,428,8928,6335,2593,2.59,2.41,8928,65,4596,1739
59715,1360,14900,8394,6506,2.43,2.11,14900,489,4678,3716
59716,2224,1009,678,331,2.32,2.01,1009,0,502,176
59718,1099,16949,10001,6948,2.57,2.23,16949,455,6865,3136
59720,265,148,132,16,1.48,7.19,148,0,29,103
59721,63,173,133,40,2.59,2.03,173,2,54,79
59722,240,1828,1217,611,2.44,1.81,1828,100,556,661
59724,59,51,23,28,1.78,1.75,51,0,14,9
59725,355,3306,2161,1145,2.25,2.1,3306,67,1003,1158
59727,91,115,94,21,3.33,1.48,115,0,18,76
59728,65,136,111,25,2.27,3.72,136,0,47,64
59729,545,1031,835,196,2.13,2.17,1031,24,437,398
59730,367,768,606,162,2.82,1.77,768,9,272,334
59731,29,51,46,5,2.63,4.4,51,0,29,17
59732,15,74,34,40,3.5,3.93,74,0,15,19
59733,70,58,19,39,4.58,2.26,58,0,11,8
59735,46,95,78,17,3.0,1.71,95,0,35,43
59736,59,74,50,24,2.42,1.54,74,1,15,35
59739,189,146,128,18,1.98,3.11,146,0,59,69
59740,111,209,180,29,1.58,4.48,209,26,23,157
59741,73,1980,1485,495,2.79,2.34,1980,57,829,656
59743,69,84,64,20,2.13,1.95,84,0,32,32
59745,28,43,34,9,3.03,4.0,43,0,10,24
59746,72,62,54,8,2.09,3.63,62,1,16,38
59747,50,65,56,9,2.23,4.33,65,0,25,31
59748,16,110,101,9,2.96,,110,0,82,19
59749,139,762,669,93,2.79,1.81,762,13,318,351
59750,4,108,104,4,3.59,,108,0,68,36
59751,31,68,54,14,4.65,3.43,68,6,36,18
59752,246,1544,1217,327,2.47,2.78,1544,14,614,603
59754,138,419,251,168,2.97,1.96,419,0,108,143
59755,130,55,48,7,2.27,1.43,55,0,21,27
59756,,16,,16,,1.44,16,0,,
59758,956,679,483,196,2.56,1.65,679,37,222,261
59759,218,1631,1335,296,2.26,2.17,1631,82,644,691
59760,14,116,89,27,1.93,2.63,116,0,26,63
59761,90,157,115,42,2.27,2.0,157,0,52,63
59762,126,125,110,15,1.98,2.33,125,0,27,83
59801,953,14518,5498,9020,2.2,2.04,14518,1291,3706,1792
59802,983,8808,4240,4568,2.52,1.9,8808,706,2575,1665
59803,363,6307,4672,1635,2.63,2.84,6307,97,3155,1517
59804,186,3128,1988,1140,2.59,2.11,3128,85,1138,850
59808,473,8865,5685,3180,2.72,1.88,8865,508,3621,2064
59812,,,,0,,,,0,,
59820,225,804,697,107,2.28,3.17,804,32,407,290
59821,176,963,679,284,2.67,3.0,963,30,315,364
59823,135,736,631,105,2.37,2.73,736,0,385,246
59824,112,576,415,161,2.59,1.82,576,17,189,226
59825,312,870,780,90,2.74,2.17,870,7,473,307
59826,333,282,269,13,1.97,1.23,282,0,92,177
59827,37,145,126,19,1.71,2.11,145,0,66,60
59828,183,2293,1775,518,2.6,2.08,2293,73,1113,662
59829,356,1100,799,301,2.03,2.31,1100,41,327,472
59830,11,76,57,19,1.81,2.68,76,16,33,24
59831,36,212,147,65,2.88,2.62,212,7,44,103
59832,138,319,238,81,2.88,2.23,319,7,105,133
59833,131,2211,1957,254,2.56,1.81,2211,53,1126,831
59834,90,837,713,124,2.69,2.31,837,0,467,246
59837,55,143,98,45,2.12,2.58,143,0,29,69
59840,580,6665,4771,1894,2.21,1.88,6665,406,2521,2250
59841,10,192,126,66,5.37,3.59,192,0,11,115
59842,10,49,45,4,2.18,,49,0,34,11
59843,91,110,46,64,3.37,1.75,110,2,16,30
59844,88,253,200,53,2.08,4.09,253,0,95,105
59845,181,607,407,200,2.18,2.08,607,50,121,286
59846,139,599,583,16,1.91,,599,71,324,259
59847,108,2626,2000,626,2.32,2.62,2626,18,1180,820
59848,3,45,36,9,2.31,1.67,45,1,6,30
59851,,60,28,32,,3.19,60,0,20,8
59853,93,385,311,74,2.11,2.16,385,30,94,217
59854,95,94,63,31,2.29,2.23,94,1,17,46
59855,32,205,137,68,2.12,2.79,205,15,21,116
59856,13,64,57,7,3.02,3.43,64,0,22,35
59858,391,647,517,130,2.54,2.28,647,35,159,358
59859,369,1749,1288,461,2.23,2.06,1749,149,588,700
59860,2156,4539,3183,1356,2.5,2.51,4539,115,1941,1242
59863,8,98,98,0,1.95,,98,0,9,89
59864,353,2460,1627,833,2.58,3.12,2460,110,763,864
59865,113,1291,939,352,3.12,2.61,1291,127,495,444
59866,244,466,378,88,1.99,2.47,466,0,256,122
59867,9,21,12,9,1.5,2.0,21,0,,12
59868,792,974,909,65,2.05,1.75,974,0,380,529
59870,427,4695,3767,928,2.51,2.04,4695,87,2585,1182
59871,243,169,117,52,1.97,2.27,169,0,53,64
59872,215,938,762,176,2.23,2.6,938,34,324,438
59873,411,1284,996,288,2.17,2.09,1284,34,411,585
59874,156,823,695,128,2.41,1.75,823,13,236,459
59875,198,1632,1384,248,2.28,3.13,1632,0,848,536
59901,1526,22127,16227,5900,2.73,2.27,22127,874,10309,5918
59910,188,272,194,78,3.19,1.81,272,0,150,44
59911,2078,3676,3073,603,2.33,2.2,3676,47,1402,1671
59912,860,5843,4507,1336,2.67,2.64,5843,110,2845,1662
59913,120,280,236,44,1.65,2.43,280,0,104,132
59914,119,153,109,44,1.88,3.11,153,9,39,70
59915,45,123,68,55,2.38,2.62,123,17,40,28
59916,278,78,78,0,1.9,,78,3,33,45
59917,448,2027,1664,363,2.42,3.25,2027,74,1111,553
59918,71,228,194,34,2.22,4.97,228,7,128,66
59919,292,308,236,72,1.85,2.04,308,10,112,124
59920,142,577,498,79,2.35,3.05,577,9,275,223
59922,513,1040,839,201,2.52,1.43,1040,36,683,156
59923,870,4411,3316,1095,2.12,1.82,4411,238,1561,1755
59925,472,572,527,45,2.76,2.33,572,10,266,261
59926,46,176,158,18,1.81,3.83,176,0,84,74
59927,49,129,76,53,2.37,1.43,129,0,34,42
59928,342,84,64,20,1.86,3.1,84,0,9,55
59929,109,69,69,0,2.35,,69,0,14,55
59930,361,217,194,23,1.96,1.26,217,20,123,71
59931,278,131,128,3,2.19,,131,0,81,47
59932,326,698,493,205,1.88,2.19,698,0,142,351
59933,16,7,7,0,3.29,,7,0,2,5
59934,41,299,220,79,2.44,3.43,299,10,81,139
59935,776,1269,1001,268,2.66,2.75,1269,34,426,575
59936,359,179,139,40,2.2,1.83,179,2,21,118
59937,2353,6114,4453,1661,2.47,1.78,6114,286,2375,2078
60002,1382,9506,7444,2062,2.67,2.1,9506,393,5516,1928
60004,791,20494,15763,4731,2.56,2.42,20494,993,9711,6052
60005,942,12405,7906,4499,2.54,2.08,12405,681,5195,2711
60007,632,12745,9553,3192,2.61,2.48,12745,478,5999,3554
60008,455,8731,6217,2514,2.5,2.89,8731,375,4037,2180
60010,1222,16999,14906,2093,2.86,2.06,16999,665,10020,4886
60012,379,3929,3655,274,3.03,1.94,3929,134,2665,990
60013,176,9470,8434,1036,2.85,2.55,9470,236,6329,2105
60014,709,17177,13815,3362,2.86,2.34,17177,582,9882,3933
60015,278,10246,8594,1652,2.69,2.19,10246,504,5488,3106
60016,1815,24144,16603,7541,2.55,2.5,24144,1455,9459,7144
60018,633,9685,7072,2613,3.05,2.75,9685,569,3880,3192
60020,559,4869,3631,1238,2.27,2.15,4869,225,2447,1184
60021,149,2007,1680,327,2.64,2.34,2007,127,1115,565
60022,214,3106,2896,210,2.78,2.23,3106,80,1727,1169
60025,916,16088,12676,3412,2.69,2.3,16088,514,7712,4964
60026,384,5463,3884,1579,2.86,1.78,5463,457,2261,1623
60029,9,178,174,4,2.78,3.25,178,1,99,75
60030,764,13928,11160,2768,2.58,2.4,13928,622,7005,4155
60031,614,14258,10590,3668,2.85,2.08,14258,708,7372,3218
60033,309,4783,3201,1582,2.74,3.09,4783,259,1732,1469
60034,45,769,500,269,2.92,2.96,769,58,334,166
60035,529,12082,10101,1981,2.51,2.33,12082,454,6835,3266
60040,91,1974,890,1084,2.67,2.52,1974,104,633,257
60041,358,3442,2714,728,2.56,2.3,3442,149,1895,819
60042,211,3184,2562,622,2.62,2.82,3184,41,1772,790
60043,38,755,719,36,3.26,2.25,755,11,438,281
60044,261,4236,2911,1325,2.66,1.87,4236,211,1889,1022
60045,683,7659,6672,987,2.7,2.16,7659,372,3988,2684
60046,553,12024,9882,2142,3.06,2.24,12024,240,7426,2456
60047,701,14588,13016,1572,3.05,2.05,14588,162,9229,3787
60048,458,10455,8873,1582,2.91,1.98,10455,388,5989,2884
60050,541,12805,9791,3014,2.51,2.32,12805,514,7023,2768
60051,626,8956,7474,1482,2.64,2.46,8956,152,5160,2314
60053,577,9456,8181,1275,2.69,2.24,9456,625,4869,3312
60056,1321,21788,15210,6578,2.66,2.48,21788,1092,9425,5785
60060,570,13041,9695,3346,2.75,3.01,13041,276,6434,3261
60061,835,10486,7171,3315,2.79,2.3,10486,758,4818,2353
60062,2022,16453,13682,2771,2.61,1.95,16453,940,8079,5603
60064,811,5611,2315,3296,2.78,2.63,5611,797,1334,981
60067,1037,15301,11653,3648,2.6,2.33,15301,405,7544,4109
60068,1074,15179,12843,2336,2.68,1.99,15179,841,7390,5453
60069,228,3572,2946,626,2.44,1.53,3572,406,1701,1245
60070,108,6272,4099,2173,2.36,2.8,6272,219,1997,2102
60071,261,1866,1273,593,2.22,1.75,1866,77,716,557
60072,12,338,318,20,2.78,1.25,338,14,219,99
60073,874,19392,14972,4420,3.25,3.16,19392,420,11077,3895
60074,781,14463,8799,5664,2.51,2.73,14463,673,5822,2977
60075,,13,13,0,2.23,,13,0,,13
60076,700,11506,9041,2465,2.91,2.75,11506,748,5373,3668
60077,589,10878,6830,4048,2.69,2.56,10878,967,4111,2719
60081,191,3199,2984,215,2.96,1.91,3199,87,2297,687
60083,113,3366,3125,241,2.72,2.66,3366,16,2142,983
60084,363,6348,5095,1253,2.79,2.2,6348,191,3667,1428
60085,1524,24250,10749,13501,3.24,2.67,24250,2633,6235,4514
60087,362,9425,5933,3492,3.03,2.68,9425,735,3281,2652
60088,153,1330,8,1322,,2.78,1330,133,8,
60089,505,15953,12855,3098,2.75,2.43,15953,480,8533,4322
60090,683,15298,9551,5747,2.55,2.46,15298,700,5851,3700
60091,547,10292,9052,1240,2.78,2.03,10292,463,5546,3506
60093,677,7240,6471,769,2.85,2.47,7240,158,4229,2242
60096,215,2745,2228,517,2.5,2.19,2745,178,1332,896
60097,163,4433,3726,707,2.63,2.53,4433,161,2930,796
60098,545,12451,8876,3575,2.68,2.29,12451,792,5928,2948
60099,958,11012,7020,3992,3.02,2.48,11012,821,4565,2455
60101,357,13402,8892,4510,2.84,2.74,13402,644,5475,3417
60102,410,11971,10170,1801,2.79,2.25,11971,786,7601,2569
60103,403,14272,12022,2250,3.01,2.68,14272,439,8566,3456
60104,385,6056,4517,1539,3.3,2.45,6056,614,3220,1297
60106,251,7593,4112,3481,2.89,2.46,7593,484,2597,1515
60107,373,12854,10985,1869,2.99,3.52,12854,514,7872,3113
60108,444,9196,6745,2451,2.63,2.08,9196,498,4097,2648
60109,16,197,136,61,2.75,2.21,197,0,92,44
60110,307,11722,8731,2991,3.26,3.65,11722,471,5996,2735
60111,,70,53,17,1.66,,70,17,28,25
60112,72,1661,1193,468,2.83,2.44,1661,28,963,230
60113,7,93,68,25,3.43,3.12,93,1,46,22
60115,1321,16873,6789,10084,2.58,2.13,16873,1566,4417,2372
60118,225,6270,4436,1834,2.65,2.06,6270,186,2876,1560
60119,181,3962,3679,283,2.76,2.15,3962,54,2504,1175
60120,836,15953,10446,5507,3.2,3.16,15953,763,7255,3191
60123,647,17570,11789,5781,2.73,2.66,17570,1140,8172,3617
60124,,8744,8454,290,2.77,2.52,8744,76,6357,2097
60126,771,17332,14056,3276,2.88,1.86,17332,663,9345,4711
60129,2,104,95,9,2.23,1.22,104,12,64,31
60130,647,6961,3522,3439,2.29,1.75,6961,753,2408,1114
60131,458,5895,4315,1580,3.27,2.72,5895,416,2930,1385
60133,368,11220,8487,2733,3.23,3.72,11220,501,6189,2298
60134,316,10896,9339,1557,2.91,2.07,10896,254,6946,2393
60135,44,2703,1891,812,2.75,2.3,2703,89,1237,654
60136,199,2749,2278,471,2.97,3.36,2749,165,1939,339
60137,580,14629,11827,2802,2.79,2.01,14629,733,8056,3771
60139,576,11429,7351,4078,3.13,2.58,11429,433,5015,2336
60140,200,7007,5600,1407,3.1,2.46,7007,91,4224,1376
60141,,137,,137,,,137,28,,
60142,427,12494,11210,1284,2.38,2.2,12494,508,6014,5196
60143,205,4658,3511,1147,2.48,2.46,4658,76,2499,1012
60144,,43,35,8,2.43,1.5,43,0,10,25
60145,83,992,759,233,2.72,2.3,992,54,612,147
60146,41,927,631,296,2.66,2.19,927,23,451,180
60148,1151,20198,14504,5694,2.69,2.34,20198,1087,9310,5194
60150,75,674,456,218,3.22,2.44,674,51,326,130
60151,82,1530,1356,174,2.65,2.68,1530,12,976,380
60152,304,4580,3393,1187,2.74,2.62,4580,101,2203,1190
60153,1155,7875,4801,3074,3.24,2.56,7875,896,3314,1487
60154,226,6829,6236,593,2.46,2.2,6829,278,4215,2021
60155,173,3089,2045,1044,2.97,1.85,3089,344,1493,552
60156,170,9912,8340,1572,3.02,2.46,9912,228,6625,1715
60157,,967,945,22,2.62,3.59,967,0,396,549
60160,629,7949,4259,3690,3.22,3.14,7949,470,2652,1607
60162,173,2987,1854,1133,2.89,2.37,2987,300,1259,595
60163,85,1913,1775,138,2.75,3.07,1913,46,1127,648
60164,417,7162,5257,1905,3.3,2.13,7162,716,3200,2057
60165,110,1307,654,653,3.87,3.19,1307,90,398,256
60169,636,12161,7769,4392,2.91,2.6,12161,549,5377,2392
60171,364,3762,2342,1420,2.68,3.01,3762,300,1590,752
60172,238,9289,7221,2068,2.75,2.17,9289,418,5009,2212
60173,380,6534,2276,4258,2.4,2.0,6534,326,1550,726
60174,505,12490,8274,4216,2.61,2.03,12490,496,5626,2648
60175,360,8701,8414,287,2.96,3.19,8701,46,6324,2090
60176,281,4299,2396,1903,3.0,2.36,4299,249,1395,1001
60177,192,8111,6670,1441,2.97,2.62,8111,435,5406,1264
60178,361,8419,5757,2662,2.75,2.11,8419,301,4214,1543
60180,28,555,472,83,2.77,3.47,555,17,274,198
60181,1014,11261,7668,3593,2.8,2.5,11261,401,5350,2318
60183,,,,0,,,,0,,
60184,86,919,873,46,2.76,2.91,919,23,580,293
60185,463,10743,8248,2495,3.12,3.36,10743,526,5738,2510
60187,617,10341,7390,2951,2.92,1.99,10341,599,5213,2177
60188,450,15018,10589,4429,2.86,2.62,15018,805,7441,3148
60189,603,11835,9439,2396,2.68,2.18,11835,521,6378,3061
60190,114,4406,4039,367,2.59,2.35,4406,79,2687,1352
60191,257,5184,4024,1160,2.69,2.84,5184,66,2331,1693
60192,167,5785,5176,609,2.78,3.24,5785,95,3733,1443
60193,696,16016,11788,4228,2.47,2.58,16016,564,7718,4070
60194,475,8093,5663,2430,2.59,2.32,8093,511,3961,1702
60195,134,2271,704,1567,2.12,2.15,2271,214,513,191
60201,2084,16240,9285,6955,2.51,1.98,16240,3127,5601,3684
60202,1062,14016,7785,6231,2.53,2.3,14016,1763,5201,2584
60203,63,1670,1534,136,2.73,4.01,1670,18,1047,487
60208,,,,0,,,,0,,
60301,154,1842,353,1489,1.69,1.51,1842,399,200,153
60302,1001,14375,8490,5885,2.63,1.75,14375,2157,6024,2466
60304,252,6576,4811,1765,3.0,2.1,6576,369,3655,1156
60305,271,4428,3956,472,2.47,1.75,4428,231,2333,1623
60401,254,2895,2369,526,2.72,2.46,2895,144,1327,1042
60402,1945,22272,13701,8571,3.24,2.42,22272,2062,8821,4880
60403,217,7597,5186,2411,2.37,1.99,7597,386,3544,1642
60404,314,6944,6374,570,2.9,2.02,6944,240,4166,2208
60406,963,8971,4511,4460,3.23,2.33,8971,1398,2311,2200
60407,51,600,469,131,2.39,3.84,600,11,265,204
60408,50,2109,1660,449,2.75,2.03,2109,70,1138,522
60409,2454,13895,8152,5743,2.64,2.52,13895,1736,4867,3285
60410,45,4511,3976,535,3.06,3.33,4511,51,2872,1104
60411,3065,17999,11736,6263,2.88,2.97,17999,1832,6175,5561
60415,517,5415,3046,2369,2.62,2.53,5415,545,1878,1168
60416,103,3913,3022,891,2.43,2.21,3913,55,1646,1376
60417,447,6133,5386,747,2.59,2.04,6133,300,3301,2085
60418,551,4686,3444,1242,2.31,1.86,4686,366,2025,1419
60419,1046,7789,5491,2298,2.62,2.99,7789,771,3780,1711
60420,257,1811,1254,557,2.64,2.24,1811,186,695,559
60421,104,1537,1406,131,2.5,2.37,1537,41,915,491
60422,82,3721,3391,330,2.72,3.83,3721,147,2535,856
60423,478,10904,10096,808,3.0,2.54,10904,160,6891,3205
60424,134,844,648,196,2.7,2.58,844,24,325,323
60425,332,3073,2594,479,2.58,3.43,3073,109,1794,800
60426,2686,8572,4443,4129,3.02,2.49,8572,1608,2393,2050
60428,502,3492,2353,1139,2.96,3.81,3492,241,1314,1039
60429,765,5228,3298,1930,2.83,2.91,5228,673,2241,1057
60430,440,7594,5994,1600,2.68,2.47,7594,389,3653,2341
60431,412,8678,7618,1060,3.11,2.95,8678,252,5993,1625
60432,929,6278,3390,2888,3.42,2.83,6278,527,2166,1224
60433,491,5304,3414,1890,3.08,2.66,5304,399,2107,1307
60435,1239,18683,11794,6889,2.69,2.23,18683,1331,8207,3587
60436,505,6356,3343,3013,2.96,2.67,6356,616,2237,1106
60437,40,34,30,4,2.47,3.25,34,0,14,16
60438,1011,11306,7863,3443,2.72,2.3,11306,689,5404,2459
60439,393,8571,7579,992,2.95,1.99,8571,275,4451,3128
60440,617,17175,12823,4352,2.99,2.91,17175,636,9188,3635
60441,665,12122,9827,2295,2.9,2.56,12122,237,6681,3146
60442,225,4336,3938,398,3.0,2.31,4336,99,2848,1090
60443,467,8207,6268,1939,2.72,2.01,8207,540,4407,1861
60444,15,717,581,136,2.76,2.49,717,28,371,210
60445,221,5751,4457,1294,2.66,2.11,5751,227,2720,1737
60446,660,12458,10563,1895,3.33,2.68,12458,400,8243,2320
60447,88,5138,4476,662,3.01,3.07,5138,125,3240,1236
60448,380,8978,8112,866,2.86,2.31,8978,284,5962,2150
60449,103,3635,3408,227,2.59,3.23,3635,90,2322,1086
60450,355,8456,5417,3039,2.59,2.02,8456,521,3196,2221
60451,541,12328,11493,835,3.04,2.0,12328,71,8112,3381
60452,226,10163,8166,1997,2.82,2.07,10163,365,5402,2764
60453,1426,22064,17959,4105,2.66,2.41,22064,1502,10793,7166
60455,420,6061,4105,1956,3.05,2.19,6061,484,2287,1818
60456,47,1895,1369,526,2.33,2.16,1895,68,850,519
60457,299,4984,3566,1418,2.94,2.43,4984,138,1983,1583
60458,494,5190,2648,2542,2.52,3.31,5190,331,1397,1251
60459,426,9482,7537,1945,3.12,2.89,9482,322,4586,2951
60460,24,557,440,117,2.37,2.34,557,18,232,208
60461,186,1908,1633,275,2.62,2.24,1908,200,1218,415
60462,679,16086,13259,2827,2.61,2.2,16086,478,7619,5640
60463,308,5159,4902,257,2.6,2.42,5159,189,2791,2111
60464,575,3727,3409,318,2.64,2.17,3727,203,1703,1706
60465,417,7727,6037,1690,2.49,1.87,7727,445,3877,2160
60466,895,8108,4711,3397,2.53,2.65,8108,372,2193,2518
60467,355,9534,8807,727,2.63,2.55,9534,268,5270,3537
60468,66,2262,1704,558,2.73,1.96,2262,92,1127,577
60469,79,1642,1180,462,3.96,2.28,1642,100,772,408
60470,4,162,138,24,2.27,2.38,162,7,54,84
60471,385,5070,2693,2377,2.88,2.25,5070,486,2246,447
60472,483,1475,849,626,3.36,2.53,1475,305,430,419
60473,473,7480,6145,1335,2.81,3.13,7480,332,4748,1397
60474,47,308,255,53,2.45,1.47,308,16,124,131
60475,513,4196,2770,1426,2.71,1.76,4196,157,1752,1018
60476,46,983,779,204,2.46,1.81,983,66,461,318
60477,944,15474,12480,2994,2.43,2.25,15474,506,7873,4607
60478,447,5729,4453,1276,2.79,3.26,5729,402,3262,1191
60479,21,342,256,86,2.35,1.62,342,1,157,99
60480,60,2141,1705,436,2.56,2.18,2141,51,1175,530
60481,988,4642,3434,1208,2.42,2.31,4642,186,2080,1354
60482,367,4543,2711,1832,2.56,2.3,4543,528,1535,1176
60484,350,2441,1561,880,2.85,2.5,2441,211,1025,536
60487,252,9099,8627,472,2.93,2.3,9099,181,5903,2724
60490,77,6345,5885,460,3.56,3.4,6345,31,4786,1099
60491,293,7634,7222,412,2.99,2.73,7634,268,4673,2549
60501,330,3635,2118,1517,3.29,3.14,3635,279,913,1205
60502,457,8313,6623,1690,2.88,2.35,8313,118,4878,1745
60503,46,5501,4789,712,3.08,2.81,5501,17,3917,872
60504,984,13819,8552,5267,2.94,2.7,13819,523,6845,1707
60505,1015,18434,10961,7473,3.36,3.26,18434,799,6591,4370
60506,539,17374,11285,6089,2.83,2.75,17374,1224,7864,3421
60510,381,10580,8310,2270,2.84,1.97,10580,638,6146,2164
60511,70,666,573,93,2.88,1.97,666,2,437,136
60512,180,368,287,81,2.08,6.07,368,0,203,84
60513,446,7608,6097,1511,2.7,1.93,7608,244,4344,1753
60514,99,3756,3020,736,2.71,2.04,3756,147,2152,868
60515,541,11854,9213,2641,2.58,1.84,11854,603,6031,3182
60516,579,11822,9127,2695,2.57,2.08,11822,209,5478,3649
60517,468,12680,8248,4432,2.72,2.45,12680,232,5922,2326
60518,102,1511,1044,467,2.43,2.38,1511,37,577,467
60519,,24,24,0,1.67,,24,0,18,6
60520,64,1146,896,250,2.67,1.98,1146,67,645,251
60521,404,6020,5261,759,2.98,2.65,6020,118,3447,1814
60523,262,4359,3483,876,2.51,1.53,4359,365,1686,1797
60525,667,12230,9751,2479,2.66,2.01,12230,538,5932,3819
60526,453,5192,3802,1390,2.76,2.02,5192,396,2376,1426
60527,1019,12056,9717,2339,2.36,2.32,12056,678,5032,4685
60530,29,237,193,44,3.46,2.82,237,2,141,52
60531,50,793,580,213,2.42,3.15,793,41,393,187
60532,696,12698,7153,5545,2.57,1.79,12698,583,5074,2079
60534,353,3900,2478,1422,2.8,2.59,3900,295,1539,939
60536,3,50,40,10,2.7,1.4,50,2,30,10
60537,71,244,224,20,2.59,3.6,244,5,171,53
60538,372,9528,7710,1818,3.04,3.46,9528,285,5796,1914
60539,,,,0,,,,0,,
60540,925,15524,11772,3752,2.85,2.1,15524,432,7741,4031
60541,104,1115,942,173,3.11,2.56,1115,37,628,314
60542,199,7024,5239,1785,2.77,1.97,7024,298,3888,1351
60543,162,13874,11803,2071,2.93,2.39,13874,450,9344,2459
60544,431,10038,8708,1330,2.83,2.12,10038,365,6002,2706
60545,276,4720,3555,1165,2.74,3.18,4720,144,2236,1319
60546,427,6546,4908,1638,2.61,2.35,6546,394,2900,2008
60548,315,4430,3538,892,2.67,2.86,4430,174,1970,1568
60549,,151,124,27,3.97,3.78,151,0,94,30
60550,51,493,366,127,2.27,1.72,493,50,229,137
60551,23,1445,1233,212,2.26,2.62,1445,35,768,465
60552,140,1547,1197,350,2.88,2.39,1547,63,808,389
60553,18,266,230,36,2.77,1.44,266,13,151,79
60554,80,4398,4107,291,2.76,2.48,4398,129,2733,1374
60555,233,5281,4148,1133,2.59,2.71,5281,134,3108,1040
60556,24,750,622,128,3.07,3.03,750,17,446,176
60557,,84,84,0,3.1,,84,0,41,43
60558,159,4510,4398,112,2.99,3.14,4510,34,2902,1496
60559,846,10091,5720,4371,2.5,2.29,10091,460,3543,2177
60560,177,8991,7630,1361,2.91,2.98,8991,219,6131,1499
60561,266,9281,7483,1798,2.54,2.44,9281,255,4547,2936
60563,773,15718,8646,7072,2.71,2.04,15718,1397,6241,2405
60564,527,14950,12905,2045,3.13,2.94,14950,134,9282,3623
60565,530,13639,12092,1547,2.92,2.45,13639,275,9017,3075
60585,60,7377,6676,701,3.33,3.23,7377,69,5659,1017
60586,253,13980,12863,1117,3.46,3.31,13980,145,10616,2247
60601,1764,8787,2715,6072,1.82,1.53,8787,4219,1541,1174
60602,6,581,382,199,1.67,2.34,581,303,221,161
60603,222,734,486,248,1.52,1.45,734,326,266,220
60604,74,401,123,278,1.65,1.74,401,188,59,64
60605,1709,17467,7939,9528,1.77,1.59,17467,6382,5855,2084
60606,322,2388,877,1511,1.51,1.3,2388,1323,709,168
60607,1747,13169,6038,7131,1.95,2.05,13169,3382,4693,1345
60608,2897,27804,10977,16827,3.07,2.34,27804,6441,6708,4269
60609,3417,22402,8453,13949,3.02,2.58,22402,5717,4674,3779
60610,4258,24654,9467,15187,1.83,1.51,24654,11400,5710,3757
60611,5317,22394,10343,12051,1.61,1.48,22394,9747,5471,4872
60612,2440,13766,4502,9264,2.43,2.27,13766,4635,3238,1264
60613,2498,28334,10975,17359,2.11,1.72,28334,10152,8139,2836
60614,3231,33922,15355,18567,2.35,1.74,33922,10493,10752,4603
60615,2715,21709,6587,15122,2.27,1.73,21709,7613,3974,2613
60616,1735,24622,9510,15112,2.41,1.83,24622,6965,6084,3426
60617,5431,30141,16994,13147,2.71,2.89,30141,6783,9293,7701
60618,4132,36855,18599,18256,2.78,2.36,36855,5372,14242,4357
60619,5749,28030,12354,15676,2.48,2.09,28030,8441,7737,4617
60620,4820,25825,12356,13469,2.95,2.42,25825,7215,7209,5147
60621,4998,10783,2580,8203,2.81,2.27,10783,5084,1216,1364
60622,2349,24839,9957,14882,2.38,2.05,24839,4831,8006,1951
60623,4732,26225,9635,16590,3.12,2.83,26225,6779,5041,4594
60624,3097,13204,3487,9717,3.09,2.61,13204,5201,2076,1411
60625,2448,30888,12259,18629,2.58,2.47,30888,6700,8995,3264
60626,2975,23272,6426,16846,2.16,1.96,23272,9491,4780,1646
60628,6026,23198,13274,9924,2.78,2.72,23198,5128,7839,5435
60629,3013,33175,18908,14267,3.66,2.68,33175,6568,11644,7264
60630,2051,21358,14253,7105,2.72,2.36,21358,2162,9334,4919
60631,594,12189,9106,3083,2.69,1.82,12189,1384,5752,3354
60632,2154,26080,14496,11584,3.64,2.97,26080,4233,8783,5713
60633,598,5127,3287,1840,2.63,2.05,5127,545,1729,1558
60634,1759,27567,20292,7275,2.94,2.41,27567,1818,12962,7330
60636,3200,11391,5267,6124,2.95,2.38,11391,3847,2408,2859
60637,4916,21450,5338,16112,2.04,2.19,21450,8969,3286,2052
60638,1014,20775,16475,4300,2.96,2.38,20775,1649,9716,6759
60639,2587,26363,12759,13604,3.68,3.07,26363,4183,8319,4440
60640,3233,36521,12131,24390,1.98,1.71,36521,13593,8614,3517
60641,2397,24917,13403,11514,3.11,2.52,24917,3463,9336,4067
60642,825,10515,3832,6683,2.19,1.94,10515,2593,3216,616
60643,1631,18075,13140,4935,2.74,2.66,18075,2062,8320,4820
60644,2520,17870,5278,12592,3.11,2.4,17870,6933,3194,2084
60645,1295,16806,8550,8256,2.84,2.85,16806,2718,5491,3059
60646,458,10946,8540,2406,2.76,2.29,10946,588,5416,3124
60647,3837,36880,13972,22908,2.64,2.1,36880,7735,11188,2784
60649,4794,23349,5592,17757,2.12,2.04,23349,9416,3541,2051
60651,2294,20564,9216,11348,3.37,2.94,20564,4692,6078,3138
60652,509,13479,11284,2195,3.22,3.16,13479,976,8044,3240
60653,1543,16925,4917,12008,2.3,1.89,16925,6618,4221,696
60654,2098,14294,5107,9187,1.67,1.43,14294,6350,3470,1637
60655,557,10730,9069,1661,2.77,1.75,10730,526,5866,3203
60656,488,12471,7733,4738,2.43,2.08,12471,919,4668,3065
60657,3206,38263,14732,23531,2.19,1.68,38263,14588,11156,3576
60659,1415,13838,6146,7692,2.97,3.25,13838,1808,3439,2707
60660,2491,21179,7677,13502,2.08,1.9,21179,7876,5005,2672
60661,793,6850,2327,4523,1.64,1.58,6850,2889,1922,405
60706,450,9408,7061,2347,2.63,2.27,9408,798,3677,3384
60707,1235,15551,9923,5628,2.84,2.3,15551,1487,6550,3373
60712,481,4766,3818,948,2.73,3.04,4766,355,1736,2082
60714,600,11744,8979,2765,2.6,2.39,11744,1225,4936,4043
60803,497,8925,5759,3166,2.74,2.07,8925,518,3615,2144
60804,2030,23915,12853,11062,3.87,3.11,23915,2430,7361,5492
60805,267,7495,6240,1255,2.7,2.29,7495,511,4185,2055
60827,2143,9589,3694,5895,2.66,2.73,9589,2366,2472,1222
60901,2250,13338,7959,5379,2.51,2.41,13338,1599,4533,3426
60910,34,225,152,73,2.27,2.48,225,13,72,80
60911,79,494,382,112,2.5,2.63,494,10,205,177
60912,23,233,184,49,2.09,3.14,233,1,81,103
60913,41,712,636,76,2.33,1.49,712,14,229,407
60914,826,9493,6707,2786,2.95,2.27,9493,309,4673,2034
60915,433,3943,2531,1412,2.48,2.6,3943,302,1452,1079
60917,8,181,165,16,2.38,4.44,181,3,106,59
60918,38,279,262,17,2.14,2.53,279,13,106,156
60919,33,227,164,63,2.18,2.71,227,2,77,87
60920,9,81,72,9,2.13,3.56,81,1,32,40
60921,105,685,483,202,2.4,2.1,685,58,210,273
60922,47,1008,751,257,2.64,2.46,1008,28,357,394
60924,89,661,492,169,2.28,2.23,661,24,244,248
60926,,41,38,3,1.76,4.67,41,0,25,13
60927,77,938,731,207,2.5,1.77,938,17,408,323
60928,28,228,181,47,2.38,1.85,228,6,108,73
60929,38,276,199,77,2.42,2.36,276,21,86,113
60930,43,295,222,73,2.3,2.25,295,22,116,106
60931,47,228,198,30,2.96,3.83,228,6,123,75
60932,,127,121,6,3.08,,127,0,94,27
60933,9,131,97,34,2.22,2.03,131,8,46,51
60934,8,94,72,22,2.31,2.68,94,0,22,50
60935,28,426,384,42,3.18,2.17,426,2,286,98
60936,81,1943,1441,502,2.21,1.92,1943,137,675,766
60938,167,726,586,140,2.6,1.59,726,27,306,280
60939,,,,0,,,,0,,
60940,62,1100,927,173,2.79,2.87,1100,61,571,356
60941,51,650,521,129,2.72,2.17,650,25,318,203
60942,482,2298,1655,643,2.67,2.02,2298,193,725,930
60945,11,94,82,12,2.72,2.42,94,0,41,41
60946,31,192,151,41,2.42,1.95,192,6,66,85
60948,183,644,604,40,2.34,4.45,644,6,308,296
60949,54,201,137,64,2.11,3.3,201,18,80,57
60950,251,4849,3314,1535,2.67,1.73,4849,296,2092,1222
60951,48,328,240,88,2.58,2.67,328,4,138,102
60952,68,226,190,36,2.63,3.69,226,10,109,81
60953,123,937,711,226,2.96,2.0,937,42,384,327
60954,261,2233,1620,613,2.28,2.56,2233,159,769,851
60955,97,580,529,51,3.07,3.12,580,14,219,310
60956,8,50,34,16,2.71,1.56,50,6,26,8
60957,234,2204,1730,474,2.74,1.58,2204,161,1079,651
60958,434,646,445,201,2.07,2.44,646,58,159,286
60959,66,447,327,120,2.08,1.58,447,39,157,170
60960,80,317,260,57,2.91,2.67,317,7,164,96
60961,60,297,264,33,2.5,2.64,297,12,135,129
60962,38,221,140,81,2.49,3.57,221,5,53,87
60963,109,491,360,131,2.41,3.65,491,15,171,189
60964,183,1879,1347,532,2.66,2.18,1879,76,755,592
60966,23,649,480,169,2.32,1.91,649,13,222,258
60967,,26,26,0,2.12,,26,0,,26
60968,59,198,181,17,2.6,2.88,198,3,77,104
60969,2,24,17,7,2.53,4.0,24,0,10,7
60970,455,2870,2032,838,2.32,1.79,2870,281,1110,922
60973,10,107,74,33,2.31,4.82,107,9,39,35
60974,15,106,81,25,2.41,3.64,106,1,44,37
61001,707,544,465,79,2.13,3.32,544,10,251,214
61006,41,611,456,155,2.27,2.1,611,36,244,212
61007,,142,128,14,2.66,2.29,142,0,76,52
61008,697,12529,9928,2601,2.82,2.33,12529,621,6026,3902
61010,282,2849,2220,629,2.74,2.12,2849,195,1525,695
61011,33,919,876,43,2.87,2.02,919,8,533,343
61012,72,850,719,131,3.04,3.79,850,25,475,244
61013,9,291,269,22,2.3,2.0,291,12,154,115
61014,50,494,398,96,2.26,2.49,494,5,148,250
61015,60,328,255,73,2.67,4.58,328,2,172,83
61016,69,2087,1849,238,2.29,2.49,2087,33,1112,737
61018,118,416,334,82,2.34,3.61,416,0,162,172
61019,376,1275,1095,180,2.69,2.06,1275,24,642,453
61020,71,964,870,94,3.21,3.87,964,2,614,256
61021,1019,8907,6322,2585,2.34,1.9,8907,774,3578,2744
61024,82,990,780,210,2.48,2.18,990,81,479,301
61025,172,1946,1460,486,2.35,1.8,1946,112,810,650
61027,,48,17,31,2.47,2.55,48,31,9,8
61028,223,865,678,187,2.05,1.96,865,54,346,332
61030,61,824,662,162,2.83,2.79,824,27,369,293
61031,45,639,439,200,2.74,2.2,639,63,219,220
61032,1347,13052,8406,4646,2.27,2.04,13052,1615,4196,4210
61036,1798,3377,2704,673,2.13,1.66,3377,204,1529,1175
61037,,55,55,0,1.95,,55,0,19,36
61038,38,417,405,12,3.18,2.0,417,0,359,46
61039,26,304,244,60,2.79,2.55,304,3,169,75
61041,185,609,396,213,2.34,2.4,609,39,204,192
61042,29,192,149,43,2.54,2.86,192,22,76,73
61043,10,50,35,15,2.57,4.4,50,0,24,11
61044,,76,72,4,1.79,1.75,76,4,29,43
61046,801,1093,935,158,2.38,2.6,1093,12,464,471
61047,33,664,551,113,2.51,2.9,664,9,288,263
61048,156,1678,1430,248,2.48,1.32,1678,35,829,601
61049,20,216,165,51,2.66,4.76,216,2,119,46
61050,30,102,85,17,2.87,2.0,102,0,49,36
61051,37,605,505,100,2.47,1.77,605,25,204,301
61052,81,388,348,40,2.32,2.73,388,1,148,200
61053,244,1132,941,191,2.44,2.19,1132,22,501,440
61054,107,1830,1134,696,1.86,1.95,1830,237,580,554
61057,7,26,26,0,3.19,,26,0,26,
61059,18,80,54,26,2.72,2.23,80,0,34,20
61060,133,577,464,113,2.54,1.95,577,55,262,202
61061,367,2986,2234,752,2.37,1.94,2986,251,1105,1129
61062,39,718,601,117,2.93,2.56,718,13,335,266
61063,48,1633,1477,156,2.47,3.27,1633,69,831,646
61064,161,1793,1173,620,2.26,2.53,1793,59,670,503
61065,329,3477,3005,472,2.98,3.11,3477,53,2305,700
61067,45,359,296,63,1.94,1.94,359,18,153,143
61068,363,5960,3544,2416,2.65,2.11,5960,559,2125,1419
61070,55,524,466,58,2.91,3.12,524,6,277,189
61071,663,5803,4324,1479,2.4,2.28,5803,369,2673,1651
61072,179,4184,3553,631,2.74,1.71,4184,69,2292,1261
61073,225,7140,5913,1227,2.97,2.55,7140,91,4340,1573
61074,363,1966,1322,644,2.09,2.31,1966,179,577,745
61075,68,421,374,47,2.34,2.53,421,7,178,196
61077,,,,0,,,,0,,
61078,97,484,422,62,2.64,4.03,484,15,185,237
61079,8,80,65,15,2.45,3.33,80,23,27,38
61080,331,4298,3266,1032,2.42,2.6,4298,59,1957,1309
61081,933,8786,6132,2654,2.54,2.01,8786,515,3453,2679
61084,154,1106,980,126,2.84,2.21,1106,3,659,321
61085,157,1374,1077,297,2.25,2.22,1374,84,614,463
61087,91,637,552,85,2.47,2.15,637,26,273,279
61088,79,2514,2247,267,2.66,1.67,2514,52,1476,771
61089,61,293,229,64,2.25,2.27,293,1,145,84
61091,,10,10,0,1.9,,10,0,10,
61101,936,7719,4109,3610,2.68,2.53,7719,1395,2356,1753
61102,948,6199,3795,2404,2.4,2.84,6199,531,1738,2057
61103,1467,10002,5210,4792,2.32,2.2,10002,1431,3221,1989
61104,1269,8061,3071,4990,2.5,2.27,8061,1750,1336,1735
61107,1057,12975,8690,4285,2.38,1.93,12975,1029,5279,3411
61108,995,11956,7517,4439,2.44,2.33,11956,868,4284,3233
61109,799,10802,6892,3910,2.57,2.31,10802,773,4084,2808
61111,574,9744,6490,3254,2.45,2.11,9744,627,4227,2263
61112,,71,,71,,1.11,71,63,,
61114,306,6474,4570,1904,2.42,1.92,6474,554,2851,1719
61115,392,8518,6634,1884,2.6,2.76,8518,314,4768,1866
61201,1956,15443,9441,6002,2.36,2.14,15443,1799,5680,3761
61230,41,379,335,44,2.28,2.89,379,6,166,169
61231,341,2114,1344,770,2.54,1.92,2114,157,735,609
61232,22,621,531,90,2.34,2.08,621,13,370,161
61233,,107,77,30,2.44,1.87,107,5,42,35
61234,30,507,386,121,2.46,1.83,507,22,201,185
61235,21,706,575,131,2.38,2.22,706,31,303,272
61236,13,31,26,5,2.58,3.0,31,0,17,9
61237,,,,0,,,,0,,
61238,110,1066,948,118,2.6,2.1,1066,14,599,349
61239,68,522,168,354,1.99,2.31,522,41,88,80
61240,180,2464,2176,288,2.39,2.61,2464,48,1326,850
61241,185,2812,2314,498,2.46,2.24,2812,20,1473,841
61242,29,527,455,72,2.4,1.76,527,21,277,178
61243,3,139,121,18,2.18,1.94,139,0,87,34
61244,695,9173,6298,2875,2.49,2.2,9173,953,3192,3106
61250,60,1161,847,314,2.35,2.29,1161,23,461,386
61251,,179,170,9,2.43,2.78,179,0,132,38
61252,293,2472,1844,628,2.27,1.8,2472,47,1095,749
61254,427,4965,4163,802,2.52,1.66,4965,271,2487,1676
61256,29,834,666,168,2.35,2.04,834,51,411,255
61257,138,331,272,59,2.81,2.63,331,5,102,170
61258,5,79,74,5,2.72,4.0,79,1,58,16
61259,65,541,491,50,2.58,2.12,541,6,319,172
61260,27,307,252,55,2.34,2.07,307,33,149,103
61261,143,347,285,62,1.97,2.89,347,12,112,173
61262,46,295,266,29,2.41,4.07,295,23,74,192
61263,44,313,226,87,2.78,3.01,313,13,145,81
61264,393,4655,3530,1125,2.25,1.94,4655,220,2035,1495
61265,1790,18784,12519,6265,2.42,2.16,18784,1486,7307,5212
61270,305,2733,2256,477,2.35,3.04,2733,156,1095,1161
61272,86,486,367,119,2.64,2.76,486,10,174,193
61273,52,1154,967,187,2.83,2.32,1154,40,567,400
61274,,99,90,9,2.32,2.67,99,0,48,42
61275,57,1724,1433,291,2.62,2.0,1724,64,950,483
61276,46,22,22,0,3.27,,22,0,16,6
61277,206,1164,926,238,2.63,2.16,1164,55,499,427
61278,53,273,244,29,2.52,1.62,273,0,119,125
61279,32,422,351,71,2.52,2.13,422,2,172,179
61281,95,965,877,88,2.47,2.63,965,37,587,290
61282,422,3978,2149,1829,2.48,1.6,3978,588,1232,917
61283,98,498,407,91,3.23,3.91,498,7,199,208
61284,31,881,819,62,2.01,2.42,881,51,475,344
61285,304,693,590,103,2.39,2.36,693,11,283,307
61301,396,4394,2878,1516,2.22,2.41,4394,406,1489,1389
61310,149,1536,1117,419,2.26,2.35,1536,151,540,577
61311,28,138,121,17,2.55,4.24,138,0,101,20
61312,22,174,137,37,2.36,2.41,174,6,64,73
61313,18,109,100,9,2.04,2.78,109,0,67,33
61314,30,352,296,56,2.36,2.48,352,14,176,120
61315,29,87,54,33,2.39,3.42,87,1,7,47
61316,13,106,89,17,2.43,2.12,106,0,53,36
61317,19,218,173,45,2.28,1.8,218,2,105,68
61318,25,273,184,89,2.45,3.38,273,15,85,99
61319,56,515,451,64,2.17,2.72,515,1,287,164
61320,22,251,208,43,2.4,3.23,251,2,113,95
61321,73,104,91,13,3.45,2.0,104,2,32,59
61322,103,507,401,106,2.8,3.19,507,17,124,277
61323,7,57,50,7,2.0,3.14,57,1,31,19
61324,,42,42,0,1.9,,42,0,17,25
61325,41,415,362,53,2.76,2.42,415,6,237,125
61326,160,822,620,202,2.57,2.5,822,29,274,346
61327,51,549,485,64,2.71,2.73,549,7,306,179
61328,,45,45,0,2.98,,45,0,45,
61329,64,513,423,90,2.3,3.49,513,10,233,190
61330,47,465,391,74,2.74,1.88,465,5,224,167
61331,,,,0,,,,0,,
61332,5,68,61,7,1.93,3.57,68,1,33,28
61333,42,115,113,2,3.06,3.0,115,1,60,53
61334,18,264,205,59,2.53,2.32,264,4,112,93
61335,68,128,109,19,3.06,2.16,128,4,56,53
61336,70,197,144,53,1.98,2.32,197,12,97,47
61337,22,188,154,34,2.69,3.79,188,1,96,58
61338,39,115,85,30,1.96,1.73,115,7,37,48
61340,22,213,174,39,2.4,1.49,213,1,113,61
61341,577,2952,2192,760,2.48,2.63,2952,75,1271,921
61342,376,3412,2514,898,2.66,1.92,3412,255,1557,957
61344,33,124,105,19,1.98,3.21,124,8,46,59
61345,58,300,274,26,2.41,1.96,300,7,110,164
61346,,35,32,3,1.72,2.33,35,3,12,20
61348,240,1917,1515,402,2.34,2.26,1917,44,811,704
61349,86,416,345,71,2.29,2.7,416,21,183,162
61350,1268,10016,6848,3168,2.47,2.23,10016,495,4306,2542
61353,122,462,350,112,3.0,1.59,462,27,207,143
61354,569,4577,3323,1254,2.28,2.07,4577,365,1556,1767
61356,628,4753,3539,1214,2.34,1.98,4753,252,1952,1587
61358,19,144,136,8,2.08,1.88,144,1,53,83
61359,9,185,157,28,2.19,2.0,185,3,95,62
61360,94,1321,1039,282,2.61,2.66,1321,12,504,535
61361,126,498,405,93,2.89,2.34,498,10,271,134
61362,189,2484,1527,957,2.64,1.83,2484,289,811,716
61363,27,135,106,29,2.22,1.52,135,5,34,72
61364,728,8275,5518,2757,2.31,1.89,8275,530,2309,3209
61367,35,351,201,150,2.51,2.45,351,4,101,100
61368,87,545,441,104,2.2,3.13,545,44,246,195
61369,164,618,487,131,2.03,1.86,618,3,231,256
61370,57,504,413,91,2.48,1.79,504,28,259,154
61371,,42,,42,,1.95,42,0,,
61372,14,77,57,20,2.82,1.45,77,0,37,20
61373,107,759,651,108,2.78,2.51,759,3,416,235
61374,3,33,27,6,3.26,2.17,33,0,20,7
61375,273,465,444,21,2.37,3.48,465,16,187,257
61376,87,813,599,214,2.22,1.84,813,22,323,276
61377,73,663,476,187,2.42,1.98,663,29,177,299
61378,9,124,96,28,2.19,3.5,124,9,49,47
61379,91,512,403,109,2.4,2.55,512,52,246,157
61401,2118,13569,8223,5346,2.18,2.02,13569,1702,4424,3799
61402,,,,0,,,,0,,
61410,128,1586,1124,462,2.57,2.09,1586,65,608,516
61411,70,198,98,100,1.76,1.55,198,8,38,60
61412,40,514,488,26,2.42,1.35,514,37,304,184
61413,41,415,332,83,2.34,3.08,415,4,176,156
61414,52,285,256,29,2.61,3.14,285,8,114,142
61415,130,801,660,141,2.35,1.68,801,13,282,378
61416,37,131,119,12,2.2,1.58,131,13,46,73
61417,,115,106,9,2.43,2.11,115,9,64,42
61418,51,282,275,7,2.28,4.71,282,0,123,152
61419,5,51,45,6,1.73,,51,7,9,36
61420,105,406,333,73,2.48,2.33,406,25,167,166
61421,99,575,455,120,2.71,2.51,575,33,214,241
61422,311,1226,926,300,2.53,2.19,1226,108,483,443
61423,28,296,206,90,2.4,1.84,296,0,152,54
61424,,17,15,2,3.4,4.0,17,0,12,3
61425,41,173,159,14,2.25,3.0,173,17,62,97
61426,,17,17,0,4.35,,17,10,10,7
61427,183,797,655,142,2.26,2.75,797,37,326,329
61428,418,418,393,25,2.67,2.24,418,9,208,185
61430,26,291,228,63,2.22,1.4,291,7,121,107
61431,12,124,117,7,2.13,1.86,124,2,45,72
61432,14,267,239,28,2.28,3.64,267,6,126,113
61433,,17,8,9,2.25,3.22,17,0,8,
61434,141,1206,965,241,2.37,2.19,1206,45,434,531
61435,11,67,46,21,2.26,4.24,67,0,39,7
61436,17,353,281,72,2.35,2.21,353,19,163,118
61437,102,267,186,81,2.48,2.12,267,30,94,92
61438,55,282,244,38,2.75,1.42,282,12,148,96
61439,7,97,69,28,2.36,2.96,97,4,42,27
61440,19,303,256,47,2.31,2.7,303,6,85,171
61441,52,363,312,51,2.37,2.59,363,13,154,158
61442,135,312,256,56,2.45,2.02,312,2,137,119
61443,922,5603,3940,1663,2.33,2.53,5603,717,1798,2142
61447,50,481,448,33,2.32,2.21,481,2,236,212
61448,109,1530,1310,220,2.39,3.2,1530,54,828,482
61449,48,127,124,3,1.5,,127,3,48,76
61450,107,764,655,109,2.25,2.17,764,58,287,368
61451,3,69,59,10,2.98,2.0,69,3,45,14
61452,,88,83,5,2.05,1.6,88,0,32,51
61453,37,240,172,68,2.33,2.74,240,0,79,93
61454,29,186,138,48,2.3,2.29,186,15,48,90
61455,1747,7069,3759,3310,2.29,1.93,7069,736,1915,1844
61458,15,230,198,32,2.23,2.31,230,5,85,113
61459,4,119,118,1,2.7,,119,3,68,50
61460,,101,93,8,2.55,2.75,101,0,29,64
61462,508,4352,3276,1076,2.39,2.04,4352,292,1817,1459
61465,63,535,478,57,2.27,2.04,535,44,266,212
61466,14,102,97,5,2.79,2.2,102,1,57,40
61467,28,469,387,82,2.96,2.13,469,7,234,153
61468,14,88,88,0,2.19,,88,0,69,19
61469,251,936,822,114,2.39,1.85,936,2,379,443
61470,18,204,189,15,2.65,1.47,204,9,120,69
61471,,44,44,0,3.02,,44,2,23,21
61472,58,219,205,14,1.96,1.93,219,7,98,107
61473,123,520,355,165,2.09,2.12,520,19,166,189
61474,33,114,92,22,2.51,1.27,114,3,28,64
61475,9,90,79,11,1.96,2.0,90,0,49,30
61476,42,201,190,11,2.57,2.45,201,2,118,72
61477,32,201,166,35,2.63,4.4,201,3,60,106
61478,,89,89,0,3.4,,89,18,68,21
61479,,23,18,5,2.11,3.0,23,0,4,14
61480,178,456,346,110,2.61,3.09,456,18,153,193
61482,19,227,180,47,2.53,1.85,227,11,78,102
61483,82,807,588,219,2.39,2.06,807,40,318,270
61484,73,343,305,38,2.15,1.29,343,6,154,151
61485,93,183,159,24,2.5,1.63,183,5,78,81
61486,68,592,494,98,2.61,2.5,592,3,319,175
61488,31,534,430,104,2.34,2.15,534,15,277,153
61489,60,329,292,37,2.54,1.97,329,4,163,129
61490,119,496,381,115,2.37,1.92,496,28,209,172
61491,79,938,783,155,2.35,1.74,938,17,355,428
61501,190,759,583,176,2.29,1.73,759,42,295,288
61516,28,267,248,19,2.77,1.42,267,2,168,80
61517,54,1099,913,186,2.79,2.4,1099,41,573,340
61519,26,93,79,14,2.62,3.71,93,2,41,38
61520,739,6522,4742,1780,2.15,2.37,6522,345,2392,2350
61523,356,4454,3558,896,2.33,2.37,4454,84,2150,1408
61524,4,147,130,17,2.2,3.18,147,3,62,68
61525,266,3891,3287,604,3.01,2.71,3891,68,2348,939
61526,78,339,330,9,2.49,2.11,339,8,180,150
61528,83,1094,1080,14,2.93,6.43,1094,26,753,327
61529,127,1134,935,199,2.89,2.4,1134,42,516,419
61530,56,2655,1761,894,2.56,1.76,2655,198,949,812
61531,156,1321,960,361,2.38,2.05,1321,53,476,484
61532,25,204,154,50,2.57,1.78,204,1,47,107
61533,87,821,667,154,2.96,2.13,821,8,473,194
61534,70,684,550,134,2.82,2.69,684,16,324,226
61535,73,653,639,14,3.19,3.14,653,0,466,173
61536,162,1324,1078,246,2.58,1.65,1324,32,657,421
61537,135,1189,885,304,2.46,1.64,1189,81,449,436
61539,5,79,68,11,2.16,1.64,79,6,41,27
61540,191,1028,860,168,2.48,3.96,1028,27,439,421
61541,10,53,38,15,1.92,1.47,53,0,22,16
61542,248,1425,1186,239,2.45,1.86,1425,111,698,488
61543,12,60,43,17,1.91,1.88,60,8,11,32
61544,79,284,245,39,2.95,2.69,284,7,128,117
61545,14,313,289,24,2.2,4.04,313,5,180,109
61546,234,1604,1388,216,2.35,2.09,1604,38,802,586
61547,98,1427,1367,60,2.73,2.8,1427,19,883,484
61548,192,4538,4038,500,2.74,2.14,4538,51,2374,1664
61550,528,7476,5940,1536,2.58,1.69,7476,558,3329,2611
61552,23,111,111,0,2.53,,111,0,39,72
61553,12,85,74,11,3.08,2.91,85,11,34,40
61554,1660,17422,12486,4936,2.34,2.06,17422,1311,7961,4525
61559,83,1386,1141,245,2.7,2.93,1386,18,647,494
61560,402,258,230,28,1.79,3.57,258,35,114,116
61561,81,908,707,201,2.53,2.5,908,26,383,324
61562,23,61,61,0,1.43,,61,0,8,53
61563,63,234,213,21,2.22,2.0,234,6,102,111
61564,17,381,307,74,2.56,3.64,381,33,157,150
61565,35,609,501,108,2.28,2.43,609,15,253,248
61567,85,267,234,33,1.63,2.36,267,0,80,154
61568,143,1636,1216,420,2.94,2.12,1636,36,679,537
61569,,398,369,29,2.37,2.45,398,6,190,179
61570,78,704,573,131,2.55,2.06,704,39,309,264
61571,620,9512,7442,2070,2.75,2.02,9512,459,4742,2700
61572,35,445,345,100,2.39,2.38,445,10,174,171
61602,142,495,79,416,1.62,1.2,495,175,33,46
61603,1767,6566,3130,3436,2.11,2.56,6566,1064,1794,1336
61604,1480,11992,7980,4012,2.34,2.2,11992,1698,4997,2983
61605,1359,5775,2242,3533,2.49,2.36,5775,1399,882,1360
61606,567,2552,1145,1407,2.59,2.14,2552,295,780,365
61607,398,4214,3699,515,2.5,2.17,4214,120,2186,1513
61610,153,2131,1610,521,2.38,2.15,2131,41,876,734
61611,1221,10006,7649,2357,2.43,2.09,10006,563,4736,2913
61614,1213,13133,8058,5075,2.33,1.84,13133,873,5186,2872
61615,777,10147,6466,3681,2.5,1.81,10147,629,3656,2810
61616,429,2873,1716,1157,2.19,1.78,2873,228,908,808
61625,,,,0,,,,0,,
61701,1950,15810,8920,6890,2.28,1.88,15810,1678,5532,3388
61704,884,15046,9884,5162,2.64,2.09,15046,829,5858,4026
61705,341,4839,3818,1021,2.87,2.12,4839,133,2746,1072
61720,47,84,76,8,2.96,3.75,84,1,50,26
61721,20,217,181,36,2.28,3.83,217,2,61,120
61722,16,230,200,30,2.83,3.1,230,0,101,99
61723,43,1071,895,176,2.45,2.15,1071,35,549,346
61724,10,163,151,12,2.72,2.08,163,6,93,58
61725,30,598,560,38,2.83,2.63,598,8,332,228
61726,183,1033,732,301,2.78,2.71,1033,10,486,246
61727,406,4011,2825,1186,2.43,2.08,4011,210,1702,1123
61728,46,456,339,117,2.7,2.72,456,11,255,84
61729,7,429,373,56,3.01,1.82,429,16,216,157
61730,11,145,111,34,2.44,3.88,145,0,74,37
61731,17,45,31,14,2.35,6.5,45,14,16,15
61732,65,766,672,94,2.68,2.27,766,3,520,152
61733,50,354,285,69,2.44,1.86,354,5,195,90
61734,168,1019,857,162,2.66,2.28,1019,25,440,417
61735,51,162,150,12,2.67,1.92,162,4,100,50
61736,17,911,805,106,2.75,2.59,911,7,470,335
61737,22,184,173,11,2.43,3.09,184,6,103,70
61738,147,1558,1211,347,2.89,2.22,1558,109,758,453
61739,76,1935,1398,537,2.57,1.88,1935,73,802,596
61740,112,580,479,101,2.15,2.55,580,13,197,282
61741,37,626,516,110,2.66,1.6,626,7,349,167
61742,8,465,429,36,2.76,1.81,465,4,239,190
61743,16,64,59,5,2.03,1.8,64,0,25,34
61744,33,658,508,150,2.43,2.05,658,9,264,244
61745,66,1643,1337,306,2.88,2.89,1643,76,802,535
61747,53,644,498,146,2.53,1.64,644,58,344,154
61748,227,959,913,46,2.69,1.89,959,21,617,296
61749,22,315,272,43,1.79,1.6,315,3,96,176
61750,,26,12,14,5.58,2.5,26,0,12,
61751,,31,31,0,1.84,,31,0,23,8
61752,55,1737,1464,273,2.53,2.52,1737,73,1036,428
61753,69,1228,1061,167,2.64,1.83,1228,26,583,478
61754,14,414,320,94,2.63,2.88,414,6,155,165
61755,102,1890,1598,292,2.48,2.25,1890,40,1084,514
61756,130,913,702,211,2.71,3.19,913,19,449,253
61759,59,564,463,101,2.75,1.97,564,15,255,208
61760,109,984,692,292,2.45,2.16,984,36,360,332
61761,2319,20141,11230,8911,2.57,2.15,20141,1152,7305,3925
61764,483,5358,3518,1840,2.3,2.16,5358,392,2071,1447
61769,28,247,235,12,2.7,3.75,247,11,130,105
61770,50,440,346,94,2.71,1.72,440,2,238,108
61771,55,265,252,13,3.12,2.23,265,5,155,97
61772,,70,54,16,3.28,1.94,70,0,34,20
61773,31,130,120,10,2.31,1.3,130,1,82,38
61774,127,368,298,70,2.47,2.54,368,10,196,102
61775,7,122,107,15,1.78,4.07,122,1,32,75
61776,19,527,471,56,2.25,2.43,527,2,310,161
61777,26,420,341,79,2.26,2.14,420,5,170,171
61778,53,225,214,11,2.22,1.18,225,5,95,119
61801,2008,10938,3370,7568,2.23,1.93,10938,2342,1872,1498
61802,1005,8709,4646,4063,2.51,1.82,8709,1009,2683,1963
61810,17,97,88,9,2.5,1.44,97,2,43,45
61811,35,278,221,57,2.44,2.12,278,16,104,117
61812,5,139,120,19,2.68,1.89,139,10,69,51
61813,68,685,542,143,2.49,2.01,685,24,297,245
61814,3,475,399,76,2.59,2.83,475,3,164,235
61815,22,160,115,45,1.92,2.49,160,0,53,62
61816,30,144,119,25,2.82,2.6,144,0,48,71
61817,32,1090,829,261,2.34,1.93,1090,30,498,331
61818,38,675,518,157,2.27,2.61,675,18,279,239
61820,3155,14582,3114,11468,2.43,2.04,14582,3835,1813,1301
61821,1464,12401,7153,5248,2.29,2.34,12401,900,4342,2811
61822,676,11083,7573,3510,2.64,2.12,11083,512,4788,2785
61830,,174,150,24,2.77,3.33,174,7,57,93
61831,17,98,98,0,1.71,,98,2,37,61
61832,2989,13589,8124,5465,2.4,2.39,13589,2072,3364,4760
61833,,829,652,177,2.06,2.77,829,72,292,360
61834,323,2509,2172,337,2.61,1.99,2509,104,996,1176
61839,63,219,169,50,2.69,3.16,219,17,108,61
61840,,198,181,17,2.6,3.35,198,0,75,106
61841,36,462,421,41,2.52,2.39,462,4,231,190
61842,114,1058,892,166,2.31,2.39,1058,17,469,423
61843,25,815,678,137,2.71,2.71,815,17,430,248
61844,48,354,315,39,2.1,2.85,354,2,166,149
61845,6,172,159,13,2.33,1.38,172,0,88,71
61846,266,2128,1592,536,2.43,1.9,2128,81,675,917
61847,55,490,433,57,2.35,2.33,490,51,250,183
61848,19,92,70,22,2.9,2.18,92,1,39,31
61849,65,847,752,95,2.53,1.94,847,0,480,272
61850,73,150,147,3,2.71,2.33,150,1,47,100
61851,11,152,115,37,2.05,2.16,152,1,67,48
61852,12,76,68,8,2.12,1.88,76,3,6,62
61853,485,4809,4167,642,2.97,2.4,4809,110,2937,1230
61854,74,526,463,63,2.23,3.13,526,6,244,219
61855,7,44,44,0,2.91,,44,0,32,12
61856,195,3282,2685,597,2.62,1.83,3282,67,1651,1034
61857,5,87,76,11,1.92,1.18,87,5,51,25
61858,122,1078,906,172,2.72,2.12,1078,19,415,491
61859,30,513,480,33,2.74,1.82,513,10,292,188
61862,8,222,192,30,2.67,4.17,222,3,73,119
61863,26,360,331,29,2.36,2.9,360,2,219,112
61864,25,593,536,57,2.91,3.25,593,6,371,165
61865,27,537,452,85,2.9,2.27,537,7,239,213
61866,941,5477,2886,2591,2.29,2.6,5477,316,1594,1292
61870,39,487,334,153,2.4,2.31,487,17,154,180
61871,5,166,135,31,2.3,2.45,166,2,73,62
61872,20,245,233,12,2.19,2.17,245,2,119,114
61873,69,2090,1805,285,2.94,1.78,2090,28,1217,588
61874,366,3412,1932,1480,2.63,2.28,3412,212,1342,590
61875,102,306,250,56,3.29,3.18,306,0,171,79
61876,19,232,216,16,2.86,2.63,232,3,99,117
61877,36,513,436,77,2.44,2.87,513,18,294,142
61878,70,541,450,91,2.29,2.12,541,11,256,194
61880,47,1688,1306,382,2.71,2.34,1688,20,717,589
61882,32,255,233,22,2.65,1.91,255,0,129,104
61883,133,1799,1422,377,2.34,2.86,1799,53,677,745
61884,49,427,397,30,2.56,,427,0,317,80
61910,99,1437,1065,372,3.28,3.06,1437,323,549,516
61911,74,1660,1291,369,3.04,2.0,1660,557,511,780
61912,82,549,474,75,2.15,2.57,549,38,248,226
61913,109,586,490,96,2.6,2.05,586,5,229,261
61914,30,876,698,178,2.27,2.21,876,62,399,299
61917,38,240,191,49,2.2,2.33,240,6,57,134
61919,74,318,271,47,2.61,1.77,318,4,140,131
61920,1444,8423,4490,3933,2.38,1.85,8423,677,2368,2122
61924,142,906,659,247,2.37,2.63,906,14,335,324
61925,33,464,396,68,2.91,1.49,464,22,226,170
61928,15,305,276,29,2.28,2.66,305,3,116,160
61929,83,308,253,55,2.11,2.33,308,11,118,135
61930,32,257,211,46,2.59,3.24,257,3,79,132
61931,20,498,432,66,2.88,2.86,498,55,199,233
61932,31,230,157,73,2.0,2.71,230,2,59,98
61933,86,457,333,124,2.49,2.63,457,32,186,147
61936,33,125,113,12,3.08,,125,0,66,47
61937,69,761,516,245,2.19,2.33,761,30,260,256
61938,917,9495,5746,3749,2.22,2.02,9495,765,2868,2878
61940,17,139,101,38,2.26,1.87,139,10,26,75
61941,33,63,63,0,3.16,,63,0,,63
61942,123,446,401,45,2.1,1.87,446,7,144,257
61943,74,730,572,158,2.24,1.56,730,78,262,310
61944,393,5365,3829,1536,2.22,1.94,5365,681,1938,1891
61949,23,80,64,16,1.91,1.88,80,1,44,20
61951,271,2947,2427,520,2.64,2.28,2947,232,1207,1220
61953,244,2637,1898,739,2.47,2.0,2637,211,1151,747
61955,7,69,57,12,2.61,5.83,69,9,26,31
61956,154,1258,999,259,2.39,2.11,1258,77,566,433
61957,101,714,559,155,2.23,2.59,714,41,280,279
62001,55,689,552,137,2.27,1.86,689,12,269,283
62002,1859,13431,8789,4642,2.25,2.3,13431,1017,5294,3495
62006,140,162,162,0,3.41,,162,5,86,76
62009,280,723,501,222,2.46,2.65,723,40,283,218
62010,593,4619,3661,958,2.55,1.95,4619,235,2370,1291
62011,21,105,105,0,2.3,,105,2,1,104
62012,518,2318,2152,166,2.87,2.95,2318,62,1331,821
62013,117,157,145,12,3.37,6.17,157,2,60,85
62014,261,1404,1138,266,2.82,2.78,1404,19,699,439
62015,68,202,152,50,2.53,3.16,202,12,90,62
62016,255,1396,1034,362,2.72,1.98,1396,28,424,610
62017,115,454,373,81,1.97,1.98,454,14,170,203
62018,145,1102,815,287,2.49,2.81,1102,20,439,376
62019,20,155,108,47,2.66,2.21,155,2,67,41
62021,25,362,362,0,2.02,,362,0,171,191
62022,72,360,330,30,3.13,1.27,360,7,155,175
62023,8,37,37,0,3.16,,37,0,14,23
62024,561,4141,3086,1055,2.44,1.9,4141,256,1875,1211
62025,894,12304,9016,3288,2.74,2.41,12304,319,6134,2882
62026,,,,0,,,,0,,
62027,42,210,179,31,2.73,1.65,210,12,111,68
62028,280,269,205,64,1.8,1.33,269,10,103,102
62030,43,33,18,15,3.89,3.53,33,6,10,8
62031,278,286,271,15,2.63,4.27,286,5,141,130
62032,39,268,239,29,2.19,4.72,268,2,46,193
62033,312,1847,1344,503,2.38,2.55,1847,48,772,572
62034,345,6000,4209,1791,2.62,1.91,6000,334,2712,1497
62035,418,6792,5609,1183,2.35,2.23,6792,316,3206,2403
62036,146,208,192,16,2.81,1.13,208,10,82,110
62037,358,727,610,117,2.44,1.43,727,30,303,307
62040,2213,16719,11683,5036,2.46,2.36,16719,1418,6767,4916
62044,144,735,599,136,3.08,3.03,735,7,285,314
62045,176,154,152,2,3.41,12.5,154,0,60,92
62046,18,352,253,99,2.63,2.21,352,15,145,108
62047,182,388,339,49,4.16,2.63,388,7,117,222
62048,127,775,584,191,2.09,3.27,775,37,197,387
62049,327,2640,1986,654,2.43,1.76,2640,199,1186,800
62050,92,115,98,17,2.64,4.94,115,0,51,47
62051,32,358,245,113,2.34,1.43,358,10,146,99
62052,661,4720,3533,1187,2.78,2.08,4720,155,2154,1379
62053,260,138,107,31,2.92,2.58,138,12,58,49
62054,118,131,113,18,2.81,2.39,131,6,46,67
62056,413,3841,2743,1098,2.41,1.8,3841,296,1427,1316
62058,58,351,267,84,2.33,2.2,351,6,146,121
62059,84,181,98,83,4.71,1.99,181,76,23,75
62060,448,1843,879,964,2.03,1.9,1843,191,303,576
62061,6,633,552,81,2.65,2.16,633,3,357,195
62062,115,3510,2901,609,2.48,1.62,3510,110,2118,783
62063,56,359,270,89,2.09,1.79,359,19,131,139
62067,47,870,759,111,2.56,1.48,870,0,470,289
62069,183,1392,1107,285,2.39,1.99,1392,49,517,590
62074,35,473,447,26,2.58,2.85,473,1,309,138
62075,165,1296,1029,267,2.47,1.95,1296,99,423,606
62076,1,48,43,5,1.58,,48,0,9,34
62077,24,113,101,12,2.18,2.17,113,2,44,57
62078,24,23,20,3,4.05,,23,0,7,13
62079,24,80,55,25,4.15,2.76,80,0,55,
62080,135,872,750,122,2.85,3.53,872,25,328,422
62081,44,96,92,4,3.82,6.5,96,2,40,52
62082,329,973,833,140,2.32,2.72,973,36,335,498
62083,37,97,97,0,1.53,,97,0,21,76
62084,78,694,517,177,2.29,1.89,694,41,339,178
62085,48,70,60,10,2.57,2.2,70,3,34,26
62086,58,480,423,57,2.77,1.37,480,36,204,219
62087,101,787,540,247,2.74,2.61,787,11,269,271
62088,307,2759,2077,682,2.2,2.46,2759,122,1105,972
62089,7,307,258,49,1.89,2.41,307,12,108,150
62090,87,443,207,236,2.75,2.32,443,95,70,137
62091,13,143,121,22,3.28,3.68,143,0,66,55
62092,343,1018,775,243,2.35,2.82,1018,44,326,449
62093,85,209,175,34,2.85,1.5,209,8,87,88
62094,61,340,256,84,2.62,2.75,340,33,103,153
62095,563,4518,3221,1297,2.3,2.47,4518,216,2059,1162
62097,41,1092,1030,62,2.69,2.18,1092,8,753,277
62098,17,10,10,0,3.2,,10,0,,10
62201,561,2099,729,1370,2.71,2.35,2099,457,213,516
62203,898,2186,1639,547,2.92,2.48,2186,181,530,1109
62204,1288,2447,1442,1005,2.32,2.76,2447,561,437,1005
62205,1281,2304,1475,829,2.64,2.29,2304,569,428,1047
62206,1675,4431,2081,2350,2.72,3.22,4431,714,990,1091
62207,580,3083,979,2104,2.32,2.4,3083,1018,224,755
62208,1026,7148,4370,2778,2.44,2.24,7148,214,2808,1562
62214,105,450,390,60,2.68,1.6,450,2,236,154
62215,23,782,650,132,2.61,2.64,782,33,434,216
62216,32,1046,858,188,2.84,2.25,1046,10,563,295
62217,76,324,286,38,2.23,3.03,324,7,87,199
62218,57,732,682,50,2.72,1.72,732,13,372,310
62219,31,398,328,70,2.3,2.96,398,27,204,124
62220,1420,7242,4916,2326,2.6,1.97,7242,573,3013,1903
62221,959,11940,8153,3787,2.64,2.33,11940,603,5381,2772
62223,598,7309,5570,1739,2.22,2.14,7309,372,3526,2044
62225,93,1444,12,1432,2.92,3.44,1444,18,,12
62226,1429,12270,7592,4678,2.63,1.94,12270,735,4536,3056
62230,13,2630,2162,468,2.52,1.93,2630,120,1326,836
62231,573,2647,2087,560,2.32,2.81,2647,73,1052,1035
62232,421,2693,2040,653,2.47,3.06,2693,165,1359,681
62233,396,2519,1866,653,2.27,1.93,2519,218,913,953
62234,954,13690,9530,4160,2.42,2.29,13690,652,6272,3258
62236,326,5357,4606,751,2.82,1.86,5357,33,2968,1638
62237,190,1051,939,112,2.15,1.66,1051,36,436,503
62238,25,207,174,33,2.48,3.15,207,9,87,87
62239,58,1814,1194,620,2.32,2.05,1814,89,695,499
62240,193,602,398,204,4.23,2.79,602,7,222,176
62241,58,344,314,30,2.13,3.0,344,2,145,169
62242,190,597,522,75,2.46,2.2,597,29,214,308
62243,77,2267,1804,463,2.73,2.1,2267,105,972,832
62244,38,363,288,75,2.24,2.43,363,0,160,128
62245,26,738,658,80,2.39,1.63,738,17,329,329
62246,401,3453,2375,1078,2.5,1.87,3453,339,1283,1092
62248,7,228,176,52,2.67,1.62,228,6,110,66
62249,231,6898,5254,1644,2.51,2.02,6898,315,3503,1751
62250,6,240,222,18,2.96,1.94,240,3,86,136
62253,118,294,226,68,2.77,1.74,294,21,87,139
62254,385,2342,1689,653,2.68,2.37,2342,163,1153,536
62255,38,359,325,34,3.19,1.62,359,11,144,181
62256,19,17,12,5,3.75,1.4,17,0,9,3
62257,219,862,702,160,2.28,2.27,862,49,403,299
62258,399,3448,2498,950,3.02,2.73,3448,144,1509,989
62260,83,2714,2308,406,2.46,2.81,2714,79,1492,816
62261,58,33,33,0,1.24,,33,0,,33
62262,169,745,678,67,2.23,3.45,745,77,297,381
62263,135,2145,1726,419,2.39,1.82,2145,77,938,788
62264,102,1322,1151,171,2.65,2.31,1322,65,669,482
62265,64,1834,1255,579,2.39,2.25,1834,97,744,511
62266,98,12,12,0,,,12,0,,12
62268,24,398,348,50,2.51,2.02,398,3,173,175
62269,1027,13217,9750,3467,2.92,2.07,13217,474,7180,2570
62271,77,808,639,169,2.39,2.73,808,21,305,334
62272,132,652,471,181,3.19,2.13,652,22,235,236
62273,36,111,91,20,2.2,2.4,111,3,54,37
62274,285,2670,2001,669,2.38,1.84,2670,229,1124,877
62275,82,1124,922,202,2.95,2.67,1124,40,545,377
62277,56,405,342,63,2.32,2.52,405,19,176,166
62278,247,2559,1969,590,2.59,2.15,2559,122,1131,838
62279,,24,24,0,2.83,,24,0,19,5
62280,26,197,196,1,2.76,,197,1,103,93
62281,81,1127,1071,56,2.87,2.27,1127,27,768,303
62282,40,285,245,40,2.28,2.28,285,1,133,112
62284,8,274,247,27,2.62,3.48,274,9,114,133
62285,58,1728,1545,183,2.72,1.96,1728,0,1024,521
62286,380,2412,1618,794,2.27,1.99,2412,170,908,710
62288,137,1136,830,306,2.26,2.58,1136,33,348,482
62289,16,159,127,32,2.06,2.22,159,1,65,62
62292,53,357,220,137,2.6,2.98,357,50,102,118
62293,87,1735,1411,324,2.69,1.47,1735,83,838,573
62294,199,5615,4333,1282,2.87,1.63,5615,263,3090,1243
62295,13,533,428,105,3.01,2.61,533,6,309,119
62297,20,173,139,34,1.63,2.88,173,0,30,109
62298,509,6868,5682,1186,2.61,1.75,6868,339,3149,2533
62301,1681,13630,8150,5480,2.49,1.86,13630,1672,4899,3251
62305,624,7651,6500,1151,2.54,2.08,7651,166,3524,2976
62311,93,388,286,102,2.12,1.75,388,19,150,136
62312,121,652,479,173,2.79,2.84,652,47,202,277
62313,39,142,128,14,2.3,2.07,142,0,60,68
62314,72,224,168,56,2.7,2.46,224,11,62,106
62316,12,285,221,64,3.24,2.31,285,11,114,107
62319,63,110,107,3,2.02,1.33,110,21,24,83
62320,87,885,745,140,2.84,1.99,885,20,489,256
62321,275,1672,1340,332,2.31,1.69,1672,52,654,686
62323,,82,73,9,2.48,,82,8,29,44
62324,71,564,424,140,2.62,2.63,564,15,205,219
62325,26,167,139,28,2.93,2.57,167,5,97,42
62326,72,1009,717,292,2.44,2.36,1009,89,353,364
62330,174,670,534,136,2.17,2.13,670,34,184,350
62334,12,80,68,12,2.38,2.58,80,4,34,34
62336,,35,33,2,2.39,3.0,35,3,8,25
62338,88,481,469,12,2.39,2.83,481,0,248,221
62339,32,416,345,71,2.37,2.28,416,32,144,201
62340,91,699,500,199,2.49,2.16,699,39,173,327
62341,160,1401,1084,317,2.62,2.01,1401,77,456,628
62343,73,318,283,35,2.6,2.43,318,12,110,173
62344,,10,3,7,2.33,1.71,10,0,,3
62345,32,134,104,30,2.61,1.93,134,3,47,57
62346,8,75,72,3,2.07,2.0,75,3,30,42
62347,89,717,605,112,2.49,2.56,717,35,297,308
62348,24,74,61,13,2.74,3.15,74,1,18,43
62349,28,297,265,32,2.42,2.06,297,8,117,148
62351,55,750,637,113,2.52,2.46,750,40,409,228
62352,18,88,69,19,2.52,4.63,88,6,39,30
62353,202,1369,909,460,2.49,1.89,1369,77,495,414
62354,358,509,389,120,2.5,2.85,509,33,104,285
62355,138,264,240,24,3.31,3.33,264,5,107,133
62356,103,193,157,36,3.76,2.17,193,5,85,72
62357,40,137,87,50,2.49,2.24,137,0,52,35
62358,110,200,195,5,3.1,2.4,200,14,78,117
62359,,48,48,0,3.23,,48,0,27,21
62360,102,696,596,100,2.78,3.44,696,1,336,260
62361,142,111,102,9,3.27,2.11,111,2,31,71
62362,56,164,136,28,2.41,1.61,164,2,58,78
62363,433,2254,1769,485,2.27,1.9,2254,127,890,879
62365,45,184,166,18,2.48,2.33,184,2,51,115
62366,233,468,384,84,3.4,2.82,468,27,228,156
62367,135,611,525,86,2.12,2.05,611,27,303,222
62370,75,118,108,10,2.68,3.1,118,0,49,59
62373,60,145,134,11,1.74,4.18,145,0,51,83
62374,17,180,176,4,1.53,,180,5,100,76
62375,29,270,257,13,1.83,2.77,270,2,128,129
62376,86,433,307,126,2.38,2.08,433,8,169,138
62378,117,355,302,53,2.5,1.28,355,12,164,138
62379,153,762,639,123,2.39,2.44,762,5,285,354
62380,13,113,108,5,3.81,2.4,113,10,23,85
62401,682,7933,5755,2178,2.43,2.26,7933,685,3235,2520
62410,37,484,459,25,3.03,4.36,484,1,210,249
62411,63,1756,1408,348,2.5,1.8,1756,80,740,668
62413,4,138,138,0,1.82,,138,0,70,68
62414,83,675,540,135,2.35,2.3,675,22,227,313
62417,127,1046,770,276,2.57,2.21,1046,69,384,386
62418,202,813,630,183,2.59,2.81,813,51,289,341
62419,28,91,83,8,2.14,3.13,91,0,39,44
62420,296,1824,1492,332,2.23,1.92,1824,78,904,588
62421,93,204,188,16,2.28,4.25,204,0,63,125
62422,39,404,311,93,2.69,1.69,404,41,122,189
62423,13,229,229,0,2.86,,229,0,144,85
62424,28,872,710,162,2.86,2.58,872,8,438,272
62425,23,256,256,0,2.6,,256,7,71,185
62426,48,365,305,60,1.97,2.03,365,4,141,164
62427,34,804,764,40,2.51,2.33,804,26,365,399
62428,206,1160,957,203,2.43,2.87,1160,15,501,456
62431,106,351,270,81,2.54,2.95,351,7,132,138
62432,46,242,226,16,3.08,4.0,242,5,128,98
62433,60,507,376,131,2.29,1.69,507,30,224,152
62434,104,153,153,0,2.41,,153,0,33,120
62436,24,291,262,29,2.55,3.9,291,2,97,165
62438,19,65,65,0,2.72,,65,0,12,53
62439,511,2862,1995,867,2.47,2.33,2862,162,1020,975
62440,59,506,423,83,2.05,1.45,506,30,202,221
62441,468,2850,2247,603,2.48,2.2,2850,148,1377,870
62442,147,1057,790,267,2.44,2.78,1057,49,375,415
62443,55,704,646,58,2.54,2.03,704,3,316,330
62444,12,161,161,0,2.47,,161,0,53,108
62445,23,406,371,35,2.74,2.57,406,11,151,220
62446,25,138,118,20,2.8,3.15,138,0,61,57
62447,278,1201,993,208,2.67,2.3,1201,54,454,539
62448,239,2234,1778,456,2.41,2.09,2234,195,803,975
62449,125,1359,1046,313,2.04,2.05,1359,44,470,576
62450,768,5027,3522,1505,2.59,2.08,5027,395,1568,1954
62451,99,933,778,155,2.21,2.68,933,29,408,370
62452,20,144,114,30,2.08,2.0,144,11,37,77
62454,639,3860,2852,1008,2.29,2.03,3860,293,1523,1329
62458,137,906,827,79,2.72,2.53,906,12,316,511
62459,14,109,103,6,3.11,2.5,109,6,68,35
62460,60,448,347,101,2.21,2.66,448,18,88,259
62461,4,357,315,42,2.11,1.24,357,30,127,188
62462,17,471,384,87,2.45,3.32,471,12,184,200
62463,38,463,410,53,2.21,2.98,463,43,165,245
62464,8,48,40,8,2.35,7.88,48,1,19,21
62465,21,325,284,41,2.49,1.76,325,4,128,156
62466,205,1027,918,109,2.34,2.05,1027,9,440,478
62467,202,1545,1253,292,2.72,1.82,1545,80,566,687
62468,130,1003,731,272,2.57,2.22,1003,40,381,350
62469,,121,80,41,1.79,5.49,121,0,34,46
62471,577,3373,2389,984,2.71,2.25,3373,215,1128,1261
62473,25,483,429,54,2.27,2.7,483,15,216,213
62474,8,285,249,36,2.29,1.83,285,5,109,140
62475,25,139,139,0,2.84,,139,0,76,63
62476,168,610,553,57,2.38,2.61,610,15,198,355
62477,112,282,245,37,2.85,2.16,282,15,107,138
62478,25,120,103,17,2.5,,120,4,67,36
62479,12,294,218,76,3.02,2.03,294,3,118,100
62480,30,233,183,50,2.63,1.4,233,14,51,132
62481,71,135,135,0,2.21,,135,0,22,113
62501,155,901,825,76,2.41,2.47,901,24,402,423
62510,79,771,472,299,2.52,1.84,771,13,224,248
62512,34,252,214,38,2.5,1.95,252,0,137,77
62513,48,652,537,115,2.35,2.48,652,17,319,218
62514,,147,98,49,2.54,2.37,147,0,40,58
62515,28,426,329,97,2.56,2.52,426,22,164,165
62517,30,88,52,36,2.85,3.44,88,2,42,10
62518,,96,75,21,1.53,1.62,96,0,9,66
62519,20,30,30,0,1.8,,30,0,30,
62520,27,602,509,93,2.34,2.56,602,1,243,266
62521,2232,14020,10224,3796,2.27,2.68,14020,1029,5085,5139
62522,1415,5814,3805,2009,2.47,2.07,5814,654,1877,1928
62523,117,265,29,236,1.66,1.69,265,168,29,
62526,1998,14349,8342,6007,2.21,1.88,14349,1994,4336,4006
62530,52,632,521,111,2.26,1.72,632,34,344,177
62531,80,707,586,121,2.73,2.67,707,9,366,220
62532,,50,50,0,2.02,,50,6,22,28
62533,41,338,251,87,2.33,2.17,338,16,155,96
62534,65,490,384,106,2.15,3.11,490,2,183,201
62535,28,1356,1275,81,2.75,1.88,1356,18,702,573
62536,,314,314,0,2.29,,314,0,117,197
62537,8,101,92,9,2.74,,101,0,52,40
62538,22,169,140,29,2.85,2.9,169,9,62,78
62539,48,522,436,86,2.48,2.24,522,16,214,222
62540,38,587,446,141,2.23,2.03,587,44,215,231
62541,21,24,24,0,1.92,,24,0,,24
62543,16,226,154,72,2.18,2.42,226,12,60,94
62544,110,615,522,93,2.69,1.9,615,11,312,210
62545,48,571,526,45,2.45,1.53,571,10,317,209
62546,75,596,507,89,2.57,2.3,596,19,250,257
62547,38,338,322,16,2.77,1.94,338,3,170,152
62548,39,973,833,140,2.41,1.76,973,23,484,349
62549,166,2296,1853,443,2.88,2.55,2296,97,1238,615
62550,123,1102,887,215,2.55,2.89,1102,37,531,356
62551,50,331,277,54,2.76,3.04,331,9,169,108
62553,24,144,136,8,2.13,3.5,144,1,62,74
62554,60,682,604,78,2.92,3.32,682,13,437,167
62555,3,205,164,41,3.12,2.49,205,0,72,92
62556,9,131,126,5,2.51,2.0,131,4,70,56
62557,698,2972,2373,599,2.31,2.42,2972,136,1134,1239
62558,184,1463,1177,286,2.4,2.12,1463,46,655,522
62560,60,496,374,122,2.76,2.19,496,20,224,150
62561,115,2245,1604,641,2.1,2.87,2245,81,900,704
62563,117,2255,2131,124,2.66,2.62,2255,46,1327,804
62565,431,3196,2350,846,2.45,1.89,3196,174,1104,1246
62567,59,395,293,102,2.38,2.11,395,4,144,149
62568,693,6391,4604,1787,2.33,2.35,6391,393,2228,2376
62570,17,246,211,35,2.5,8.09,246,3,163,48
62571,78,620,471,149,2.36,2.12,620,0,134,337
62572,38,204,171,33,2.95,1.52,204,3,94,77
62573,69,494,382,112,3.14,2.32,494,43,189,193
62601,49,114,104,10,2.83,4.1,114,4,97,7
62610,8,72,55,17,2.58,1.24,72,8,19,36
62611,26,463,441,22,2.89,3.18,463,18,237,204
62612,134,627,512,115,2.32,2.63,627,10,280,232
62613,93,1544,1232,312,2.55,2.83,1544,26,806,426
62615,151,1977,1637,340,2.88,2.19,1977,17,1158,479
62617,118,268,239,29,1.79,3.14,268,1,93,146
62618,368,2763,2031,732,2.56,2.94,2763,218,948,1083
62621,106,445,365,80,2.7,1.95,445,25,160,205
62622,,8,8,0,5.25,,8,0,8,
62624,61,132,121,11,2.51,1.55,132,1,57,64
62625,7,375,340,35,2.55,2.4,375,0,252,88
62626,465,2913,2023,890,2.54,2.41,2913,131,1013,1010
62627,93,441,376,65,2.26,2.58,441,17,182,194
62628,51,305,265,40,2.34,3.65,305,2,125,140
62629,288,5650,4493,1157,2.83,2.14,5650,39,3262,1231
62630,60,254,238,16,2.55,3.63,254,3,89,149
62631,29,127,101,26,1.76,2.92,127,0,34,67
62633,27,234,206,28,2.59,2.43,234,4,111,95
62634,34,426,364,62,2.49,2.1,426,12,258,106
62635,,295,200,95,2.6,1.72,295,3,86,114
62638,109,528,452,76,2.57,3.01,528,10,234,218
62639,15,118,89,29,2.51,1.48,118,6,20,69
62640,324,1235,974,261,2.74,2.92,1235,51,590,384
62642,92,545,425,120,2.4,2.13,545,29,184,241
62643,44,278,182,96,1.87,3.46,278,3,98,84
62644,340,2105,1576,529,2.07,2.55,2105,185,528,1048
62649,32,176,127,49,2.32,2.45,176,6,26,101
62650,1296,9923,6484,3439,2.29,2.12,9923,902,3928,2556
62655,32,233,186,47,2.66,2.06,233,10,86,100
62656,558,6828,4436,2392,2.27,1.9,6828,515,2523,1913
62661,32,540,459,81,2.68,3.11,540,15,240,219
62663,17,88,82,6,2.29,2.83,88,1,45,37
62664,173,1277,1012,265,2.42,1.84,1277,63,489,523
62665,228,572,457,115,2.5,2.15,572,24,220,237
62666,70,176,139,37,2.64,2.3,176,5,87,52
62667,73,247,201,46,2.46,1.83,247,4,55,146
62668,89,492,432,60,2.71,2.72,492,8,250,182
62670,166,1048,833,215,2.54,2.29,1048,40,515,318
62671,49,202,153,49,2.52,2.02,202,6,69,84
62672,38,73,64,9,2.11,2.0,73,8,27,37
62673,43,162,129,33,2.22,1.82,162,11,75,54
62674,171,551,430,121,2.48,2.98,551,16,149,281
62675,248,2582,2024,558,2.37,2.01,2582,174,1226,798
62677,64,844,755,89,2.36,2.64,844,12,413,342
62681,439,2095,1607,488,2.5,1.72,2095,88,750,857
62682,73,279,246,33,2.48,2.33,279,0,164,82
62684,,2038,1855,183,2.77,1.45,2038,45,1309,546
62685,192,692,558,134,2.88,1.78,692,63,261,297
62688,32,329,295,34,2.29,2.79,329,5,132,163
62689,49,251,226,25,2.26,1.56,251,6,121,105
62690,323,1565,1130,435,2.44,2.25,1565,141,604,526
62691,129,910,694,216,2.42,2.44,910,18,329,365
62692,83,842,673,169,2.52,2.12,842,24,416,257
62693,41,659,578,81,2.72,2.01,659,15,391,187
62694,224,1197,975,222,2.49,2.35,1197,41,469,506
62695,26,198,177,21,2.34,3.0,198,6,88,89
62701,240,515,19,496,1.26,1.3,515,257,6,13
62702,2191,15167,9250,5917,2.14,2.2,15167,1819,4728,4522
62703,1776,12391,7038,5353,2.04,2.33,12391,1745,3946,3092
62704,1821,18930,11255,7675,2.23,1.93,18930,1440,7118,4137
62706,,,,0,,,,0,,
62707,130,3500,3153,347,2.27,2.11,3500,134,1887,1266
62711,247,7384,5948,1436,2.54,1.66,7384,296,3976,1972
62712,315,4328,3701,627,2.34,1.89,4328,207,2118,1583
62801,1354,7711,5469,2242,2.35,2.33,7711,708,2455,3014
62803,17,420,261,159,2.2,2.96,420,19,102,159
62806,149,1384,1037,347,2.33,2.5,1384,28,434,603
62807,54,381,334,47,2.4,1.79,381,12,154,180
62808,85,664,531,133,2.63,2.89,664,14,221,310
62809,8,134,129,5,2.71,1.6,134,0,40,89
62810,42,387,323,64,2.45,2.13,387,50,126,197
62811,14,130,99,31,2.17,3.55,130,4,53,46
62812,690,4773,3433,1340,2.44,2.11,4773,293,1452,1981
62814,98,707,613,94,2.66,2.23,707,8,334,279
62815,10,94,64,30,2.66,1.93,94,6,23,41
62816,85,464,411,53,2.26,2.43,464,23,171,240
62817,34,269,223,46,2.1,1.59,269,9,47,176
62818,,177,155,22,2.34,2.05,177,6,42,113
62819,11,148,135,13,2.11,1.85,148,8,52,83
62820,41,71,59,12,3.25,1.75,71,0,28,31
62821,549,3089,2316,773,2.18,2.32,3089,192,935,1381
62822,193,1195,769,426,2.23,1.89,1195,114,265,504
62823,111,680,560,120,2.57,3.23,680,53,247,313
62824,129,675,554,121,2.5,2.52,675,38,223,331
62825,19,118,102,16,2.22,1.44,118,6,27,75
62827,55,497,360,137,2.52,1.95,497,34,166,194
62828,101,480,415,65,2.78,2.83,480,21,153,262
62829,19,59,33,26,4.03,,59,0,33,
62830,46,590,445,145,2.38,1.39,590,60,180,265
62831,90,197,181,16,1.93,1.81,197,5,93,88
62832,525,3786,2598,1188,2.36,2.15,3786,313,1153,1445
62833,48,143,119,24,2.27,2.04,143,0,28,91
62835,92,504,443,61,2.66,1.95,504,42,165,278
62836,39,338,273,65,2.61,2.82,338,6,132,141
62837,465,3779,2778,1001,2.22,2.25,3779,328,1359,1419
62838,96,697,579,118,2.85,2.58,697,15,202,377
62839,310,2747,2059,688,2.25,2.26,2747,162,1043,1016
62841,16,50,50,0,3.78,,50,0,14,36
62842,32,297,257,40,2.31,2.78,297,9,97,160
62843,9,74,35,39,2.51,,74,39,8,27
62844,182,856,606,250,2.4,2.05,856,85,305,301
62846,33,299,219,80,3.08,1.68,299,24,95,124
62848,28,271,226,45,2.32,2.07,271,20,122,104
62849,117,792,709,83,2.57,2.95,792,21,324,385
62850,32,145,128,17,4.78,1.59,145,14,64,64
62851,22,91,91,0,2.7,,91,1,60,31
62852,14,61,56,5,2.16,1.8,61,0,18,38
62853,24,347,276,71,2.86,3.25,347,2,119,157
62854,115,752,646,106,2.19,1.49,752,49,375,271
62856,9,140,119,21,2.12,2.71,140,9,23,96
62858,83,1183,827,356,2.53,2.42,1183,84,357,470
62859,426,2167,1616,551,2.47,2.38,2167,87,641,975
62860,55,207,191,16,1.89,1.19,207,15,104,87
62861,15,56,56,0,2.96,,56,0,22,34
62862,13,132,123,9,2.48,2.22,132,5,31,92
62863,622,3992,3077,915,2.44,1.86,3992,501,1361,1716
62864,1542,9580,6249,3331,2.54,2.04,9580,797,3089,3160
62865,67,870,765,105,2.26,2.46,870,23,256,509
62867,100,150,117,33,2.97,1.79,150,24,41,76
62868,68,674,553,121,2.51,2.17,674,32,275,278
62869,212,916,759,157,2.94,2.37,916,81,410,349
62870,127,877,666,211,2.27,2.67,877,42,376,290
62871,50,241,226,15,2.74,5.33,241,16,59,167
62872,14,416,368,48,2.94,2.1,416,30,217,151
62874,12,192,160,32,2.07,1.66,192,24,47,113
62875,71,489,439,50,2.63,3.06,489,0,214,225
62876,20,68,64,4,1.94,3.5,68,4,29,35
62877,10,186,167,19,2.31,2.58,186,6,73,94
62878,15,154,148,6,1.94,2.17,154,0,70,78
62879,1,14,10,4,3.6,,14,1,3,7
62880,12,251,215,36,2.64,2.06,251,15,49,166
62881,387,4497,3245,1252,2.34,2.47,4497,283,1800,1445
62882,101,902,708,194,2.65,2.28,902,53,309,399
62883,15,238,216,22,2.73,1.59,238,0,99,117
62884,199,1110,967,143,2.43,3.0,1110,22,362,605
62885,9,238,181,57,2.55,1.56,238,30,64,117
62886,30,113,96,17,2.38,3.06,113,3,32,64
62887,35,84,59,25,2.36,3.52,84,1,9,50
62888,117,787,702,85,2.36,2.45,787,20,296,406
62889,62,436,349,87,2.84,1.71,436,44,202,147
62890,154,967,752,215,2.37,2.31,967,44,295,457
62891,30,298,265,33,2.35,1.85,298,54,117,148
62892,67,93,85,8,2.39,1.5,93,2,41,44
62893,75,351,295,56,2.61,2.43,351,10,193,102
62894,4,352,296,56,2.88,1.66,352,7,171,125
62895,80,805,656,149,2.35,2.11,805,18,253,403
62896,595,4722,3367,1355,2.37,2.16,4722,478,1499,1868
62897,50,181,143,38,2.12,4.18,181,0,54,89
62898,104,810,730,80,2.73,1.96,810,4,413,317
62899,74,555,470,85,3.18,2.49,555,67,193,277
62901,2588,10482,3296,7186,2.23,1.74,10482,1686,1690,1606
62902,279,1834,1228,606,2.54,1.84,1834,72,519,709
62903,201,1278,563,715,2.94,1.87,1278,52,301,262
62905,54,220,179,41,2.58,2.44,220,8,101,78
62906,374,2996,2154,842,2.28,2.44,2996,543,903,1251
62907,194,659,596,63,2.8,2.16,659,77,300,296
62908,46,151,140,11,2.56,3.36,151,0,57,83
62910,334,808,679,129,2.75,2.36,808,32,286,393
62912,73,569,478,91,2.64,3.32,569,16,177,301
62914,729,681,488,193,3.25,1.53,681,127,161,327
62915,66,208,96,112,2.88,1.49,208,16,44,52
62916,24,307,268,39,2.57,2.15,307,41,143,125
62917,172,951,745,206,2.87,2.01,951,71,349,396
62918,328,4384,3153,1231,2.57,2.13,4384,276,1828,1325
62919,226,290,242,48,2.83,1.54,290,14,93,149
62920,212,1213,1061,152,2.56,1.75,1213,12,516,545
62921,50,127,89,38,2.29,2.55,127,11,35,54
62922,532,1262,1127,135,2.63,2.48,1262,87,506,621
62923,63,162,150,12,2.69,1.67,162,0,64,86
62924,151,1137,615,522,2.65,2.12,1137,47,314,301
62926,209,732,580,152,2.77,2.81,732,34,258,322
62927,43,149,118,31,2.34,2.48,149,7,36,82
62928,33,28,18,10,1.72,1.8,28,0,,18
62930,331,2567,1895,672,2.29,1.66,2567,173,639,1256
62931,297,602,448,154,2.54,1.4,602,74,116,332
62932,93,502,332,170,2.38,2.2,502,26,133,199
62933,35,518,392,126,2.31,1.84,518,46,165,227
62934,69,280,242,38,2.37,1.76,280,16,124,118
62935,150,845,694,151,2.74,2.07,845,27,329,365
62938,582,1029,844,185,2.71,1.71,1029,55,341,503
62939,403,1105,997,108,2.47,2.31,1105,22,388,609
62940,37,243,150,93,3.07,3.62,243,15,34,116
62941,105,266,239,27,2.71,2.0,266,20,98,141
62942,62,255,178,77,2.4,2.84,255,4,70,108
62943,84,133,123,10,2.96,,133,15,61,62
62946,790,5152,3737,1415,2.46,1.89,5152,586,1745,1992
62947,68,199,172,27,2.01,,199,22,28,144
62948,748,5468,3588,1880,2.47,2.01,5468,470,1903,1685
62949,44,377,202,175,2.58,1.86,377,30,74,128
62950,,67,40,27,2.63,,67,0,12,28
62951,163,2103,1785,318,2.47,2.18,2103,62,1034,751
62952,206,1150,927,223,2.79,2.37,1150,73,484,443
62953,15,89,59,30,3.39,2.73,89,12,20,39
62954,19,342,289,53,2.0,1.6,342,39,99,190
62956,53,410,352,58,2.89,5.69,410,14,120,232
62957,110,231,128,103,2.38,2.86,231,10,36,92
62958,194,823,629,194,2.42,2.81,823,7,274,355
62959,1476,11667,8145,3522,2.26,2.03,11667,925,4807,3338
62960,1065,4239,3218,1021,2.52,2.21,4239,228,1629,1589
62961,3,11,11,0,2.82,,11,3,6,5
62962,25,,,0,,,,0,,
62963,81,217,106,111,3.21,3.66,217,29,28,78
62964,348,498,362,136,2.69,2.09,498,59,80,282
62965,22,10,5,5,4.4,2.8,10,0,2,3
62966,892,6124,3830,2294,2.49,2.04,6124,586,2042,1788
62967,50,108,106,2,3.26,,108,2,31,75
62969,77,101,69,32,1.75,3.63,101,17,18,51
62970,154,217,170,47,2.84,2.91,217,16,58,112
62972,239,425,409,16,2.41,12.81,425,4,167,242
62974,115,635,581,54,2.51,3.11,635,4,307,274
62975,48,80,72,8,1.83,,80,5,22,50
62976,29,117,77,40,2.3,1.95,117,25,23,54
62977,69,281,231,50,2.8,1.96,281,9,113,118
62979,70,469,373,96,1.74,2.26,469,30,143,230
62982,133,400,299,101,2.2,4.27,400,40,120,179
62983,94,723,591,132,2.1,2.18,723,39,228,363
62984,130,637,426,211,2.63,2.23,637,44,138,288
62985,206,259,230,29,4.22,1.41,259,2,104,126
62987,159,545,458,87,2.69,2.68,545,46,157,301
62988,209,420,358,62,3.13,2.89,420,11,163,195
62990,128,318,279,39,3.74,4.72,318,2,126,153
62992,230,234,197,37,3.35,2.54,234,6,100,97
62994,101,254,230,24,2.74,3.71,254,2,102,128
62995,364,1388,1003,385,3.05,2.18,1388,114,496,507
62996,46,154,142,12,3.2,4.0,154,9,57,85
62997,28,217,189,28,2.68,2.11,217,6,111,78
62998,56,88,88,0,1.8,,88,0,7,81
62999,137,621,394,227,2.46,2.48,621,56,136,258
63005,65,7118,6247,871,2.8,2.03,7118,73,4183,2064
63010,862,13768,10583,3185,2.62,2.12,13768,451,6923,3660
63011,639,14309,12330,1979,2.66,2.13,14309,508,8117,4213
63012,202,3861,3475,386,2.87,2.76,3861,72,2700,775
63013,148,528,528,0,2.7,,528,0,339,189
63014,80,305,275,30,2.15,2.0,305,0,126,149
63015,60,805,706,99,2.45,2.04,805,37,360,346
63016,309,2865,2574,291,2.39,2.91,2865,80,1710,864
63017,767,17110,13722,3388,2.51,2.02,17110,700,8525,5197
63019,159,1904,1361,543,2.46,1.97,1904,166,935,426
63020,885,7781,6315,1466,2.61,2.1,7781,343,3833,2482
63021,770,22254,17896,4358,2.64,2.1,22254,637,12910,4986
63023,101,2035,1796,239,2.5,2.64,2035,37,973,823
63025,230,6094,5182,912,3.01,1.78,6094,246,4090,1092
63026,635,17026,13388,3638,2.72,2.26,17026,690,8406,4982
63028,743,10679,7996,2683,2.67,2.21,10679,451,4819,3177
63030,35,80,47,33,3.11,3.45,80,0,36,11
63031,1549,18634,13224,5410,2.68,2.51,18634,843,8863,4361
63033,1287,16702,11416,5286,2.55,2.25,16702,1494,8400,3016
63034,329,6592,6125,467,2.72,4.6,6592,96,4440,1685
63036,993,549,473,76,2.12,3.08,549,22,159,314
63037,245,1246,1076,170,2.24,2.17,1246,39,721,355
63038,249,2645,2530,115,2.83,3.71,2645,0,1751,779
63039,34,195,195,0,3.14,,195,0,155,40
63040,93,3188,2727,461,2.8,2.06,3188,72,2113,614
63041,64,122,117,5,1.89,6.6,122,4,78,39
63042,882,8451,4332,4119,2.13,2.23,8451,605,2673,1659
63043,305,9456,6841,2615,2.4,2.24,9456,336,4596,2245
63044,401,4290,2772,1518,2.5,2.21,4290,346,1671,1101
63045,,,,0,,,,0,,
63047,,,,0,,,,0,,
63048,84,1411,1152,259,2.76,2.9,1411,82,963,189
63049,508,6514,5623,891,2.64,2.71,6514,211,3864,1759
63050,738,6238,5206,1032,2.65,3.14,6238,52,3337,1869
63051,478,4583,3719,864,2.67,2.55,4583,142,2358,1361
63052,464,10438,8529,1909,2.73,2.68,10438,242,6188,2341
63053,,40,28,12,1.89,2.25,40,0,5,23
63055,113,655,565,90,2.71,3.06,655,9,404,161
63056,93,628,564,64,2.7,2.25,628,13,263,301
63060,139,792,731,61,2.25,2.56,792,36,474,257
63061,10,53,53,0,3.11,,53,0,26,27
63068,222,2048,1772,276,2.82,2.19,2048,28,1016,756
63069,375,5591,4081,1510,2.53,1.88,5591,160,2875,1206
63070,292,2995,2143,852,2.8,2.36,2995,60,1494,649
63071,124,493,319,174,2.67,2.49,493,25,156,163
63072,149,1229,1151,78,3.53,1.86,1229,0,669,482
63073,,542,542,0,3.16,,542,0,415,127
63074,479,6989,3567,3422,2.41,2.26,6989,654,2313,1254
63077,811,4698,3486,1212,2.4,2.46,4698,300,2349,1137
63079,3,105,101,4,1.83,2.0,105,0,23,78
63080,822,5543,4073,1470,2.4,2.18,5543,107,2267,1806
63084,687,7385,5397,1988,2.79,2.46,7385,260,3146,2251
63087,12,323,238,85,2.6,1.74,323,0,150,88
63088,91,4249,2254,1995,2.16,1.77,4249,324,1746,508
63089,127,2073,1708,365,2.82,3.56,2073,70,900,808
63090,720,8899,6995,1904,2.59,1.91,8899,541,4430,2565
63091,119,521,441,80,2.86,2.29,521,26,202,239
63101,337,2133,662,1471,1.33,1.56,2133,341,575,87
63102,349,1277,45,1232,,1.25,1277,237,8,37
63103,827,5051,824,4227,1.68,1.44,5051,1172,548,276
63104,1312,9644,4290,5354,2.13,2.05,9644,1319,3247,1043
63105,586,6515,3664,2851,2.5,1.82,6515,317,2271,1393
63106,1327,4008,532,3476,3.27,2.02,4008,1670,296,236
63107,2777,3841,1825,2016,2.3,2.31,3841,1421,586,1239
63108,2000,11016,3130,7886,2.07,1.48,11016,2299,1822,1308
63109,1004,14028,8737,5291,2.13,1.46,14028,936,5811,2926
63110,1043,8737,3638,5099,2.33,1.58,8737,996,2676,962
63111,2034,8659,3420,5239,2.74,2.23,8659,2224,2217,1203
63112,2523,8859,3250,5609,2.69,1.8,8859,2158,1720,1530
63113,2522,4471,2293,2178,2.37,2.31,4471,1260,894,1399
63114,1205,14870,8520,6350,2.16,2.52,14870,906,5518,3002
63115,4371,6860,2897,3963,2.47,2.41,6860,2200,1144,1753
63116,2634,19618,10693,8925,2.31,2.09,19618,2847,7230,3463
63117,313,4816,2604,2212,2.52,1.52,4816,282,1891,713
63118,3329,11522,4515,7007,2.39,2.22,11522,2815,3112,1403
63119,886,14777,10449,4328,2.58,1.57,14777,1488,7849,2600
63120,1394,2506,1154,1352,2.15,3.05,2506,564,328,826
63121,2103,10663,5569,5094,2.09,2.25,10663,1223,3241,2328
63122,976,16719,13469,3250,2.55,2.0,16719,495,9223,4246
63123,1019,22071,15769,6302,2.37,1.95,22071,854,9835,5934
63124,432,4790,3617,1173,2.52,1.35,4790,202,2596,1021
63125,1203,13612,9457,4155,2.44,2.32,13612,1111,5634,3823
63126,356,6161,5284,877,2.58,1.94,6161,110,3267,2017
63127,84,2220,1674,546,2.58,1.4,2220,212,1106,568
63128,510,13083,10115,2968,2.45,1.74,13083,499,5741,4374
63129,831,21243,16877,4366,2.53,1.85,21243,855,10601,6276
63130,1003,12804,7886,4918,2.24,1.99,12804,1098,5476,2410
63131,266,6822,6312,510,2.7,2.24,6822,59,4291,2021
63132,251,6313,3529,2784,2.56,1.94,6313,245,2311,1218
63133,599,2936,1054,1882,2.17,2.39,2936,666,359,695
63134,613,5066,2450,2616,2.4,3.05,5066,798,1459,991
63135,937,8247,4368,3879,2.22,2.54,8247,521,2897,1471
63136,4302,18718,7977,10741,2.42,2.3,18718,3520,4856,3121
63137,1419,8410,4537,3873,2.31,2.46,8410,1177,2892,1645
63138,1748,7197,3481,3716,2.47,2.5,7197,806,2389,1092
63139,1372,10570,6529,4041,2.2,1.69,10570,579,4872,1657
63140,40,122,21,101,1.9,2.32,122,9,,21
63141,500,9092,6380,2712,2.42,1.83,9092,187,3316,3064
63143,420,4803,2195,2608,2.32,1.6,4803,534,1618,577
63144,323,4555,3011,1544,2.08,1.71,4555,38,1978,1033
63146,628,15092,8862,6230,2.22,1.78,15092,628,5662,3200
63147,900,3504,1781,1723,2.26,2.2,3504,615,1072,709
63155,,,,0,,,,0,,
63301,1500,20441,14165,6276,2.36,1.95,20441,1002,9000,5165
63303,958,20679,15419,5260,2.47,1.78,20679,618,10518,4901
63304,533,15685,14164,1521,2.73,2.3,15685,397,10204,3960
63330,,50,45,5,1.62,1.4,50,9,14,31
63332,50,577,550,27,2.79,3.41,577,3,342,208
63333,91,312,265,47,2.57,2.96,312,14,149,116
63334,236,2471,1705,766,2.44,2.26,2471,213,813,892
63336,166,469,335,134,2.5,2.57,469,22,146,189
63339,124,318,282,36,2.71,4.42,318,18,108,174
63341,45,1364,1195,169,2.59,2.21,1364,31,833,362
63343,292,1672,1205,467,2.72,2.9,1672,108,491,714
63344,63,676,562,114,2.58,3.07,676,5,268,294
63345,35,261,221,40,3.04,1.43,261,0,137,84
63347,254,903,821,82,2.97,2.9,903,14,404,417
63348,171,3766,3274,492,2.82,2.75,3766,37,2290,984
63349,34,666,578,88,2.79,2.85,666,2,242,336
63350,19,233,185,48,2.59,2.27,233,14,54,131
63351,105,666,491,175,2.55,2.14,666,16,300,191
63352,115,575,424,151,2.33,1.8,575,16,160,264
63353,385,1933,1365,568,2.38,2.84,1933,149,589,776
63357,324,2052,1868,184,3.17,3.19,2052,4,1175,693
63359,117,557,389,168,2.58,2.23,557,28,197,192
63361,296,1932,1399,533,2.37,2.23,1932,136,722,677
63362,282,3057,2548,509,2.77,2.88,3057,76,1694,854
63363,283,616,480,136,2.46,2.35,616,22,316,164
63365,,33,28,5,1.68,6.4,33,0,5,23
63366,785,19650,16200,3450,2.72,2.27,19650,653,12020,4180
63367,241,9831,8094,1737,2.82,2.27,9831,112,6305,1789
63368,409,16470,13772,2698,2.81,2.38,16470,574,10575,3197
63369,10,886,643,243,2.83,2.15,886,35,425,218
63373,88,255,236,19,2.77,2.53,255,0,171,65
63376,1204,28824,24244,4580,2.71,1.97,28824,613,17298,6946
63377,141,1184,1047,137,2.48,3.65,1184,99,445,602
63379,439,9754,7721,2033,2.67,2.71,9754,336,5281,2440
63380,18,268,197,71,2.78,3.23,268,27,116,81
63381,45,208,160,48,3.3,4.15,208,4,92,68
63382,291,1177,814,363,2.59,2.37,1177,64,373,441
63383,251,5765,4385,1380,2.63,2.26,5765,133,2753,1632
63384,180,793,638,155,2.39,2.34,793,31,317,321
63385,511,16258,13636,2622,2.96,2.5,16258,467,10492,3144
63386,61,169,138,31,2.86,2.06,169,6,82,56
63387,,49,35,14,2.86,1.57,49,6,16,19
63388,339,395,340,55,1.78,2.82,395,9,143,197
63389,187,2346,1779,567,2.75,2.56,2346,51,1106,673
63390,1742,4056,3346,710,2.63,2.91,4056,112,2316,1030
63401,1023,8690,5622,3068,2.37,2.25,8690,663,2722,2900
63430,106,206,196,10,3.12,7.8,206,33,39,157
63431,31,110,110,0,2.9,,110,0,32,78
63432,94,187,161,26,2.33,3.73,187,7,51,110
63433,53,,,0,,,,0,,
63434,83,252,138,114,2.95,2.05,252,14,67,71
63435,363,1424,1019,405,2.33,2.39,1424,76,535,484
63436,167,586,477,109,2.47,1.23,586,55,104,373
63437,120,582,436,146,2.49,3.04,582,43,93,343
63438,22,121,110,11,2.27,,121,0,53,57
63439,14,85,51,34,1.39,1.47,85,6,16,35
63440,114,366,279,87,2.39,3.1,366,22,155,124
63441,105,462,371,91,2.55,2.58,462,55,114,257
63443,75,193,122,71,1.84,1.1,193,20,39,83
63445,357,1268,860,408,3.07,2.22,1268,118,361,499
63446,115,138,124,14,2.08,1.79,138,2,40,84
63447,155,358,242,116,2.74,3.99,358,21,120,122
63448,115,545,439,106,2.85,1.83,545,44,190,249
63450,14,87,50,37,2.02,2.3,87,0,16,34
63451,50,121,112,9,1.68,7.44,121,12,52,60
63452,124,455,396,59,3.34,4.05,455,26,251,145
63453,78,115,109,6,2.43,1.83,115,6,77,32
63454,39,350,320,30,3.33,3.03,350,6,141,179
63456,474,1909,1207,702,2.72,2.17,1909,196,584,623
63457,53,101,97,4,3.68,1.0,101,6,49,48
63458,60,32,19,13,1.37,1.92,32,3,9,10
63459,205,1502,1364,138,2.79,2.53,1502,25,648,716
63460,52,89,86,3,2.9,20.0,89,0,16,70
63461,331,2211,1649,562,2.4,2.12,2211,117,838,811
63462,325,594,473,121,2.48,3.15,594,16,234,239
63463,73,296,238,58,2.8,2.31,296,3,140,98
63465,75,149,104,45,3.51,2.51,149,13,7,97
63466,6,23,23,0,1.3,,23,0,8,15
63467,33,19,19,0,4.42,,19,0,13,6
63468,248,909,686,223,2.51,2.98,909,49,236,450
63469,150,413,330,83,2.3,2.27,413,5,159,171
63471,,271,253,18,3.56,2.0,271,0,79,174
63472,80,203,170,33,3.05,1.42,203,11,31,139
63473,116,104,104,0,3.09,,104,0,62,42
63474,93,164,121,43,2.19,3.95,164,7,48,73
63501,1905,7382,4275,3107,2.52,2.47,7382,586,2338,1937
63530,121,366,302,64,3.92,2.41,366,22,190,112
63531,130,116,109,7,3.42,1.14,116,0,86,23
63532,155,491,425,66,2.27,2.73,491,25,198,227
63533,137,269,223,46,3.24,3.02,269,28,122,101
63534,137,334,294,40,2.58,2.48,334,4,116,178
63535,,21,13,8,1.46,,21,0,,13
63536,122,333,276,57,3.5,2.04,333,24,130,146
63537,305,606,521,85,3.6,2.51,606,17,257,264
63538,98,69,62,7,2.84,4.43,69,7,17,45
63539,82,100,88,12,2.18,6.67,100,15,27,61
63540,62,64,62,2,4.89,2.0,64,2,24,38
63541,48,172,150,22,2.9,5.0,172,3,84,66
63543,30,64,49,15,3.1,,64,0,23,26
63544,149,333,284,49,3.03,2.06,333,33,80,204
63545,165,341,273,68,2.38,3.24,341,43,113,160
63546,171,505,429,76,2.68,6.25,505,7,186,243
63547,89,190,166,24,2.24,2.5,190,0,32,134
63548,212,286,231,55,3.0,3.27,286,11,81,150
63549,297,870,597,273,2.97,2.06,870,107,265,332
63551,38,93,93,0,3.89,,93,2,40,53
63552,570,3011,2091,920,2.66,1.9,3011,134,1066,1025
63555,256,1156,877,279,3.09,1.9,1156,42,420,457
63556,513,1126,802,324,2.74,3.24,1126,48,384,418
63557,78,83,83,0,2.0,,83,6,37,46
63558,114,235,217,18,2.77,2.56,235,3,56,161
63559,236,599,501,98,3.24,3.33,599,18,161,340
63560,44,40,19,21,2.05,2.81,40,4,4,15
63561,215,300,213,87,3.15,2.89,300,20,65,148
63563,156,207,174,33,3.34,6.39,207,21,39,135
63565,875,1366,1073,293,2.8,2.17,1366,101,525,548
63566,42,37,33,4,1.91,,37,0,14,19
63567,46,29,15,14,2.13,5.43,29,0,,15
63601,1073,6337,4165,2172,2.69,2.36,6337,465,2746,1419
63620,348,367,298,69,2.76,4.39,367,21,127,171
63621,103,571,467,104,2.71,1.48,571,29,308,159
63622,113,425,284,141,1.44,2.05,425,73,77,207
63623,107,301,259,42,2.24,2.81,301,16,165,94
63624,461,1371,1087,284,2.69,2.63,1371,128,507,580
63625,106,152,144,8,2.18,4.38,152,2,50,94
63626,,455,444,11,2.16,3.91,455,61,240,204
63627,267,1184,1044,140,2.57,2.64,1184,19,636,408
63628,1246,5022,3865,1157,2.67,2.41,5022,337,2291,1574
63629,172,460,400,60,2.58,1.83,460,27,184,216
63630,447,1266,996,270,2.68,3.22,1266,132,533,463
63631,62,351,293,58,2.43,2.98,351,21,135,158
63633,121,235,190,45,2.75,5.44,235,15,72,118
63636,76,192,147,45,2.72,2.22,192,10,38,109
63637,46,401,367,34,2.35,2.82,401,0,276,91
63638,404,910,654,256,2.89,2.85,910,80,317,337
63640,1441,9865,6608,3257,2.6,2.59,9865,582,3864,2744
63645,1049,4152,3089,1063,2.87,2.27,4152,185,1657,1432
63648,65,505,401,104,2.68,2.18,505,40,185,216
63650,369,1653,1247,406,2.5,2.11,1653,101,618,629
63653,141,492,276,216,3.52,3.55,492,30,110,166
63654,177,283,248,35,2.1,2.86,283,3,76,172
63655,208,503,386,117,2.47,2.79,503,17,137,249
63656,100,172,155,17,2.81,1.41,172,9,69,86
63660,144,1024,894,130,2.98,3.28,1024,35,373,521
63662,180,417,374,43,3.59,1.28,417,12,127,247
63663,26,301,173,128,2.07,3.14,301,0,102,71
63664,551,3300,2458,842,2.72,2.36,3300,192,1265,1193
63665,73,94,82,12,1.8,4.42,94,0,18,64
63670,640,4567,3742,825,2.55,2.37,4567,155,2094,1648
63673,198,741,613,128,2.81,2.7,741,26,305,308
63674,24,19,19,0,,,19,0,19,
63675,48,15,15,0,2.33,,15,0,,15
63701,2287,14735,9354,5381,2.44,2.34,14735,860,5941,3413
63703,738,3588,1630,1958,1.97,2.48,3588,513,875,755
63730,120,1414,1157,257,2.38,2.16,1414,81,525,632
63732,25,346,320,26,3.13,2.04,346,13,162,158
63735,51,337,215,122,2.45,1.99,337,23,72,143
63736,67,1548,1118,430,2.39,2.46,1548,33,649,469
63738,,,,0,,,,0,,
63739,107,224,142,82,3.46,4.06,224,0,94,48
63740,255,2000,1552,448,2.62,2.69,2000,134,1011,541
63742,9,30,27,3,3.74,3.0,30,0,19,8
63743,24,17,17,0,3.18,,17,0,9,8
63744,23,67,49,18,3.59,2.56,67,3,32,17
63745,,38,35,3,4.94,2.0,38,0,5,30
63746,,20,18,2,1.33,4.5,20,0,9,9
63747,19,236,233,3,2.8,2.33,236,12,88,145
63748,65,498,462,36,2.25,1.58,498,4,152,310
63750,,13,13,0,2.31,,13,0,,13
63751,272,412,345,67,3.47,3.49,412,7,103,242
63755,755,9950,7934,2016,2.71,2.33,9950,271,5299,2635
63758,20,170,117,53,2.68,2.15,170,17,77,40
63760,85,179,153,26,3.14,2.23,179,7,81,72
63763,,60,60,0,2.47,,60,0,27,33
63764,559,1663,1290,373,2.63,2.63,1663,81,675,615
63766,15,568,508,60,2.56,3.13,568,9,208,300
63767,30,244,190,54,2.18,2.33,244,39,64,126
63769,51,480,407,73,3.05,4.04,480,18,251,156
63770,16,72,57,15,2.63,2.87,72,0,21,36
63771,140,935,678,257,3.01,2.44,935,37,384,294
63774,13,76,41,35,2.59,5.0,76,6,16,25
63775,1017,6148,4356,1792,2.79,2.11,6148,335,2434,1922
63780,255,2248,1590,658,2.59,2.81,2248,96,915,675
63781,65,481,399,82,2.57,2.28,481,18,207,192
63782,23,102,100,2,2.39,,102,2,45,55
63783,27,62,62,0,3.15,,62,0,43,19
63784,25,59,51,8,2.2,4.38,59,1,,51
63785,65,496,444,52,2.49,2.31,496,10,244,200
63787,114,249,217,32,2.42,1.97,249,17,95,122
63801,1095,8993,5590,3403,2.38,2.43,8993,893,3078,2512
63820,34,98,81,17,2.54,3.12,98,4,1,80
63821,71,288,225,63,2.04,2.16,288,6,42,183
63822,205,1017,690,327,2.38,2.43,1017,8,280,410
63823,39,489,358,131,2.71,3.97,489,12,185,173
63824,18,73,29,44,2.1,3.0,73,0,6,23
63825,449,1550,1076,474,2.74,2.69,1550,102,545,531
63826,9,40,30,10,2.43,7.5,40,0,2,28
63827,42,210,157,53,3.16,1.28,210,18,80,77
63828,25,68,55,13,2.45,3.08,68,6,8,47
63829,141,408,213,195,2.87,2.53,408,60,75,138
63830,403,2477,1302,1175,2.8,2.38,2477,373,684,618
63833,30,82,76,6,1.68,,82,6,34,42
63834,358,1686,1008,678,2.69,2.61,1686,309,516,492
63837,167,570,350,220,2.97,2.25,570,43,114,236
63839,23,136,43,93,2.05,2.52,136,7,21,22
63840,11,28,28,0,2.68,,28,0,1,27
63841,884,5454,3569,1885,2.39,2.51,5454,300,2019,1550
63845,246,2276,1364,912,2.23,2.52,2276,370,526,838
63846,131,455,374,81,2.64,2.89,455,27,159,215
63847,18,11,11,0,1.64,,11,0,11,
63848,113,407,289,118,2.55,2.25,407,23,123,166
63849,20,104,47,57,1.96,2.68,104,2,8,39
63850,5,8,8,0,9.75,,8,0,,8
63851,404,1361,701,660,2.38,2.64,1361,235,308,393
63852,111,550,373,177,2.5,2.08,550,42,208,165
63853,18,68,56,12,1.98,,68,5,12,44
63855,117,353,299,54,2.46,1.96,353,41,101,198
63857,785,4781,3040,1741,2.46,2.44,4781,571,1517,1523
63860,11,85,59,26,1.98,3.38,85,9,36,23
63862,131,471,307,164,2.72,3.11,471,29,109,198
63863,503,2179,1237,942,2.5,2.5,2179,153,498,739
63866,57,196,96,100,2.46,2.92,196,33,52,44
63867,39,385,278,107,2.25,3.07,385,7,92,186
63868,71,386,224,162,2.48,1.91,386,34,104,120
63869,319,1554,904,650,2.07,2.17,1554,190,424,480
63870,105,421,254,167,2.62,2.53,421,42,74,180
63873,196,1626,1068,558,2.55,2.32,1626,90,444,624
63874,33,112,84,28,2.4,2.0,112,3,31,53
63876,230,761,478,283,2.86,2.69,761,64,281,197
63877,331,1333,772,561,2.78,2.11,1333,79,316,456
63878,17,34,34,0,3.12,,34,0,,34
63879,62,316,260,56,2.29,3.5,316,12,96,164
63880,7,32,14,18,4.29,3.5,32,10,14,
63882,64,150,99,51,2.07,2.78,150,14,52,47
63901,2390,13129,8308,4821,2.64,2.46,13129,1189,4587,3721
63932,82,350,255,95,2.46,2.47,350,6,87,168
63933,232,1230,904,326,2.31,3.12,1230,60,408,496
63934,,9,9,0,2.0,,9,0,,9
63935,920,2942,2378,564,2.86,2.62,2942,180,1088,1290
63936,69,173,100,73,1.88,3.11,173,9,26,74
63937,208,911,717,194,2.64,2.26,911,19,277,440
63939,210,392,317,75,2.52,2.56,392,22,152,165
63940,91,521,402,119,2.52,2.2,521,32,111,291
63941,114,59,45,14,3.56,,59,0,10,35
63942,51,201,173,28,2.85,1.82,201,2,45,128
63943,92,189,135,54,3.41,2.2,189,0,81,54
63944,237,582,547,35,2.42,1.86,582,8,288,259
63945,126,439,368,71,2.52,2.82,439,36,203,165
63950,27,15,15,0,2.2,,15,0,,15
63951,89,93,74,19,2.0,,93,0,46,28
63952,32,98,83,15,3.59,2.13,98,0,37,46
63953,149,380,300,80,2.59,1.9,380,50,129,171
63954,93,299,269,30,2.87,1.8,299,29,92,177
63955,38,78,62,16,2.06,,78,0,25,37
63956,176,292,147,145,2.21,3.9,292,0,34,113
63957,756,2096,1497,599,2.55,2.76,2096,132,564,933
63960,232,1048,821,227,3.0,3.07,1048,59,439,382
63961,200,711,491,220,3.09,2.68,711,23,177,314
63962,25,41,,41,,5.46,41,0,,
63964,64,134,76,58,2.74,1.41,134,8,12,64
63965,522,848,552,296,3.21,2.67,848,144,298,254
63966,829,905,748,157,2.53,2.17,905,28,266,482
63967,409,636,517,119,2.65,2.15,636,39,220,297
64001,34,287,236,51,2.91,2.0,287,0,128,108
64011,315,1427,1242,185,2.88,2.77,1427,18,701,541
64012,608,11250,7720,3530,2.46,2.48,11250,480,4729,2991
64014,261,10286,7021,3265,2.76,2.61,10286,290,5015,2006
64015,461,12125,8943,3182,2.6,2.52,12125,470,5907,3036
64016,109,1876,1581,295,2.52,2.97,1876,30,1229,352
64017,66,122,99,23,2.33,1.7,122,0,37,62
64018,52,276,227,49,2.38,3.98,276,2,139,88
64019,82,955,791,164,2.27,3.08,955,6,216,575
64020,359,1282,890,392,2.48,2.5,1282,55,433,457
64021,29,203,178,25,3.19,4.36,203,13,110,68
64022,14,50,45,5,3.0,1.8,50,0,18,27
64024,627,5392,3942,1450,2.79,2.52,5392,229,2546,1396
64028,17,89,84,5,2.75,2.2,89,6,58,26
64029,217,7385,5536,1849,2.98,2.26,7385,94,4567,969
64030,923,10806,5487,5319,2.67,2.06,10806,693,3657,1830
64034,68,3265,2986,279,2.7,2.9,3265,15,2363,623
64035,66,342,260,82,2.83,4.07,342,10,118,142
64036,46,135,66,69,2.2,3.45,135,0,29,37
64037,427,2389,1627,762,2.36,2.52,2389,182,834,793
64040,241,2325,1885,440,2.63,2.04,2325,144,1149,736
64048,153,1357,1190,167,3.35,2.34,1357,18,744,446
64050,1139,9448,4508,4940,2.44,2.03,9448,894,2584,1924
64052,1097,9398,5138,4260,2.29,2.5,9398,530,3170,1968
64053,404,2479,1158,1321,2.25,3.04,2479,300,504,654
64054,305,1096,687,409,2.76,2.82,1096,47,381,306
64055,1219,15411,10465,4946,2.42,2.18,15411,803,6101,4364
64056,375,5952,3748,2204,2.78,3.22,5952,301,2676,1072
64057,573,6054,3564,2490,2.49,1.94,6054,586,2187,1377
64058,144,2497,2009,488,2.53,3.3,2497,64,1348,661
64060,346,5916,4975,941,2.6,2.72,5916,178,3570,1405
64061,138,1124,1045,79,2.45,2.96,1124,14,553,492
64062,199,2136,1802,334,3.01,2.81,2136,33,1097,705
64063,303,8662,5585,3077,2.53,2.37,8662,218,4039,1546
64064,315,7310,6188,1122,2.54,3.01,7310,27,4424,1764
64065,7,7,,7,,1.29,7,0,,
64066,13,21,16,5,2.31,2.0,21,2,7,9
64067,283,2274,1506,768,2.56,2.69,2274,124,825,681
64068,738,13467,9755,3712,2.76,2.31,13467,500,6702,3053
64070,26,1222,1093,129,2.62,2.36,1222,30,753,340
64071,75,249,195,54,3.12,2.3,249,1,49,146
64072,15,158,130,28,2.1,1.64,158,7,50,80
64074,9,238,178,60,1.98,5.97,238,4,42,136
64075,313,4185,3050,1135,2.97,2.37,4185,63,2142,908
64076,445,3273,2521,752,2.78,2.54,3273,74,1483,1038
64077,129,565,432,133,2.78,2.8,565,20,243,189
64078,176,3712,3156,556,2.75,2.12,3712,203,2308,848
64079,319,4680,3267,1413,2.9,2.48,4680,104,2511,756
64080,181,5108,3930,1178,2.77,2.66,5108,100,2780,1150
64081,725,9766,7316,2450,2.86,1.59,9766,656,5305,2011
64082,106,6161,5403,758,3.0,3.04,6161,56,4162,1241
64083,143,9292,7622,1670,2.75,1.97,9292,325,5224,2398
64084,58,644,593,51,2.71,3.04,644,16,292,301
64085,566,3376,2265,1111,2.58,2.09,3376,238,1316,949
64086,1011,8908,6910,1998,2.85,1.96,8908,303,4816,2094
64088,16,501,451,50,2.9,1.3,501,2,272,179
64089,235,5021,4276,745,2.76,2.5,5021,162,3157,1119
64090,15,54,50,4,2.1,3.75,54,0,15,35
64092,,19,,19,,4.47,19,0,,
64093,961,10802,5974,4828,2.48,2.08,10802,591,3803,2171
64096,68,437,303,134,2.4,3.19,437,19,156,147
64097,99,384,296,88,2.61,3.26,384,10,119,177
64098,157,1228,949,279,2.67,1.9,1228,42,622,327
64101,54,5,,5,,,5,0,,
64102,,,,0,,,,0,,
64105,557,3677,535,3142,1.35,1.41,3677,191,378,157
64106,602,5368,860,4508,1.75,1.78,5368,1410,555,305
64108,676,4704,1733,2971,1.88,1.77,4704,501,1130,603
64109,1241,4519,1870,2649,2.66,1.73,4519,944,1113,757
64110,1410,7441,3555,3886,2.32,1.94,7441,829,2351,1204
64111,1659,10418,3195,7223,1.79,1.51,10418,1297,2234,961
64112,885,4826,2022,2804,1.89,1.61,4826,348,1149,873
64113,95,4679,4489,190,2.66,2.12,4679,20,3273,1216
64114,1012,12707,8085,4622,2.11,1.6,12707,605,5534,2551
64116,1037,8564,3812,4752,2.34,1.69,8564,752,2495,1317
64117,585,6422,3333,3089,2.27,2.29,6422,320,2236,1097
64118,1316,18043,10460,7583,2.52,2.21,18043,1323,6979,3481
64119,581,13185,9432,3753,2.48,2.41,13185,315,6519,2913
64120,120,184,100,84,3.06,1.86,184,7,5,95
64123,511,3918,2237,1681,2.53,3.28,3918,409,1104,1133
64124,932,3692,1829,1863,3.36,2.56,3692,673,737,1092
64125,98,665,353,312,3.84,3.69,665,57,108,245
64126,567,2083,1242,841,2.85,2.43,2083,296,231,1011
64127,1664,7112,3108,4004,2.82,2.05,7112,1650,971,2137
64128,1714,5056,2233,2823,2.43,2.33,5056,1218,541,1692
64129,342,3623,1904,1719,2.45,2.35,3623,246,1021,883
64130,2443,8559,4573,3986,2.01,2.48,8559,1641,1319,3254
64131,1083,9735,4545,5190,2.34,2.28,9735,910,3188,1357
64132,1401,5112,2193,2919,2.36,2.63,5112,574,1210,983
64133,1267,15298,8945,6353,2.59,2.08,15298,1034,6079,2866
64134,891,8812,4301,4511,2.23,2.9,8812,751,2693,1608
64136,56,673,407,266,1.99,2.23,673,41,287,120
64137,323,4584,2154,2430,2.47,2.18,4584,266,1395,759
64138,886,10468,6045,4423,2.27,2.3,10468,628,4261,1784
64139,50,829,630,199,3.28,2.0,829,0,518,112
64145,217,1935,1626,309,2.37,2.17,1935,45,927,699
64146,16,780,666,114,1.82,1.18,780,17,452,214
64147,33,134,,134,,3.02,134,75,,
64149,,167,156,11,1.9,5.18,167,17,88,68
64150,102,1820,794,1026,2.24,1.99,1820,180,548,246
64151,833,11577,6960,4617,2.6,2.06,11577,529,4943,2017
64152,319,11802,9903,1899,2.72,2.35,11802,364,7018,2885
64153,233,2722,1422,1300,2.68,1.75,2722,154,1117,305
64154,296,5685,2821,2864,2.59,1.91,5685,147,2071,750
64155,212,10574,7313,3261,2.88,2.1,10574,218,5437,1876
64156,158,2261,1653,608,2.97,1.96,2261,66,1269,384
64157,137,7118,6346,772,3.1,2.46,7118,12,5260,1086
64158,289,2374,1179,1195,3.46,1.83,2374,56,1028,151
64161,13,134,84,50,2.27,2.92,134,8,30,54
64163,103,453,236,217,2.47,1.98,453,32,154,82
64164,,23,23,0,2.57,,23,0,11,12
64165,,63,63,0,4.38,,63,0,63,
64166,,168,119,49,2.4,1.94,168,0,42,77
64167,,190,190,0,2.68,,190,15,142,48
64401,92,396,374,22,2.71,2.0,396,15,246,128
64402,235,924,708,216,2.64,1.6,924,45,398,310
64420,12,15,8,7,2.63,2.0,15,0,2,6
64421,76,379,324,55,2.86,2.56,379,24,172,152
64422,16,162,118,44,2.13,4.27,162,0,46,72
64423,17,350,291,59,2.49,1.76,350,14,158,133
64424,413,1514,987,527,2.59,1.97,1514,115,494,493
64426,41,141,97,44,2.87,3.45,141,8,38,59
64427,43,265,187,78,2.55,2.73,265,2,95,92
64428,88,259,198,61,2.67,2.13,259,19,99,99
64429,463,3693,2371,1322,2.58,2.19,3693,340,1230,1141
64430,12,315,268,47,2.53,1.26,315,5,104,164
64431,53,154,108,46,2.19,2.5,154,5,30,78
64432,12,19,19,0,2.05,,19,0,5,14
64433,,23,19,4,2.05,,23,0,9,10
64434,15,215,193,22,2.35,2.36,215,1,111,82
64436,25,358,301,57,2.74,2.7,358,24,130,171
64437,351,206,181,25,2.33,3.04,206,5,60,121
64438,5,46,41,5,2.05,,46,0,21,20
64439,59,644,504,140,2.45,2.01,644,39,328,176
64440,48,317,246,71,2.63,2.73,317,0,116,130
64441,47,47,41,6,1.32,1.67,47,0,13,28
64442,104,301,273,28,2.92,3.64,301,20,135,138
64443,58,647,501,146,2.57,3.85,647,31,277,224
64444,16,545,426,119,2.73,2.22,545,62,262,164
64445,32,129,96,33,2.31,2.18,129,11,36,60
64446,71,456,312,144,2.14,2.3,456,13,130,182
64448,43,440,380,60,2.51,1.63,440,27,157,223
64449,20,207,183,24,2.87,1.96,207,1,67,116
64451,30,198,156,42,1.91,3.12,198,4,53,103
64453,83,63,61,2,2.51,6.0,63,0,31,30
64454,154,962,830,132,2.54,2.24,962,25,539,291
64455,19,153,118,35,2.08,2.49,153,4,37,81
64456,225,508,413,95,3.01,2.68,508,30,184,229
64457,20,89,87,2,2.47,1.5,89,1,32,55
64458,33,62,62,0,4.37,,62,0,11,51
64459,40,215,206,9,2.3,2.67,215,2,107,99
64461,66,337,276,61,2.46,2.54,337,6,97,179
64463,99,558,413,145,2.51,2.79,558,11,197,216
64465,170,1581,1263,318,2.74,2.41,1581,59,684,579
64466,52,192,143,49,2.24,1.43,192,21,59,84
64467,63,104,86,18,2.22,2.17,104,12,28,58
64468,543,5720,2784,2936,2.29,2.01,5720,406,1450,1334
64469,106,938,657,281,2.49,1.69,938,7,391,266
64470,167,651,497,154,2.41,2.25,651,16,265,232
64471,54,187,136,51,2.6,1.69,187,10,35,101
64473,69,541,431,110,2.48,2.23,541,20,170,261
64474,44,347,236,111,2.43,2.05,347,4,92,144
64475,75,131,89,42,2.6,1.48,131,6,15,74
64476,16,125,105,20,2.47,1.65,125,6,50,55
64477,202,1485,1124,361,2.43,1.8,1485,128,652,472
64479,52,349,278,71,3.05,1.61,349,31,151,127
64480,39,118,106,12,1.75,2.17,118,4,42,64
64481,120,344,257,87,3.26,2.03,344,9,111,146
64482,103,897,643,254,2.3,2.23,897,26,318,325
64483,51,192,168,24,3.14,2.71,192,16,105,63
64484,42,382,311,71,2.54,2.58,382,11,99,212
64485,310,3181,2305,876,2.5,1.95,3181,166,1279,1026
64486,97,102,78,24,2.45,1.67,102,0,25,53
64487,114,288,219,69,2.2,1.93,288,26,84,135
64489,163,723,574,149,3.12,2.22,723,82,179,395
64490,65,696,590,106,2.91,2.19,696,21,326,264
64491,138,798,525,273,2.21,1.99,798,65,210,315
64492,56,704,572,132,2.66,1.58,704,35,399,173
64493,45,211,162,49,4.21,2.43,211,1,113,49
64494,80,440,334,106,2.47,2.08,440,9,174,160
64496,47,98,63,35,2.43,1.46,98,5,15,48
64497,99,151,143,8,3.18,2.25,151,5,73,70
64498,4,106,99,7,2.16,2.29,106,0,32,67
64499,36,59,58,1,2.31,7.0,59,23,7,51
64501,1214,4508,1909,2599,2.77,2.03,4508,937,1023,886
64503,700,4833,3242,1591,2.52,2.43,4833,450,1626,1616
64504,468,4119,2796,1323,2.57,2.64,4119,295,1507,1289
64505,640,5116,3562,1554,2.67,2.6,5116,174,2122,1440
64506,830,8714,5282,3432,2.48,1.98,8714,624,3220,2062
64507,870,5265,3449,1816,2.65,2.58,5265,478,2097,1352
64601,627,4524,3017,1507,2.46,2.35,4524,321,1443,1574
64620,121,215,202,13,2.81,3.31,215,6,95,107
64622,52,162,123,39,2.23,1.38,162,0,33,90
64623,189,136,125,11,2.94,1.91,136,7,54,71
64624,144,601,490,111,2.39,2.13,601,20,179,311
64625,119,287,210,77,2.83,2.29,287,43,73,137
64628,589,2310,1775,535,2.43,2.57,2310,120,709,1066
64630,95,245,204,41,2.63,1.59,245,11,80,124
64631,140,305,252,53,2.57,2.0,305,5,104,148
64632,134,158,149,9,2.27,2.56,158,3,36,113
64633,455,1774,1191,583,2.46,2.68,1774,136,578,613
64635,47,176,152,24,2.46,2.88,176,5,55,97
64636,16,121,101,20,2.73,2.05,121,6,28,73
64637,65,233,178,55,2.43,2.76,233,17,54,124
64638,65,178,136,42,4.08,2.74,178,3,68,68
64639,38,72,65,7,2.17,1.29,72,7,19,46
64640,687,1206,915,291,2.33,2.73,1206,73,436,479
64641,97,249,190,59,2.38,1.81,249,16,82,108
64642,87,309,249,60,2.63,2.28,309,10,102,147
64643,156,444,345,99,2.66,1.94,444,14,150,195
64644,158,1118,837,281,2.71,2.59,1118,31,516,321
64645,59,77,69,8,2.04,3.0,77,6,16,53
64646,80,85,70,15,3.77,2.6,85,0,17,53
64647,50,195,125,70,2.0,3.1,195,5,50,75
64648,110,666,558,108,4.0,3.41,666,195,236,322
64649,64,308,274,34,2.7,2.85,308,23,120,154
64650,115,263,215,48,2.08,2.13,263,8,89,126
64651,52,196,138,58,2.35,2.21,196,25,40,98
64652,66,146,123,23,2.57,2.09,146,16,40,83
64653,52,259,239,20,2.17,1.9,259,2,100,139
64654,5,14,9,5,2.0,4.4,14,0,5,4
64655,108,85,85,0,1.45,,85,2,5,80
64656,46,133,84,49,2.44,2.51,133,3,26,58
64657,82,121,91,30,3.11,1.8,121,1,9,82
64658,265,1219,938,281,2.81,2.13,1219,32,498,440
64659,50,369,273,96,2.75,2.52,369,0,129,144
64660,72,172,165,7,2.56,2.29,172,1,56,109
64661,135,304,212,92,2.88,2.07,304,14,70,142
64664,23,105,87,18,2.64,2.94,105,0,42,45
64667,62,85,71,14,3.63,4.36,85,6,14,57
64668,153,650,521,129,2.4,2.61,650,46,239,282
64670,60,326,229,97,2.43,2.96,326,12,72,157
64671,296,722,610,112,2.41,2.73,722,52,297,313
64672,81,53,50,3,1.28,13.33,53,0,26,24
64673,470,842,712,130,3.01,2.46,842,27,285,427
64674,76,125,108,17,2.21,2.18,125,1,33,75
64676,20,46,39,7,3.36,2.0,46,0,19,20
64679,75,300,194,106,3.08,2.02,300,80,81,113
64681,80,59,55,4,2.67,8.0,59,8,10,45
64682,40,151,140,11,2.38,1.36,151,0,16,124
64683,961,2950,2017,933,2.71,2.3,2950,200,807,1210
64686,20,102,97,5,1.91,3.0,102,0,31,66
64688,37,215,167,48,3.99,2.6,215,43,61,106
64689,72,192,160,32,2.71,3.69,192,0,90,70
64701,377,5715,3862,1853,2.8,1.85,5715,367,2452,1410
64720,193,1530,1165,365,2.8,2.46,1530,58,650,515
64722,41,139,106,33,2.98,2.76,139,12,46,60
64723,77,337,266,71,2.27,2.31,337,12,177,89
64724,184,757,528,229,2.78,1.61,757,15,212,316
64725,126,769,538,231,2.65,2.52,769,26,337,201
64726,110,119,99,20,2.3,5.2,119,1,43,56
64728,56,163,135,28,2.87,2.89,163,11,63,72
64730,568,2457,1608,849,2.52,2.48,2457,264,755,853
64733,90,465,353,112,2.92,2.54,465,17,186,167
64734,59,793,632,161,2.88,2.15,793,11,448,184
64735,846,5724,3931,1793,2.33,2.11,5724,310,2133,1798
64738,98,587,494,93,2.52,2.73,587,20,262,232
64739,40,338,298,40,3.05,2.45,338,2,182,116
64740,298,740,644,96,1.98,2.58,740,9,245,399
64741,53,64,58,6,1.79,2.17,64,1,2,56
64742,82,890,711,179,2.42,2.53,890,31,397,314
64743,7,90,55,35,2.13,2.23,90,13,41,14
64744,411,2876,1889,987,2.84,2.61,2876,325,914,975
64745,17,27,23,4,2.78,2.0,27,0,19,4
64746,46,624,505,119,2.49,2.19,624,7,285,220
64747,176,1587,1324,263,2.54,2.07,1587,34,824,500
64748,104,593,417,176,2.32,2.61,593,29,176,241
64750,15,117,103,14,3.15,3.14,117,26,79,24
64752,57,257,220,37,2.88,2.49,257,12,103,117
64755,161,873,710,163,2.9,2.36,873,31,353,357
64756,64,283,240,43,2.06,3.35,283,3,52,188
64759,393,2907,1901,1006,2.59,2.6,2907,275,839,1062
64761,110,559,439,120,2.74,3.28,559,26,258,181
64762,186,614,488,126,2.57,3.05,614,29,191,297
64763,116,588,457,131,2.03,2.61,588,40,157,300
64765,4,3,2,1,2.5,,3,0,1,1
64767,32,267,242,25,2.09,2.04,267,0,54,188
64769,67,274,232,42,2.33,3.81,274,7,44,188
64770,61,522,397,125,2.16,2.51,522,28,128,269
64771,24,157,130,27,2.26,2.52,157,5,49,81
64772,694,5437,3936,1501,2.4,1.97,5437,482,2113,1823
64776,782,1590,1239,351,2.2,2.39,1590,112,565,674
64778,74,168,138,30,2.8,2.33,168,16,71,67
64779,247,853,698,155,2.87,3.06,853,84,288,410
64780,139,162,129,33,3.39,2.73,162,0,50,79
64781,15,45,39,6,2.0,1.33,45,0,5,34
64783,166,284,261,23,2.32,3.35,284,3,58,203
64784,76,500,375,125,2.8,2.14,500,10,111,264
64788,123,622,490,132,2.45,2.45,622,3,293,197
64790,54,355,256,99,2.56,2.35,355,14,101,155
64801,2139,15267,8734,6533,2.47,2.12,15267,1273,4887,3847
64804,1597,14853,10559,4294,2.52,2.38,14853,858,5996,4563
64830,23,285,174,111,2.52,2.95,285,28,107,67
64831,422,2416,1705,711,2.8,2.68,2416,113,924,781
64832,14,455,354,101,2.25,4.81,455,45,100,254
64833,10,20,18,2,3.22,3.0,20,0,7,11
64834,203,3510,2761,749,3.03,2.41,3510,62,1997,764
64835,81,701,501,200,3.08,3.21,701,38,288,213
64836,1069,9039,5611,3428,2.75,2.56,9039,625,3433,2178
64840,72,1131,929,202,2.67,3.13,1131,56,543,386
64841,26,360,215,145,3.5,1.79,360,26,157,58
64842,54,312,235,77,2.97,3.52,312,16,157,78
64843,235,1158,874,284,2.78,3.66,1158,13,521,353
64844,285,1693,1235,458,2.86,2.07,1693,77,642,593
64847,47,169,62,107,2.79,2.42,169,19,13,49
64848,62,197,182,15,3.88,1.47,197,3,78,104
64849,,71,69,2,2.38,,71,0,47,22
64850,945,8541,5722,2819,2.74,2.56,8541,544,3461,2261
64854,401,1480,647,833,2.79,3.56,1480,105,306,341
64855,19,988,886,102,2.56,2.52,988,21,579,307
64856,191,1465,929,536,2.74,2.4,1465,101,464,465
64857,52,156,132,24,2.79,3.46,156,4,68,64
64858,,210,210,0,2.1,,210,0,114,96
64859,44,496,354,142,2.66,2.2,496,1,131,223
64861,73,414,289,125,3.05,2.86,414,31,179,110
64862,245,1344,1029,315,2.76,2.42,1344,92,524,505
64863,96,506,287,219,2.85,2.75,506,39,193,94
64865,315,1886,1431,455,2.77,3.38,1886,57,787,644
64866,31,389,348,41,2.48,2.44,389,12,154,194
64867,73,349,287,62,2.51,3.35,349,0,111,176
64868,,58,58,0,2.26,,58,0,23,35
64870,479,5887,3717,2170,2.66,2.55,5887,326,2409,1308
64873,53,294,285,9,2.53,2.56,294,0,111,174
64874,40,237,141,96,2.71,2.56,237,27,98,43
65001,19,126,122,4,2.53,,126,19,57,65
65010,172,2870,2202,668,2.58,1.74,2870,138,1597,605
65011,566,632,516,116,4.36,1.79,632,153,227,289
65013,431,1160,833,327,2.3,2.37,1160,62,369,464
65014,243,992,754,238,2.77,2.47,992,86,352,402
65016,35,518,473,45,2.74,2.62,518,9,273,200
65017,76,465,374,91,2.65,1.65,465,0,129,245
65018,338,3053,2307,746,2.66,2.19,3053,157,1285,1022
65020,4607,5320,4239,1081,2.85,2.79,5320,194,2343,1896
65023,131,698,626,72,2.46,1.93,698,63,254,372
65024,223,432,369,63,2.28,2.29,432,23,164,205
65025,69,299,186,113,2.47,3.25,299,9,98,88
65026,827,4746,3502,1244,2.28,2.13,4746,217,1926,1576
65032,61,562,507,55,2.16,2.69,562,15,174,333
65034,6,315,293,22,2.87,7.55,315,74,141,152
65035,97,642,553,89,2.91,2.08,642,45,251,302
65037,3308,2195,1934,261,2.1,1.81,2195,126,939,995
65039,10,1067,999,68,2.66,1.49,1067,53,668,331
65040,139,423,363,60,3.04,1.15,423,10,231,132
65041,766,2278,1781,497,2.33,2.03,2278,69,857,924
65043,555,3705,2993,712,2.65,2.78,3705,76,1901,1092
65046,65,578,543,35,2.59,1.37,578,14,298,245
65047,361,464,305,159,3.88,2.33,464,18,205,100
65048,20,87,76,11,1.62,2.0,87,0,8,68
65049,5318,2929,2345,584,2.19,2.15,2929,101,1462,883
65050,15,175,159,16,4.03,2.94,175,107,100,59
65051,343,1824,1398,426,2.69,2.1,1824,62,713,685
65052,515,1208,1113,95,2.97,2.13,1208,9,759,354
65053,18,577,548,29,2.69,3.59,577,2,303,245
65054,22,367,338,29,3.0,3.31,367,0,226,112
65058,73,413,347,66,2.05,1.65,413,29,111,236
65059,90,437,315,122,2.43,1.57,437,3,128,187
65061,238,194,183,11,2.77,4.0,194,4,92,91
65062,25,11,11,0,2.91,,11,0,11,
65063,140,1279,1101,178,3.03,2.51,1279,4,745,356
65064,59,272,256,16,2.47,1.94,272,12,128,128
65065,5429,2671,1801,870,2.32,3.06,2671,7,1202,599
65066,605,2415,1902,513,2.51,2.27,2415,155,1043,859
65067,120,176,136,40,3.01,3.18,176,10,92,44
65068,28,307,264,43,2.53,2.6,307,10,155,109
65069,156,191,168,23,2.29,1.78,191,0,71,97
65072,2026,721,639,82,2.58,3.55,721,11,333,306
65074,120,1176,987,189,2.6,2.17,1176,15,650,337
65075,58,354,307,47,3.13,1.55,354,6,129,178
65076,15,223,188,35,2.62,1.06,223,27,99,89
65077,95,171,171,0,2.5,,171,33,90,81
65078,1506,1327,1056,271,2.48,2.24,1327,106,518,538
65079,4582,1978,1794,184,2.3,2.55,1978,54,971,823
65080,,490,427,63,2.73,3.37,490,0,308,119
65081,195,1104,785,319,3.45,2.16,1104,92,443,342
65082,98,388,343,45,2.76,2.53,388,15,162,181
65083,11,58,47,11,3.15,2.36,58,0,6,41
65084,598,2341,1722,619,2.97,2.33,2341,435,974,748
65085,69,514,447,67,2.67,1.21,514,35,245,202
65101,1461,10431,7009,3422,2.65,2.21,10431,753,4182,2827
65109,1496,16602,10717,5885,2.55,2.08,16602,819,6432,4285
65201,2130,18057,5987,12070,2.43,2.08,18057,1347,3953,2034
65202,1422,18952,11984,6968,2.58,2.43,18952,1139,8376,3608
65203,1834,25279,15817,9462,2.53,1.97,25279,1419,10239,5578
65215,,,,0,,,,0,,
65216,,,,0,,,,0,,
65230,74,194,166,28,2.55,3.61,194,4,106,60
65231,246,1166,857,309,2.56,2.5,1166,3,514,343
65232,24,133,118,15,2.16,2.6,133,0,35,83
65233,793,3791,2844,947,2.72,2.41,3791,210,1743,1101
65236,226,485,312,173,2.8,2.24,485,32,83,229
65237,72,446,335,111,2.45,2.25,446,15,152,183
65239,133,661,633,28,2.43,3.46,661,6,240,393
65240,248,3385,2597,788,2.65,2.19,3385,106,1515,1082
65243,182,810,763,47,3.01,5.74,810,94,431,332
65244,89,162,141,21,2.24,1.67,162,8,72,69
65246,27,23,23,0,2.96,,23,0,6,17
65247,104,237,219,18,3.83,1.28,237,20,99,120
65248,564,1250,896,354,3.11,2.75,1250,37,523,373
65250,71,168,162,6,2.86,2.0,168,1,72,90
65251,946,7148,4891,2257,2.68,2.21,7148,379,2926,1965
65254,281,661,579,82,2.65,2.66,661,24,294,285
65255,79,1885,1453,432,2.69,3.13,1885,74,857,596
65256,162,733,696,37,2.52,3.51,733,16,407,289
65257,239,591,519,72,3.11,3.21,591,12,233,286
65258,32,230,200,30,2.3,3.87,230,13,30,170
65259,143,977,802,175,3.02,2.51,977,36,490,312
65260,49,170,155,15,2.52,2.13,170,0,93,62
65261,311,395,297,98,3.15,2.84,395,23,152,145
65262,96,341,288,53,2.88,1.13,341,9,176,112
65263,186,568,484,84,2.33,2.31,568,29,155,329
65264,43,379,351,28,2.7,2.89,379,4,218,133
65265,820,5717,3863,1854,2.62,2.55,5717,382,2036,1827
65270,1120,6067,3709,2358,2.62,2.33,6067,373,2018,1691
65274,165,641,516,125,3.26,2.81,641,40,302,214
65275,209,968,805,163,2.49,2.63,968,36,360,445
65276,157,630,492,138,2.4,2.75,630,52,228,264
65278,48,38,25,13,2.0,2.23,38,0,11,14
65279,177,615,565,50,2.45,1.44,615,16,351,214
65280,16,109,89,20,2.69,2.15,109,1,9,80
65281,406,950,774,176,2.79,2.66,950,48,258,516
65282,32,75,75,0,1.05,,75,0,,75
65283,240,243,239,4,2.23,3.25,243,0,67,172
65284,107,761,568,193,2.45,1.79,761,27,347,221
65285,97,197,187,10,2.08,,197,8,96,91
65286,33,24,20,4,4.65,8.75,24,0,2,18
65287,37,87,85,2,2.06,,87,1,52,33
65301,1621,13513,9015,4498,2.6,2.35,13513,1069,4660,4355
65305,21,1002,,1002,,2.87,1002,0,,
65320,31,30,29,1,2.0,2.0,30,1,14,15
65321,47,150,118,32,2.07,3.06,150,4,32,86
65322,60,232,189,43,2.71,2.53,232,4,78,111
65323,33,333,280,53,2.84,2.42,333,18,141,139
65324,1292,572,506,66,1.87,3.67,572,15,224,282
65325,226,1153,888,265,3.13,2.23,1153,101,401,487
65326,1498,819,696,123,1.79,2.72,819,17,271,425
65327,14,79,71,8,2.35,5.38,79,2,29,42
65329,48,92,71,21,3.82,,92,0,46,25
65330,50,180,132,48,3.28,1.9,180,11,61,71
65332,29,595,533,62,2.56,2.61,595,11,228,305
65333,63,289,271,18,1.71,3.22,289,6,102,169
65334,51,456,304,152,2.5,1.81,456,1,137,167
65335,21,126,115,11,2.92,1.73,126,26,67,48
65336,272,2576,1711,865,2.43,2.29,2576,68,1196,515
65337,73,698,476,222,2.66,2.67,698,20,235,241
65338,588,1094,861,233,2.91,2.56,1094,43,384,477
65339,116,148,119,29,2.76,3.55,148,2,38,81
65340,1136,5075,3553,1522,3.07,2.33,5075,300,2046,1507
65344,57,61,48,13,2.67,3.46,61,1,19,29
65345,,202,181,21,1.96,2.0,202,0,83,98
65347,154,362,325,37,2.44,2.76,362,4,169,156
65348,44,587,451,136,2.77,2.0,587,40,222,229
65349,244,1055,716,339,2.63,2.29,1055,154,374,342
65350,82,662,550,112,2.9,2.01,662,16,332,218
65351,229,794,616,178,3.01,2.92,794,38,280,336
65354,,229,111,118,2.4,2.21,229,6,21,90
65355,3951,4593,3780,813,2.35,1.99,4593,275,1792,1988
65360,222,1663,1221,442,3.02,2.36,1663,223,676,545
65401,1368,13226,7400,5826,2.52,1.96,13226,915,4012,3388
65409,,8,8,0,,,8,0,8,
65436,15,,,0,,,,0,,
65438,297,1051,849,202,2.83,2.39,1051,51,333,516
65439,,33,33,0,1.94,,33,0,,33
65440,81,133,133,0,3.66,,133,0,81,52
65441,389,2142,1652,490,2.3,2.93,2142,179,852,800
65443,,39,39,0,2.51,,39,0,11,28
65444,66,333,240,93,2.23,1.46,333,0,114,126
65446,,209,94,115,4.14,2.82,209,0,60,34
65449,22,108,93,15,1.25,,108,0,,93
65452,316,1004,797,207,2.67,2.33,1004,32,383,414
65453,891,3317,2332,985,2.73,2.4,3317,205,1421,911
65456,76,157,145,12,3.77,,157,0,50,95
65457,84,121,110,11,2.09,,121,0,14,96
65459,619,2511,2057,454,3.04,2.72,2511,174,1143,914
65461,7,69,69,0,1.51,,69,0,43,26
65462,107,577,559,18,2.19,1.83,577,16,258,301
65463,,598,363,235,2.15,2.26,598,0,162,201
65464,46,267,233,34,1.68,,267,0,128,105
65466,212,489,328,161,2.59,2.73,489,39,107,221
65468,15,3,3,0,,,3,0,,3
65470,80,361,319,42,2.4,1.67,361,5,179,140
65473,525,2103,16,2087,2.5,3.14,2103,90,16,
65479,25,84,84,0,2.01,,84,0,,84
65483,424,1825,1331,494,2.51,2.67,1825,189,618,713
65484,,25,25,0,2.28,,25,0,,25
65486,129,1327,1185,142,2.64,2.48,1327,40,457,728
65501,27,68,68,0,2.1,,68,0,16,52
65529,32,102,102,0,2.71,,102,0,93,9
65534,156,224,203,21,2.71,2.29,224,0,104,99
65535,184,514,419,95,2.76,2.69,514,30,172,247
65536,1402,11909,8271,3638,2.49,2.49,11909,854,4666,3605
65541,,92,92,0,2.98,,92,0,42,50
65542,381,2066,1501,565,2.59,2.56,2066,244,769,732
65543,12,234,191,43,2.5,2.86,234,12,121,70
65548,380,2169,1585,584,2.77,2.39,2169,103,729,856
65550,493,1231,933,298,2.55,2.25,1231,35,473,460
65552,173,684,612,72,2.92,3.57,684,0,375,237
65555,57,489,379,110,3.39,1.78,489,18,214,165
65556,351,2069,1586,483,2.65,2.4,2069,175,690,896
65557,,31,31,0,2.55,,31,0,15,16
65559,533,3320,2258,1062,2.55,2.47,3320,162,1092,1166
65560,871,5632,3941,1691,2.36,2.37,5632,356,1854,2087
65564,,45,25,20,3.16,3.15,45,0,25,
65565,527,2090,1501,589,2.19,2.14,2090,147,736,765
65566,121,295,216,79,2.48,3.15,295,25,97,119
65567,122,582,472,110,2.68,3.82,582,2,245,227
65570,24,276,260,16,2.13,4.44,276,1,102,158
65571,164,716,537,179,2.92,2.15,716,87,78,459
65580,66,293,238,55,2.24,1.2,293,0,116,122
65582,184,909,651,258,2.48,2.29,909,53,307,344
65583,788,4857,2524,2333,2.89,2.52,4857,212,1620,904
65584,1089,4061,2011,2050,3.12,2.29,4061,169,1310,701
65586,60,8,8,0,11.75,,8,8,8,
65588,207,839,666,173,2.27,2.34,839,35,262,404
65589,13,34,15,19,4.2,2.95,34,0,15,
65590,123,839,655,184,2.4,2.36,839,62,350,305
65591,74,468,359,109,2.96,4.75,468,17,235,124
65601,33,264,224,40,2.24,2.43,264,3,105,119
65603,39,91,91,0,1.97,,91,0,63,28
65604,86,1498,1197,301,2.2,2.26,1498,162,696,501
65605,571,4955,3463,1492,2.45,2.45,4955,206,2073,1390
65606,310,1030,726,304,2.14,2.5,1030,72,293,433
65608,622,3201,2386,815,2.69,2.21,3201,180,972,1414
65609,85,270,207,63,2.56,2.63,270,67,49,158
65610,232,1867,1649,218,2.53,2.49,1867,29,1262,387
65611,549,992,873,119,2.2,2.12,992,17,371,502
65612,44,682,488,194,2.81,1.25,682,0,178,310
65613,548,6513,4346,2167,2.49,2.51,6513,415,2471,1875
65614,73,193,158,35,2.97,2.66,193,2,69,89
65616,5315,10522,6406,4116,2.68,2.48,10522,566,3811,2595
65617,122,586,532,54,2.53,3.15,586,0,259,273
65618,,42,42,0,4.36,,42,0,33,9
65619,125,3696,2612,1084,2.52,1.87,3696,0,1745,867
65620,3,96,56,40,1.98,1.48,96,0,29,27
65622,513,3252,2197,1055,2.39,2.32,3252,85,1341,856
65623,4,3,,3,,3.0,3,0,,
65624,241,656,638,18,2.63,5.67,656,0,265,373
65625,671,3025,2028,997,2.75,2.45,3025,192,1121,907
65626,271,871,719,152,2.56,2.87,871,72,251,468
65627,96,320,233,87,1.8,3.62,320,13,50,183
65629,68,227,179,48,2.61,2.92,227,5,65,114
65630,9,155,138,17,2.39,1.12,155,0,77,61
65631,110,2304,1965,339,2.93,2.54,2304,41,1495,470
65632,193,966,760,206,2.51,2.65,966,34,459,301
65633,226,1204,894,310,2.79,3.51,1204,26,464,430
65634,122,133,119,14,3.98,1.57,133,17,41,78
65635,41,205,175,30,2.71,2.03,205,2,101,74
65637,138,346,262,84,2.1,2.4,346,31,147,115
65638,38,254,203,51,2.47,3.76,254,7,115,88
65640,69,265,260,5,3.95,5.4,265,29,128,132
65641,420,507,423,84,2.32,1.45,507,34,131,292
65644,106,727,649,78,2.27,2.81,727,12,342,307
65646,163,707,618,89,2.46,1.48,707,10,222,396
65647,128,1202,973,229,2.54,2.8,1202,35,341,632
65648,340,2111,1794,317,2.91,4.37,2111,43,1217,577
65649,281,878,681,197,2.55,2.31,878,11,430,251
65650,453,583,507,76,3.62,1.74,583,81,315,192
65652,111,1343,1124,219,2.75,2.42,1343,52,722,402
65653,457,2545,1980,565,2.18,2.13,2545,134,751,1229
65654,21,116,79,37,2.49,1.76,116,8,47,32
65655,211,1023,714,309,1.97,2.27,1023,43,266,448
65656,861,1612,1394,218,3.01,2.28,1612,49,774,620
65657,34,85,51,34,3.63,4.85,85,0,30,21
65658,367,619,498,121,1.97,1.75,619,5,270,228
65660,35,134,129,5,1.8,2.0,134,0,41,88
65661,399,897,654,243,2.71,2.39,897,96,370,284
65662,114,398,330,68,3.05,1.71,398,11,195,135
65663,184,880,644,236,2.98,1.89,880,31,315,329
65664,22,16,1,15,3.0,1.93,16,0,,1
65666,,53,53,0,,,53,0,,53
65667,316,1080,851,229,3.16,2.44,1080,164,361,490
65668,330,725,572,153,2.28,1.78,725,6,160,412
65669,106,871,735,136,2.84,2.75,871,9,437,298
65672,1311,3491,2351,1140,2.49,2.34,3491,46,1455,896
65674,230,979,663,316,2.8,2.57,979,62,395,268
65675,8,10,8,2,2.75,2.5,10,0,8,
65676,180,200,131,69,2.63,2.32,200,15,58,73
65679,226,1325,852,473,2.59,2.15,1325,38,542,310
65680,160,455,435,20,2.4,4.55,455,13,258,177
65681,853,885,862,23,1.96,2.74,885,17,321,541
65682,160,773,530,243,2.58,2.74,773,47,214,316
65685,67,340,303,37,3.34,3.51,340,18,156,147
65686,1658,2157,1769,388,2.17,2.24,2157,67,770,999
65688,6,28,21,7,1.9,,28,2,,21
65689,252,2220,1712,508,2.19,3.0,2220,152,988,724
65690,41,71,56,15,2.0,2.73,71,0,23,33
65692,129,336,247,89,2.61,3.28,336,5,90,157
65702,41,87,76,11,1.51,2.0,87,0,51,25
65704,268,1596,1122,474,2.51,1.97,1596,140,737,385
65705,263,1433,936,497,2.98,2.67,1433,127,618,318
65706,614,6121,4845,1276,2.58,2.99,6121,252,2860,1985
65707,177,796,598,198,2.6,2.19,796,62,331,267
65708,215,4887,3028,1859,2.91,2.44,4887,124,1872,1156
65710,119,443,333,110,2.57,2.26,443,21,234,99
65711,836,3207,2539,668,2.63,2.74,3207,160,1538,1001
65712,443,3499,2378,1121,2.57,2.23,3499,253,1407,971
65713,226,883,697,186,2.81,3.06,883,40,367,330
65714,577,12643,9135,3508,2.66,2.68,12643,260,6111,3024
65715,6,16,16,0,3.69,,16,0,16,
65717,144,799,624,175,3.18,3.53,799,85,308,316
65720,20,269,238,31,2.98,2.42,269,1,181,57
65721,819,12135,8924,3211,2.87,2.25,12135,384,6405,2519
65722,35,415,328,87,2.69,2.69,415,0,143,185
65723,105,1114,831,283,2.53,2.82,1114,12,334,497
65724,820,645,604,41,1.83,,645,20,211,393
65725,23,1104,944,160,3.13,1.72,1104,13,632,312
65726,,,,0,,,,0,,
65727,,71,71,0,1.8,,71,0,12,59
65728,,13,13,0,2.08,,13,0,,13
65729,109,84,65,19,1.32,1.74,84,0,,65
65730,27,9,9,0,,,9,0,9,
65731,40,78,60,18,1.6,4.28,78,0,31,29
65732,35,401,335,66,3.09,2.64,401,13,178,157
65733,308,274,240,34,3.94,2.91,274,0,55,185
65734,150,1210,801,409,2.58,2.61,1210,81,377,424
65735,40,43,22,21,1.36,2.76,43,2,,22
65737,2119,3057,2426,631,2.61,1.95,3057,218,1286,1140
65738,158,7909,5186,2723,2.6,2.42,7909,166,3636,1550
65739,458,384,358,26,2.16,2.73,384,0,210,148
65740,520,1268,924,344,2.86,3.1,1268,52,598,326
65741,,,,0,,,,0,,
65742,567,4965,3923,1042,2.83,2.56,4965,122,2856,1067
65744,13,24,19,5,2.05,2.6,24,0,2,17
65745,196,924,572,352,2.41,3.26,924,58,299,273
65746,286,2863,2346,517,3.41,2.3,2863,460,1237,1109
65747,1498,1713,1641,72,1.96,3.28,1713,37,708,933
65752,8,199,137,62,2.52,1.55,199,11,41,96
65753,183,1849,1540,309,2.73,2.26,1849,54,933,607
65754,,232,217,15,2.35,5.07,232,13,137,80
65755,6,214,198,16,2.97,2.38,214,0,111,87
65756,19,321,298,23,2.69,3.52,321,1,213,85
65757,88,2847,2386,461,2.57,2.33,2847,96,1401,985
65759,180,385,322,63,2.69,2.75,385,19,173,149
65760,52,236,232,4,2.09,4.0,236,0,111,121
65761,558,531,490,41,1.94,1.46,531,27,119,371
65762,31,162,134,28,2.9,3.21,162,16,82,52
65764,42,451,417,34,2.64,3.09,451,36,216,201
65766,62,21,17,4,4.06,,21,4,7,10
65767,172,734,571,163,2.22,2.97,734,36,296,275
65768,95,134,105,29,2.2,3.59,134,0,51,54
65769,136,1046,926,120,2.62,2.59,1046,86,406,520
65770,113,1093,928,165,2.46,2.15,1093,32,492,436
65771,,541,541,0,2.7,,541,25,260,281
65772,167,879,788,91,2.32,2.24,879,10,346,442
65773,50,212,190,22,2.41,4.82,212,10,114,76
65774,80,436,369,67,2.78,2.79,436,6,181,188
65775,1515,9943,6477,3466,2.54,2.36,9943,687,3225,3252
65777,20,76,76,0,2.59,,76,0,65,11
65778,84,195,104,91,2.49,2.41,195,23,47,57
65779,514,645,505,140,1.99,2.06,645,9,194,311
65781,109,3158,2299,859,2.67,3.28,3158,9,1508,791
65783,,37,29,8,1.9,11.13,37,0,,29
65784,,,,0,,,,0,,
65785,690,2290,1716,574,2.32,2.63,2290,81,918,798
65786,331,633,538,95,2.98,2.74,633,3,280,258
65787,763,449,404,45,2.35,4.82,449,23,222,182
65788,14,135,131,4,2.2,,135,0,55,76
65789,99,566,441,125,3.08,3.42,566,49,241,200
65790,94,317,303,14,3.54,,317,0,200,103
65791,353,1496,1038,458,2.65,3.1,1496,43,445,593
65793,427,2331,1573,758,2.64,1.88,2331,255,584,989
65801,,,,0,,,,0,,
65802,786,19169,10513,8656,2.33,2.11,19169,1497,6623,3890
65803,1312,18143,10075,8068,2.36,2.22,18143,1819,5850,4225
65804,993,18992,10243,8749,2.19,1.79,18992,1259,5971,4272
65806,760,7673,929,6744,1.96,1.69,7673,1434,459,470
65807,1093,27017,12584,14433,2.17,1.88,27017,2001,8115,4469
65809,61,4665,3970,695,2.46,1.7,4665,195,2415,1555
65810,298,9380,7017,2363,2.47,1.96,9380,504,4197,2820
65897,,18,,18,,3.11,18,0,,
66002,761,4632,3121,1511,2.67,2.19,4632,431,1517,1604
66006,99,2760,2077,683,2.7,2.04,2760,163,1413,664
66007,49,3513,2853,660,2.92,1.93,3513,60,2109,744
66008,,100,97,3,2.09,,100,0,49,48
66010,24,258,213,45,2.38,1.22,258,32,92,121
66012,129,3660,2824,836,2.85,2.65,3660,89,1693,1131
66013,114,816,803,13,3.43,,816,0,597,206
66014,,190,154,36,2.96,1.92,190,0,96,58
66015,76,327,253,74,2.65,1.68,327,11,158,95
66016,48,207,193,14,3.62,11.36,207,7,108,85
66017,5,144,111,33,2.14,2.79,144,2,48,63
66018,56,2358,1561,797,2.91,2.31,2358,61,1022,539
66020,70,524,450,74,3.63,2.11,524,2,304,146
66021,48,893,749,144,3.28,2.55,893,0,538,211
66023,76,430,385,45,2.16,1.78,430,16,131,254
66024,28,257,178,79,2.76,2.85,257,8,74,104
66025,92,2736,1974,762,2.94,2.56,2736,69,1527,447
66026,11,211,202,9,4.12,1.89,211,1,113,89
66027,302,1568,10,1558,3.0,3.71,1568,62,,10
66030,560,8552,5891,2661,3.05,2.57,8552,283,4238,1653
66031,,,,0,,,,0,,
66032,232,1908,1297,611,2.61,2.21,1908,141,506,791
66033,26,360,299,61,2.48,1.61,360,31,92,207
66035,147,281,216,65,2.73,1.71,281,15,89,127
66039,89,280,248,32,2.25,2.78,280,0,147,101
66040,513,1493,1164,329,2.22,2.13,1493,115,641,523
66041,44,374,358,16,2.47,1.94,374,0,120,238
66042,12,242,202,40,2.25,1.35,242,0,89,113
66043,186,3066,2263,803,2.86,3.01,3066,117,1540,723
66044,1004,11620,4297,7323,2.24,2.02,11620,761,2540,1757
66045,,,,0,,,,0,,
66046,530,8221,3967,4254,2.33,2.02,8221,461,2671,1296
66047,376,8986,3830,5156,2.45,2.14,8986,413,2295,1535
66048,1367,14077,8477,5600,2.41,2.36,14077,976,5013,3464
66049,863,14340,7974,6366,2.58,1.68,14340,892,5393,2581
66050,76,784,709,75,2.48,3.48,784,7,340,369
66052,33,735,534,201,2.74,2.67,735,13,412,122
66053,187,2899,2278,621,2.65,2.47,2899,24,1595,683
66054,167,1032,880,152,2.67,3.9,1032,22,435,445
66056,133,666,513,153,2.05,2.11,666,17,309,204
66058,24,105,86,19,3.45,2.58,105,2,32,54
66060,34,479,399,80,2.62,2.19,479,30,213,186
66061,928,22894,17074,5820,2.94,2.67,22894,776,12743,4331
66062,912,27740,20601,7139,2.93,2.06,27740,903,15905,4696
66064,245,2153,1506,647,2.49,2.59,2153,78,915,591
66066,65,1037,927,110,2.27,1.78,1037,41,556,371
66067,735,6269,4137,2132,2.56,2.28,6269,296,2545,1592
66070,222,773,748,25,2.66,1.36,773,11,464,284
66071,341,5322,4185,1137,2.51,1.77,5322,155,2744,1441
66072,83,490,466,24,2.79,4.29,490,2,192,274
66073,42,1032,815,217,2.9,2.31,1032,13,489,326
66075,179,910,672,238,2.64,2.36,910,32,224,448
66076,51,864,716,148,2.66,2.68,864,22,388,328
66078,53,369,311,58,2.71,4.74,369,0,167,144
66079,51,281,239,42,2.18,2.64,281,1,107,132
66080,30,400,320,80,2.38,2.81,400,20,180,140
66083,176,3816,3165,651,3.14,2.31,3816,143,2408,757
66085,85,3709,3340,369,2.99,1.6,3709,77,2587,753
66086,169,3783,3085,698,2.88,2.03,3783,75,2347,738
66087,145,866,684,182,2.39,2.13,866,49,248,436
66088,151,1074,786,288,2.63,1.95,1074,150,516,270
66090,156,973,739,234,2.6,2.21,973,55,335,404
66091,26,199,158,41,2.13,2.29,199,43,67,91
66092,152,1534,1264,270,2.79,2.32,1534,32,931,333
66093,36,230,209,21,2.86,2.05,230,0,64,145
66094,78,134,85,49,2.36,3.02,134,6,18,67
66095,37,355,301,54,2.9,2.91,355,5,137,164
66097,64,468,399,69,2.08,1.75,468,37,213,186
66101,972,4904,1934,2970,2.85,2.2,4904,1068,783,1151
66102,1506,10043,5193,4850,3.26,2.85,10043,1354,2641,2552
66103,750,6163,2487,3676,2.14,2.21,6163,487,1147,1340
66104,1933,9418,5915,3503,2.8,2.77,9418,791,3165,2750
66105,202,877,358,519,2.91,2.39,877,54,94,264
66106,693,8392,5725,2667,2.78,2.97,8392,618,3579,2146
66109,527,9566,7504,2062,2.85,2.98,9566,278,5199,2305
66111,369,3760,2904,856,2.84,2.58,3760,181,1612,1292
66112,415,4884,2377,2507,2.77,2.42,4884,304,1315,1062
66115,,,,0,,,,0,,
66118,,,,0,,,,0,,
66160,,,,0,,,,0,,
66202,429,8474,4405,4069,2.2,1.8,8474,327,2787,1618
66203,451,7881,5024,2857,2.48,2.15,7881,290,3269,1755
66204,401,8582,4007,4575,2.25,2.01,8582,319,2609,1398
66205,468,6294,5008,1286,2.25,2.12,6294,191,3382,1626
66206,187,4562,3952,610,2.68,1.43,4562,121,2598,1354
66207,278,6194,4865,1329,2.63,1.72,6194,86,3026,1839
66208,468,9299,7327,1972,2.39,2.05,9299,180,4802,2525
66209,529,8076,5945,2131,2.66,1.51,8076,280,3817,2128
66210,376,9021,4929,4092,2.41,1.86,9021,173,3301,1628
66211,190,2629,1892,737,2.27,1.64,2629,172,1099,793
66212,510,14579,8696,5883,2.43,1.99,14579,561,5862,2834
66213,491,12750,7530,5220,2.73,1.82,12750,462,5170,2360
66214,271,5181,2426,2755,2.53,2.02,5181,174,1377,1049
66215,754,11240,6954,4286,2.48,1.89,11240,523,4581,2373
66216,331,9559,8174,1385,2.62,2.39,9559,225,5413,2761
66217,209,2553,1423,1130,2.6,1.7,2553,230,874,549
66218,67,2588,2225,363,3.23,2.8,2588,28,1792,433
66219,260,6598,2471,4127,2.75,1.74,6598,222,1432,1039
66220,94,2848,2670,178,2.99,2.01,2848,6,1922,748
66221,245,8085,6787,1298,3.19,1.92,8085,90,4915,1872
66223,389,9984,5859,4125,2.9,2.19,9984,225,4248,1611
66224,252,4626,4017,609,2.78,1.92,4626,79,2713,1304
66226,203,4684,4041,643,3.41,2.45,4684,81,3366,675
66227,262,2926,2614,312,3.02,1.74,2926,52,2023,591
66251,,7,,7,,,7,0,,
66401,260,733,546,187,2.35,1.98,733,11,246,300
66402,40,1145,908,237,2.88,2.24,1145,77,546,362
66403,11,272,239,33,3.32,2.73,272,58,148,91
66404,7,142,128,14,2.98,,142,0,51,77
66406,41,217,153,64,1.9,1.55,217,4,44,109
66407,7,135,106,29,1.63,3.48,135,0,77,29
66408,34,129,110,19,3.61,2.0,129,0,38,72
66409,56,1635,1577,58,2.14,2.31,1635,0,730,847
66411,72,525,440,85,2.34,3.52,525,17,158,282
66412,,111,88,23,3.25,3.0,111,0,53,35
66413,132,805,583,222,2.28,2.11,805,24,309,274
66414,71,994,832,162,2.41,1.86,994,31,498,334
66415,39,268,228,40,2.53,1.53,268,9,93,135
66416,34,177,154,23,2.9,2.13,177,2,87,67
66417,,182,157,25,2.57,2.8,182,2,45,112
66418,14,155,139,16,2.82,2.88,155,5,53,86
66419,28,116,104,12,1.66,4.33,116,2,56,48
66422,40,304,280,24,3.3,6.63,304,22,60,220
66423,55,337,277,60,3.53,2.43,337,18,172,105
66424,93,211,163,48,2.19,3.38,211,13,103,60
66425,15,252,196,56,1.85,1.54,252,12,44,152
66427,107,507,448,59,2.24,3.27,507,10,127,321
66428,48,98,75,23,2.69,3.57,98,0,27,48
66429,,175,154,21,2.41,5.38,175,31,82,72
66431,67,192,163,29,2.46,5.34,192,0,81,82
66432,40,172,109,63,2.32,1.38,172,4,35,74
66434,458,1746,1265,481,2.81,2.07,1746,82,537,728
66436,88,2395,1588,807,2.6,2.03,2395,173,1023,565
66438,,52,31,21,2.65,2.19,52,0,14,17
66439,224,1010,627,383,2.57,2.58,1010,57,271,356
66440,56,839,754,85,2.09,2.01,839,7,460,294
66441,2124,10268,5222,5046,2.54,2.44,10268,531,3055,2167
66442,329,4002,47,3955,3.89,3.06,4002,12,,47
66449,107,449,382,67,2.4,3.54,449,25,205,177
66451,152,583,493,90,2.92,2.1,583,7,289,204
66501,6,119,101,18,2.39,7.72,119,6,64,37
66502,2573,17645,7539,10106,2.44,2.37,17645,1306,4406,3133
66503,865,6893,4240,2653,2.68,1.92,6893,152,2816,1424
66506,,,,0,,,,0,,
66507,94,330,267,63,3.0,2.37,330,7,182,85
66508,347,1754,1319,435,2.51,1.87,1754,60,593,726
66509,111,1002,764,238,2.75,3.45,1002,21,386,378
66510,50,295,217,78,2.57,2.21,295,2,116,101
66512,18,1124,975,149,2.59,1.74,1124,28,594,381
66514,128,690,612,78,2.77,3.87,690,0,464,148
66515,50,120,115,5,3.8,4.6,120,2,56,59
66516,13,117,98,19,2.67,3.95,117,0,45,53
66517,247,683,366,317,2.38,2.46,683,84,226,140
66518,48,134,134,0,1.62,,134,0,21,113
66520,21,245,211,34,2.4,2.53,245,1,119,92
66521,94,555,359,196,2.79,1.79,555,51,127,232
66522,5,65,10,55,6.7,2.76,65,3,,10
66523,189,1564,995,569,2.38,2.25,1564,56,563,432
66524,149,970,897,73,2.54,1.6,970,18,495,402
66526,53,309,242,67,2.62,3.27,309,9,117,125
66527,12,70,49,21,2.43,2.43,70,0,15,34
66528,134,266,208,58,2.83,2.14,266,4,97,111
66531,81,664,600,64,2.66,2.48,664,0,322,278
66532,25,226,191,35,2.78,2.17,226,0,52,139
66533,58,649,478,171,2.92,2.09,649,25,281,197
66534,207,1578,1111,467,2.61,1.89,1578,108,479,632
66535,256,1368,1043,325,2.53,2.26,1368,2,728,315
66536,79,1140,878,262,3.94,2.3,1140,42,510,368
66537,48,471,414,57,2.65,2.42,471,12,299,115
66538,139,1309,1023,286,2.48,2.3,1309,41,420,603
66539,11,1094,900,194,2.41,2.16,1094,27,568,332
66540,52,232,214,18,2.56,1.28,232,2,107,107
66541,16,112,111,1,2.19,,112,3,29,82
66542,,1061,995,66,2.72,2.61,1061,0,535,460
66543,43,443,367,76,2.62,2.2,443,6,169,198
66544,26,120,103,17,2.44,1.29,120,10,25,78
66546,29,391,371,20,2.53,2.4,391,0,207,164
66547,279,2942,2367,575,2.98,2.18,2942,59,1379,988
66548,82,341,293,48,2.54,1.96,341,9,130,163
66549,86,612,494,118,2.13,3.34,612,10,268,226
66550,16,202,175,27,2.91,2.89,202,3,80,95
66552,20,215,147,68,2.16,1.96,215,5,81,66
66554,34,253,229,24,2.83,,253,13,122,107
66603,289,636,114,522,4.46,1.25,636,278,41,73
66604,1131,10029,5652,4377,2.35,2.21,10029,789,3260,2392
66605,536,7926,5675,2251,2.59,2.7,7926,235,3583,2092
66606,723,4769,2614,2155,2.13,1.78,4769,578,1680,934
66607,346,3251,1522,1729,2.5,2.39,3251,658,648,874
66608,302,2117,1313,804,2.1,2.12,2117,246,450,863
66609,355,2929,2128,801,2.54,2.01,2929,160,1113,1015
66610,96,4339,4123,216,2.5,2.72,4339,25,2578,1545
66611,448,4651,2387,2264,2.55,1.97,4651,310,1335,1052
66612,229,1283,256,1027,1.99,1.39,1283,500,174,82
66614,1098,14567,9784,4783,2.42,1.92,14567,829,6204,3580
66615,104,1423,946,477,2.58,1.44,1423,96,594,352
66616,278,2370,1450,920,2.05,2.54,2370,199,738,712
66617,138,3338,2803,535,2.7,2.78,3338,125,1877,926
66618,72,3785,3468,317,2.67,1.75,3785,32,2161,1307
66619,106,917,305,612,2.47,3.79,917,85,156,149
66621,32,,,0,,,,0,,
66622,,,,0,,,,0,,
66701,698,4819,3310,1509,2.41,2.11,4819,206,1386,1924
66710,59,250,216,34,2.45,1.68,250,7,77,139
66711,27,267,202,65,2.31,2.42,267,4,76,126
66712,131,764,480,284,2.33,1.84,764,51,197,283
66713,388,2063,1498,565,2.74,2.33,2063,201,746,752
66714,20,61,57,4,2.6,7.5,61,3,19,38
66716,92,189,155,34,3.7,3.12,189,7,68,87
66717,54,216,196,20,2.87,1.45,216,0,57,139
66720,649,4255,3097,1158,2.55,2.24,4255,168,1619,1478
66724,152,366,306,60,2.74,3.6,366,9,108,198
66725,366,2083,1369,714,2.96,2.01,2083,180,624,745
66732,35,75,72,3,3.56,1.67,75,9,18,54
66733,188,917,681,236,2.57,2.44,917,43,323,358
66734,62,112,94,18,1.72,1.17,112,18,26,68
66735,,248,194,54,2.4,5.44,248,0,144,50
66736,382,1440,1052,388,2.48,2.37,1440,76,484,568
66738,68,109,106,3,2.53,1.0,109,7,30,76
66739,481,2136,1417,719,2.63,2.05,2136,127,762,655
66740,20,74,69,5,2.52,5.6,74,0,32,37
66741,,84,78,6,2.26,2.83,84,2,22,56
66742,,17,13,4,2.23,,17,0,13,
66743,314,1562,980,582,2.75,2.1,1562,60,383,597
66746,14,67,58,9,2.64,2.33,67,1,39,19
66748,226,1135,902,233,2.67,2.36,1135,118,308,594
66749,617,2873,1869,1004,2.38,2.47,2873,249,848,1021
66751,108,307,250,57,2.2,2.16,307,19,53,197
66753,111,537,487,50,2.49,1.3,537,19,95,392
66754,70,124,82,42,4.43,1.98,124,0,26,56
66755,142,365,293,72,2.24,1.99,365,14,116,177
66756,67,447,374,73,2.61,1.52,447,14,197,177
66757,353,1297,936,361,2.38,2.74,1297,57,556,380
66758,12,73,55,18,2.44,3.56,73,5,3,52
66760,,,,0,,,,0,,
66761,58,90,90,0,3.3,,90,0,32,58
66762,1478,10029,5215,4814,2.42,2.24,10029,1183,2788,2427
66763,128,1326,848,478,2.86,1.86,1326,45,553,295
66767,91,158,123,35,2.26,2.23,158,7,63,60
66769,32,176,158,18,2.71,7.11,176,9,73,85
66770,30,315,263,52,3.14,2.67,315,17,162,101
66771,80,368,282,86,3.29,1.35,368,12,167,115
66772,25,92,70,22,2.37,1.23,92,1,37,33
66773,174,222,194,28,2.2,2.46,222,0,48,146
66775,18,66,59,7,2.61,4.43,66,0,42,17
66776,93,595,458,137,2.4,2.91,595,50,268,190
66777,213,221,197,24,2.2,2.54,221,13,51,146
66778,,,,0,,,,0,,
66779,19,247,221,26,3.11,1.38,247,4,115,106
66780,60,205,202,3,2.41,4.33,205,13,46,156
66781,55,320,223,97,1.87,5.87,320,30,93,130
66782,26,45,39,6,2.67,3.0,45,1,7,32
66783,327,879,728,151,2.58,2.24,879,45,196,532
66801,1558,11433,6191,5242,2.67,1.95,11433,724,3536,2655
66830,15,87,81,6,2.21,3.5,87,1,27,54
66833,27,245,183,62,2.15,1.73,245,21,43,140
66834,88,362,277,85,2.3,3.36,362,2,89,188
66835,19,442,307,135,2.82,1.79,442,9,186,121
66838,,69,66,3,1.89,,69,0,25,41
66839,221,1509,1047,462,2.67,2.05,1509,145,626,421
66840,60,219,189,30,2.63,3.97,219,1,78,111
66842,76,183,148,35,2.86,3.26,183,6,65,83
66843,23,54,54,0,2.81,,54,13,6,48
66845,135,451,347,104,2.25,1.82,451,21,133,214
66846,588,1290,994,296,2.3,2.84,1290,90,513,481
66849,27,190,171,19,2.56,1.58,190,0,58,113
66850,7,101,64,37,1.89,3.68,101,13,17,47
66851,103,292,194,98,2.08,1.59,292,4,41,153
66852,31,255,185,70,2.27,1.73,255,4,60,125
66853,94,169,153,16,2.16,2.81,169,4,43,110
66854,60,266,202,64,2.4,2.16,266,7,102,100
66856,96,669,593,76,2.79,2.08,669,20,304,289
66857,45,475,377,98,2.03,1.5,475,10,100,277
66858,43,149,128,21,2.29,2.57,149,8,66,62
66859,20,84,79,5,2.76,4.0,84,5,44,35
66860,134,554,416,138,2.35,2.06,554,62,153,263
66861,442,1316,1075,241,2.14,1.83,1316,44,461,614
66862,10,54,44,10,1.59,1.2,54,0,14,30
66863,,32,32,0,1.5,,32,0,,32
66864,8,158,150,8,2.72,2.38,158,0,63,87
66865,70,418,324,94,2.76,2.63,418,5,164,160
66866,144,649,491,158,2.89,1.92,649,14,235,256
66868,30,303,260,43,2.7,1.79,303,4,88,172
66869,51,292,228,64,2.41,1.88,292,3,96,132
66870,21,53,44,9,3.09,2.0,53,2,9,35
66871,70,536,442,94,2.39,1.91,536,17,281,161
66872,91,427,351,76,2.02,3.22,427,3,109,242
66873,28,97,94,3,2.24,1.33,97,0,24,70
66901,617,2478,1648,830,2.42,2.34,2478,73,895,753
66930,38,74,55,19,1.82,1.95,74,0,6,49
66932,29,26,23,3,2.17,2.67,26,0,4,19
66933,41,164,124,40,2.05,1.63,164,9,21,103
66935,264,1039,696,343,2.64,1.6,1039,81,260,436
66936,68,140,112,28,2.12,3.21,140,18,18,94
66937,90,330,281,49,3.17,1.9,330,45,117,164
66938,85,491,401,90,2.52,2.76,491,27,151,250
66939,73,180,128,52,2.34,2.54,180,5,56,72
66940,110,164,136,28,2.02,1.11,164,0,26,110
66941,44,58,52,6,1.38,1.83,58,10,3,49
66942,38,88,70,18,3.29,2.33,88,7,21,49
66943,32,204,134,70,2.68,1.77,204,6,55,79
66944,46,111,109,2,3.49,1.5,111,2,57,52
66945,42,360,326,34,2.51,2.24,360,7,151,175
66946,7,96,73,23,1.68,,96,0,,73
66948,36,185,167,18,2.32,2.17,185,0,56,111
66949,60,229,184,45,2.49,2.07,229,13,64,120
66951,106,345,293,52,2.47,2.27,345,6,116,177
66952,86,195,174,21,2.1,1.43,195,7,40,134
66953,43,253,188,65,2.55,1.85,253,2,54,134
66955,15,33,33,0,2.12,,33,0,9,24
66956,152,469,411,58,2.42,2.55,469,15,112,299
66958,38,120,86,34,2.2,1.35,120,2,41,45
66959,23,100,93,7,1.91,3.14,100,9,15,78
66960,6,47,38,9,2.18,3.11,47,0,12,26
66961,13,11,11,0,1.36,,11,0,,11
66962,10,104,82,22,2.05,3.59,104,1,21,61
66963,32,104,61,43,2.9,2.0,104,0,23,38
66964,53,87,83,4,1.82,2.0,87,29,10,73
66966,56,288,192,96,2.31,2.18,288,5,77,115
66967,221,800,645,155,2.46,2.05,800,20,254,391
66968,119,631,479,152,2.12,1.88,631,28,171,308
66970,139,29,29,0,1.9,,29,0,6,23
67001,16,754,662,92,3.07,2.17,754,12,295,367
67002,335,5382,4169,1213,3.13,2.86,5382,124,3076,1093
67003,434,962,683,279,2.48,2.27,962,25,198,485
67004,60,348,289,59,2.37,2.29,348,18,134,155
67005,1241,6059,4230,1829,2.51,2.21,6059,297,2148,2082
67008,33,269,193,76,1.77,2.28,269,3,94,99
67009,90,362,231,131,2.45,2.66,362,0,81,150
67010,415,5578,4310,1268,2.6,2.11,5578,268,2713,1597
67012,,6,6,0,2.0,,6,0,,6
67013,132,1346,1036,310,2.42,1.86,1346,47,585,451
67016,19,160,131,29,2.48,4.72,160,7,81,50
67017,63,681,592,89,2.62,3.02,681,20,265,327
67018,26,53,36,17,2.31,,53,0,6,30
67019,59,333,280,53,2.79,2.51,333,0,120,160
67020,119,510,417,93,2.85,2.06,510,9,232,185
67021,8,10,10,0,2.2,,10,0,6,4
67022,172,657,484,173,2.08,2.15,657,26,157,327
67023,41,75,62,13,2.23,1.69,75,0,18,44
67024,178,464,350,114,2.41,2.01,464,37,61,289
67025,71,1261,1018,243,2.89,2.91,1261,77,561,457
67026,46,1655,1387,268,2.93,2.23,1655,48,883,504
67028,50,99,98,1,1.9,,99,0,26,72
67029,94,491,333,158,2.21,1.6,491,21,97,236
67030,11,875,754,121,3.29,2.64,875,10,460,294
67031,56,873,670,203,2.58,3.04,873,38,360,310
67035,89,358,287,71,2.23,3.18,358,10,67,220
67036,8,59,45,14,2.49,,59,0,19,26
67037,764,11389,8145,3244,2.64,2.35,11389,246,5013,3132
67038,67,259,219,40,3.2,2.63,259,1,132,87
67039,108,1057,876,181,2.93,2.38,1057,15,593,283
67041,7,87,84,3,3.42,2.0,87,3,58,26
67042,838,6421,4243,2178,2.34,2.07,6421,336,2419,1824
67045,540,1284,933,351,2.36,2.6,1284,87,400,533
67047,411,310,245,65,2.29,2.75,310,51,77,168
67049,8,20,20,0,4.75,,20,0,6,14
67050,12,724,598,126,3.31,2.58,724,0,410,188
67051,32,155,152,3,2.41,1.0,155,2,67,85
67052,189,2654,2279,375,3.22,3.38,2654,41,1776,503
67053,38,195,153,42,2.95,1.76,195,2,90,63
67054,120,498,353,145,2.69,1.66,498,27,128,225
67055,9,39,27,12,2.15,1.42,39,0,11,16
67056,147,1147,819,328,2.84,2.53,1147,42,427,392
67057,51,125,81,44,2.19,1.66,125,1,28,53
67058,254,738,544,194,2.47,2.43,738,30,249,295
67059,63,299,238,61,2.78,1.9,299,1,79,159
67060,521,5230,4194,1036,2.74,2.85,5230,107,2515,1679
67061,21,61,34,27,2.32,3.44,61,0,16,18
67062,65,1731,943,788,2.34,1.82,1731,132,510,433
67063,188,1285,1048,237,2.46,1.92,1285,40,565,483
67065,68,119,111,8,1.96,3.0,119,0,27,84
67066,8,165,92,73,2.45,1.14,165,0,42,50
67067,12,795,607,188,2.88,3.01,795,4,425,182
67068,204,1885,1243,642,2.13,2.13,1885,83,412,831
67070,171,391,285,106,2.25,2.13,391,30,84,201
67071,,55,55,0,3.98,,55,0,,55
67072,25,175,97,78,2.76,1.22,175,86,30,67
67073,19,118,104,14,3.26,3.5,118,1,50,54
67074,155,539,464,75,2.3,2.0,539,18,171,293
67101,,2522,1261,1261,2.42,2.25,2522,108,892,369
67102,,24,16,8,6.94,3.88,24,0,12,4
67103,14,64,58,6,2.95,1.5,64,1,28,30
67104,374,788,588,200,2.35,2.08,788,80,220,368
67105,43,69,60,9,2.73,1.89,69,5,12,48
67106,40,171,109,62,3.02,3.26,171,6,59,50
67107,53,1081,800,281,2.52,1.65,1081,52,472,328
67108,61,614,541,73,2.54,1.92,614,25,306,235
67109,44,154,101,53,2.48,1.75,154,2,23,78
67110,99,3204,2700,504,2.74,2.01,3204,203,1681,1019
67111,17,94,72,22,2.22,3.05,94,0,34,38
67112,35,108,97,11,2.19,2.36,108,1,32,65
67114,887,8183,6102,2081,2.46,2.51,8183,337,3281,2821
67117,46,816,495,321,2.23,1.43,816,56,303,192
67118,23,299,242,57,2.46,2.49,299,3,109,133
67119,48,549,359,190,2.74,1.5,549,62,167,192
67120,149,328,313,15,2.35,1.93,328,0,183,130
67122,59,85,60,25,3.88,1.04,85,0,8,52
67123,22,343,317,26,2.44,3.15,343,3,158,159
67124,475,3038,2011,1027,2.66,2.08,3038,81,1112,899
67127,76,313,270,43,2.17,1.84,313,4,130,140
67131,27,112,94,18,2.3,2.72,112,0,54,40
67132,,105,83,22,3.42,2.18,105,6,72,11
67133,101,2364,2097,267,2.77,2.72,2364,56,1375,722
67134,92,139,112,27,3.04,3.04,139,8,51,61
67135,200,1169,922,247,2.99,2.93,1169,7,663,259
67137,111,169,146,23,2.1,3.04,169,2,23,123
67138,17,202,186,16,2.28,2.88,202,0,136,50
67140,55,393,330,63,2.8,2.08,393,5,134,196
67142,79,127,110,17,2.94,1.71,127,6,48,62
67143,7,61,32,29,1.91,3.34,61,1,3,29
67144,75,980,857,123,2.6,3.56,980,1,436,421
67146,103,707,581,126,2.92,2.95,707,13,334,247
67147,293,3898,3028,870,2.85,2.55,3898,281,1664,1364
67149,7,367,358,9,3.46,1.44,367,3,232,126
67150,4,6,6,0,1.83,,6,0,3,3
67151,20,219,161,58,1.98,3.19,219,0,114,47
67152,702,3322,2117,1205,2.9,2.1,3322,155,1056,1061
67154,28,651,559,92,3.59,2.48,651,24,315,244
67155,38,44,34,10,2.12,2.8,44,0,5,29
67156,994,5132,3399,1733,2.69,2.25,5132,395,2031,1368
67159,64,65,54,11,2.0,3.0,65,4,18,36
67202,397,1200,174,1026,1.64,1.31,1200,216,56,118
67203,1636,12899,6053,6846,2.48,2.09,12899,863,3402,2651
67204,666,8604,6326,2278,2.51,2.77,8604,195,3378,2948
67205,521,6825,5544,1281,3.17,2.38,6825,211,3807,1737
67206,529,7719,4717,3002,2.49,1.89,7719,304,2943,1774
67207,1293,11072,4933,6139,2.83,2.08,11072,890,3054,1879
67208,990,7213,3788,3425,2.55,2.24,7213,647,2825,963
67209,207,5085,3817,1268,2.77,2.36,5085,234,2525,1292
67210,604,3097,1283,1814,3.3,2.76,3097,307,714,569
67211,1557,8022,3360,4662,2.73,2.26,8022,685,2069,1291
67212,906,18369,11547,6822,2.48,2.24,18369,941,7211,4336
67213,1713,8579,3739,4840,2.54,2.37,8579,942,2198,1541
67214,2154,6216,2222,3994,2.85,2.48,6216,1375,830,1392
67215,37,2041,1844,197,2.83,2.78,2041,26,1199,645
67216,1469,8516,4605,3911,2.72,2.29,8516,706,2323,2282
67217,1381,11926,7944,3982,2.51,2.77,11926,586,4896,3048
67218,1639,9915,4867,5048,2.36,2.22,9915,1115,2972,1895
67219,531,4361,3027,1334,2.57,3.26,4361,224,2015,1012
67220,362,5422,3324,2098,2.73,2.14,5422,454,2342,982
67221,,,,0,,,,0,,
67223,,188,188,0,3.16,,188,0,113,75
67226,424,8241,4710,3531,2.94,2.16,8241,282,3128,1582
67227,,77,77,0,2.94,,77,0,49,28
67228,17,741,738,3,3.66,4.67,741,0,591,147
67230,116,3877,3623,254,2.91,3.36,3877,19,2417,1206
67232,58,254,254,0,2.46,,254,0,223,31
67235,77,4867,4625,242,3.08,2.79,4867,32,3228,1397
67260,,,,0,,,,0,,
67301,982,5268,3733,1535,2.52,2.01,5268,334,1829,1904
67330,54,561,429,132,2.85,2.53,561,4,199,230
67332,,54,47,7,3.0,3.71,54,0,27,20
67333,226,1031,784,247,2.48,1.55,1031,60,379,405
67334,14,29,21,8,2.67,2.88,29,0,6,15
67335,226,1309,940,369,2.56,2.91,1309,37,407,533
67336,206,561,444,117,2.48,2.3,561,45,114,330
67337,1293,4491,3030,1461,2.47,2.25,4491,509,1277,1753
67340,26,152,136,16,2.73,1.19,152,2,53,83
67341,24,185,185,0,2.36,,185,0,125,60
67342,84,350,307,43,2.04,2.21,350,12,97,210
67344,145,257,219,38,2.95,3.71,257,15,78,141
67345,63,56,49,7,1.96,,56,7,5,44
67346,62,129,104,25,2.47,4.28,129,2,32,72
67347,65,174,173,1,2.97,,174,1,108,65
67349,146,391,310,81,2.08,1.91,391,34,104,206
67351,3,154,106,48,2.21,1.33,154,7,37,69
67352,106,227,180,47,2.86,2.55,227,16,62,118
67353,91,187,156,31,2.56,1.71,187,19,27,129
67354,68,242,194,48,2.87,1.67,242,10,58,136
67355,5,66,61,5,2.98,5.2,66,2,13,48
67356,161,1046,763,283,2.81,2.28,1046,102,303,460
67357,1147,4793,3563,1230,2.36,2.69,4793,191,1578,1985
67360,54,161,134,27,2.36,4.26,161,1,32,102
67361,402,646,535,111,2.23,3.27,646,24,189,346
67363,20,56,56,0,2.66,,56,0,27,29
67364,14,105,102,3,1.85,1.33,105,1,77,25
67401,1784,20683,13461,7222,2.5,2.17,20683,1820,7606,5855
67410,547,4378,3317,1061,2.62,1.65,4378,237,1987,1330
67416,25,373,318,55,2.32,2.75,373,20,163,155
67417,6,60,30,30,2.33,2.0,60,0,13,17
67418,38,62,35,27,2.06,2.93,62,1,4,31
67420,374,1652,1111,541,2.45,2.06,1652,69,455,656
67422,63,511,451,60,2.46,1.88,511,3,207,244
67423,27,87,70,17,3.14,3.71,87,1,36,34
67425,66,205,171,34,3.05,4.32,205,0,95,76
67427,45,179,160,19,2.09,2.79,179,4,68,92
67428,33,514,384,130,2.51,3.05,514,30,203,181
67430,90,259,194,65,1.88,3.38,259,14,39,155
67431,43,809,628,181,2.34,1.77,809,23,384,244
67432,203,2525,1734,791,2.32,1.73,2525,205,850,884
67436,58,218,157,61,2.22,2.95,218,3,49,108
67437,105,416,320,96,2.04,1.42,416,14,130,190
67438,18,87,74,13,2.88,1.92,87,6,4,70
67439,150,1094,845,249,2.5,1.73,1094,56,457,388
67441,49,349,283,66,2.75,1.74,349,11,191,92
67442,32,75,75,0,4.85,,75,0,32,43
67443,20,748,649,99,2.48,3.36,748,11,356,293
67444,225,247,224,23,1.96,2.43,247,5,62,162
67445,57,253,236,17,2.18,3.24,253,8,88,148
67446,149,286,214,72,2.77,1.54,286,24,107,107
67447,13,141,96,45,2.29,1.51,141,4,25,71
67448,83,402,368,34,2.41,2.56,402,2,148,220
67449,383,1336,971,365,2.3,1.47,1336,58,340,631
67450,67,241,199,42,2.2,2.14,241,5,93,106
67451,54,400,285,115,2.7,2.45,400,10,109,176
67452,65,115,115,0,3.17,,115,0,62,53
67454,47,334,299,35,2.1,3.66,334,9,135,164
67455,305,700,528,172,2.38,2.32,700,34,214,314
67456,302,1569,1186,383,2.64,2.01,1569,31,679,507
67457,27,254,196,58,2.53,2.28,254,7,91,105
67458,20,156,121,35,3.12,2.69,156,0,99,22
67459,20,131,121,10,2.98,1.8,131,1,32,89
67460,372,6943,4794,2149,2.42,1.83,6943,341,2624,2170
67464,261,476,411,65,2.17,2.06,476,4,182,229
67466,110,309,224,85,2.66,2.34,309,4,74,150
67467,114,1118,803,315,2.39,1.82,1118,57,412,391
67468,34,104,79,25,2.86,4.08,104,1,18,61
67470,36,233,161,72,2.44,1.29,233,2,92,69
67473,188,822,593,229,2.22,2.09,822,31,208,385
67474,44,95,94,1,2.65,5.0,95,2,24,70
67475,33,52,46,6,2.13,3.33,52,4,6,40
67476,,14,14,0,,,14,8,,14
67478,14,43,37,6,1.86,2.17,43,0,21,16
67480,49,613,528,85,2.7,3.2,613,62,311,217
67481,113,309,272,37,2.27,2.54,309,6,83,189
67482,,42,31,11,3.32,,42,0,22,9
67483,16,165,121,44,3.26,5.11,165,2,46,75
67484,60,389,346,43,2.71,1.72,389,14,119,227
67485,41,180,127,53,2.12,,180,2,42,85
67487,42,549,426,123,2.26,1.91,549,3,271,155
67490,117,385,318,67,2.56,2.93,385,6,131,187
67491,5,126,95,31,2.12,2.74,126,0,53,42
67492,6,78,62,16,2.63,2.13,78,2,28,34
67501,1631,9336,5649,3687,2.46,2.42,9336,450,3018,2631
67502,778,9929,7643,2286,2.48,1.86,9929,403,4604,3039
67505,84,1376,817,559,2.39,1.36,1376,117,491,326
67510,34,105,89,16,2.46,1.25,105,0,17,72
67511,33,96,90,6,2.2,1.67,96,4,39,51
67512,34,102,93,9,2.61,3.67,102,0,18,75
67513,33,50,41,9,2.41,,50,0,24,17
67514,39,342,241,101,2.32,2.22,342,4,61,180
67515,,23,20,3,1.85,2.0,23,4,4,16
67516,78,199,170,29,2.08,3.97,199,1,18,152
67518,4,13,10,3,2.4,4.0,13,0,,10
67519,25,86,72,14,1.56,1.71,86,1,2,70
67520,55,119,116,3,2.29,2.0,119,0,52,64
67521,88,63,41,22,2.29,2.18,63,0,23,18
67522,72,727,564,163,2.81,1.72,727,16,282,282
67523,60,149,109,40,2.95,2.53,149,0,32,77
67524,50,241,181,60,2.03,2.68,241,10,68,113
67525,107,382,336,46,2.63,1.89,382,0,124,212
67526,236,1002,766,236,2.8,2.08,1002,52,294,472
67529,45,69,55,14,5.05,8.5,69,2,13,42
67530,1510,7118,4540,2578,2.45,2.5,7118,495,2010,2530
67543,88,902,750,152,2.55,2.97,902,46,499,251
67544,292,1241,824,417,2.44,2.46,1241,71,384,440
67545,47,78,72,6,2.47,3.17,78,0,30,42
67546,94,1022,819,203,2.91,2.0,1022,41,454,365
67547,168,710,532,178,2.25,2.51,710,31,166,366
67548,107,713,482,231,2.04,1.66,713,31,168,314
67550,530,2070,1225,845,2.35,1.82,2070,180,643,582
67552,75,341,291,50,2.31,2.08,341,10,69,222
67553,27,32,26,6,2.69,5.0,32,0,13,13
67554,233,1750,1237,513,2.42,1.88,1750,90,740,497
67556,48,82,76,6,1.82,3.0,82,0,20,56
67557,105,267,205,62,2.58,2.77,267,4,78,127
67559,7,23,21,2,1.1,3.5,23,0,20,1
67560,154,618,520,98,2.58,1.82,618,12,178,342
67561,115,527,378,149,2.76,2.09,527,29,144,234
67563,26,134,111,23,2.38,3.48,134,2,41,70
67564,53,80,72,8,2.6,1.5,80,1,22,50
67565,67,173,157,16,2.78,3.44,173,3,46,111
67566,32,477,452,25,1.56,4.68,477,0,65,387
67567,73,251,221,30,2.76,2.07,251,5,61,160
67568,21,92,80,12,2.64,2.0,92,1,39,41
67570,89,505,403,102,2.55,2.31,505,25,196,207
67572,62,173,167,6,2.07,3.33,173,3,47,120
67573,26,65,63,2,3.03,2.0,65,0,25,38
67574,50,58,46,12,2.33,1.67,58,0,17,29
67575,17,193,166,27,2.25,1.74,193,2,46,120
67576,214,717,607,110,2.84,2.27,717,9,243,364
67578,162,445,319,126,2.13,2.34,445,27,76,243
67579,171,1026,806,220,2.65,1.72,1026,30,374,432
67581,64,148,140,8,2.29,1.63,148,1,55,85
67583,214,421,325,96,2.22,1.91,421,9,52,273
67584,47,87,75,12,1.41,1.17,87,2,8,67
67601,1087,9960,5896,4064,2.54,2.0,9960,502,3563,2333
67621,72,121,108,13,2.5,1.54,121,4,32,76
67622,66,298,196,102,2.45,1.74,298,3,81,115
67623,32,76,61,15,2.57,2.67,76,4,7,54
67625,70,132,114,18,1.49,1.83,132,7,14,100
67626,12,123,97,26,1.55,1.35,123,2,76,21
67627,,35,35,0,3.14,,35,0,11,24
67628,17,55,51,4,2.86,2.0,55,0,8,43
67629,38,53,51,2,1.9,4.5,53,0,4,47
67631,34,49,48,1,2.31,2.0,49,0,23,25
67632,37,125,85,40,2.14,1.68,125,4,39,46
67634,57,83,77,6,2.57,2.33,83,0,35,42
67635,13,47,40,7,3.48,1.86,47,0,9,31
67637,131,1118,858,260,2.71,1.59,1118,102,447,411
67638,78,93,67,26,1.4,2.5,93,0,4,63
67639,15,86,84,2,2.33,10.0,86,0,59,25
67640,35,169,123,46,2.43,2.67,169,5,73,50
67642,116,818,610,208,2.54,1.28,818,41,270,340
67643,66,99,92,7,1.99,1.29,99,4,12,80
67644,134,89,64,25,2.91,2.52,89,2,30,34
67645,124,231,205,26,2.24,2.92,231,9,24,181
67646,63,372,277,95,2.06,3.24,372,0,73,204
67647,36,67,52,15,2.98,3.27,67,0,24,28
67648,97,259,223,36,2.01,1.61,259,4,61,162
67649,37,119,111,8,2.08,1.5,119,0,48,63
67650,17,149,142,7,1.56,1.71,149,3,40,102
67651,114,229,175,54,2.54,1.63,229,9,72,103
67653,29,131,92,39,2.36,1.54,131,0,41,51
67654,442,1262,1011,251,2.73,2.1,1262,30,381,630
67656,26,72,62,10,2.08,2.0,72,0,13,49
67657,89,121,98,23,2.07,2.48,121,1,28,70
67658,29,37,31,6,3.03,3.17,37,0,4,27
67659,20,29,29,0,1.28,,29,0,,29
67660,,28,22,6,1.27,,28,0,7,15
67661,274,1328,927,401,2.29,1.57,1328,76,409,518
67663,210,1016,720,296,2.61,2.19,1016,60,344,376
67664,13,108,91,17,2.6,2.41,108,0,36,55
67665,491,2098,1658,440,2.31,2.49,2098,90,876,782
67667,13,78,77,1,2.36,3.0,78,2,38,39
67669,186,792,607,185,2.14,2.03,792,81,168,439
67671,77,674,461,213,2.49,1.75,674,7,263,198
67672,196,1099,879,220,2.2,1.64,1099,23,315,564
67673,22,43,20,23,1.65,1.57,43,0,1,19
67674,,27,27,0,3.19,,27,0,26,1
67675,39,83,80,3,2.33,2.0,83,0,2,78
67701,319,2511,1664,847,2.55,1.87,2511,84,896,768
67730,76,796,517,279,2.29,2.16,796,48,215,302
67731,48,334,220,114,2.45,2.49,334,16,62,158
67732,41,201,160,41,3.34,2.51,201,2,96,64
67733,,33,19,14,3.16,6.07,33,0,6,13
67734,,109,77,32,2.79,3.53,109,12,34,43
67735,639,2003,1215,788,2.62,2.17,2003,72,680,535
67736,12,69,54,15,1.85,3.47,69,0,9,45
67737,30,244,172,72,1.81,1.89,244,2,58,114
67738,32,182,167,15,2.84,1.8,182,2,68,99
67739,29,115,100,15,1.9,,115,9,32,68
67740,134,689,537,152,2.42,2.3,689,35,147,390
67741,80,190,172,18,2.6,3.83,190,8,47,125
67743,7,60,60,0,2.23,,60,3,36,24
67744,37,44,32,12,2.66,1.25,44,0,7,25
67745,28,185,131,54,1.97,2.48,185,4,33,98
67747,6,75,57,18,3.09,2.17,75,0,18,39
67748,185,1045,692,353,2.37,2.07,1045,31,386,306
67749,245,987,732,255,2.11,2.02,987,40,267,465
67751,20,105,93,12,2.02,1.58,105,4,36,57
67752,52,654,485,169,2.68,1.77,654,8,236,249
67753,46,232,178,54,2.05,2.2,232,0,68,110
67756,193,890,751,139,1.93,2.23,890,33,245,506
67757,17,171,145,26,2.47,2.12,171,4,38,107
67758,64,486,339,147,2.63,1.64,486,24,127,212
67761,3,96,84,12,2.48,1.75,96,0,29,55
67762,32,95,50,45,2.84,1.44,95,0,12,38
67764,51,142,121,21,2.74,2.76,142,4,35,86
67801,761,10049,6608,3441,3.0,3.09,10049,493,3225,3383
67831,117,443,323,120,2.22,2.35,443,20,127,196
67834,32,432,333,99,1.98,3.2,432,8,190,143
67835,125,948,717,231,2.82,2.0,948,12,426,291
67836,54,53,51,2,2.33,6.0,53,0,1,50
67837,29,414,324,90,2.49,3.2,414,9,83,241
67838,58,319,261,58,3.33,5.02,319,12,70,191
67839,184,467,367,100,2.35,1.55,467,15,154,213
67840,14,37,35,2,2.4,1.5,37,0,2,33
67841,16,152,134,18,2.03,2.0,152,3,47,87
67842,34,191,136,55,2.22,2.58,191,2,41,95
67843,14,65,,65,,1.09,65,0,,
67844,76,304,193,111,2.44,2.32,304,0,50,143
67846,1089,11810,7635,4175,2.96,2.76,11810,685,3961,3674
67849,36,136,114,22,2.89,3.41,136,0,25,89
67850,35,194,124,70,2.4,2.86,194,0,29,95
67851,39,974,864,110,3.28,3.04,974,19,532,332
67853,45,286,241,45,3.13,3.87,286,1,112,129
67854,94,486,395,91,2.32,1.96,486,0,123,272
67855,145,729,548,181,2.23,3.02,729,13,182,366
67857,27,42,10,32,8.5,2.13,42,0,,10
67859,51,255,214,41,2.52,2.41,255,0,77,137
67860,199,891,642,249,2.65,3.7,891,6,267,375
67861,98,782,586,196,2.67,1.94,782,28,254,332
67862,34,111,97,14,2.61,3.57,111,0,10,87
67863,21,172,144,28,1.88,,172,10,40,104
67864,120,778,547,231,2.28,2.13,778,27,207,340
67865,95,412,342,70,2.29,2.31,412,4,158,184
67867,90,521,430,91,3.07,2.44,521,2,185,245
67868,27,59,44,15,4.7,2.0,59,0,33,11
67869,69,577,395,182,2.95,2.07,577,16,204,191
67870,80,455,346,109,3.04,2.72,455,11,178,168
67871,120,2134,1197,937,2.71,2.01,2134,54,620,577
67876,43,628,487,141,2.46,2.63,628,4,217,270
67877,133,775,637,138,2.78,2.78,775,12,272,365
67878,200,702,577,125,3.28,3.63,702,22,250,327
67879,87,543,400,143,2.23,2.38,543,23,134,266
67880,453,2550,1741,809,3.24,2.33,2550,32,771,970
67882,53,149,96,53,1.68,1.06,149,0,52,44
67901,939,6886,4333,2553,3.47,2.29,6886,477,1858,2475
67950,258,616,411,205,2.64,3.0,616,0,77,334
67951,384,1595,1054,541,2.98,2.73,1595,112,452,602
67952,87,176,117,59,3.3,2.86,176,0,63,54
67953,18,42,29,13,2.38,1.23,42,11,,29
67954,142,293,206,87,2.93,3.7,293,7,89,117
68001,7,16,16,0,3.0,,16,0,8,8
68002,39,1008,789,219,2.31,2.6,1008,41,447,342
68003,394,1963,1460,503,2.59,1.94,1963,135,855,605
68004,44,444,332,112,2.2,2.31,444,30,88,244
68005,829,8917,5049,3868,2.59,2.35,8917,546,3087,1962
68007,174,5004,4579,425,3.05,2.29,5004,106,3704,875
68008,157,4895,3873,1022,2.65,1.98,4895,128,2605,1268
68010,24,15,1,14,,3.21,15,0,,1
68014,25,141,102,39,3.04,2.1,141,2,45,57
68015,65,462,418,44,2.58,3.23,462,9,199,219
68016,225,165,153,12,2.44,2.17,165,4,101,52
68017,12,793,699,94,2.5,2.55,793,10,309,390
68018,8,163,147,16,3.48,3.0,163,0,74,73
68019,24,195,173,22,2.09,1.59,195,6,92,81
68020,142,322,259,63,2.02,2.06,322,23,52,207
68022,559,10849,8128,2721,3.18,1.85,10849,170,6579,1549
68023,11,1104,798,306,2.65,1.8,1104,66,529,269
68025,1347,12214,7605,4609,2.61,2.29,12214,829,4294,3311
68028,169,5625,4763,862,3.23,2.3,5625,211,3775,988
68029,46,332,232,100,1.96,2.53,332,4,128,104
68030,17,281,218,63,2.49,2.0,281,11,101,117
68031,85,634,436,198,3.01,2.43,634,18,270,166
68033,8,135,118,17,2.4,1.47,135,8,56,62
68034,32,297,243,54,2.34,1.93,297,0,164,79
68036,48,211,171,40,2.16,3.55,211,2,48,123
68037,76,993,804,189,3.01,1.89,993,36,489,315
68038,77,566,426,140,2.27,1.61,566,44,150,276
68039,43,268,81,187,5.28,4.59,268,30,15,66
68040,91,142,111,31,2.14,3.55,142,0,51,60
68041,39,427,360,67,2.31,2.54,427,10,149,211
68042,12,24,24,0,2.75,,24,2,13,11
68044,15,255,226,29,2.48,4.07,255,7,73,153
68045,64,774,593,181,2.88,1.9,774,28,264,329
68046,414,11159,8409,2750,2.99,2.24,11159,413,6209,2200
68047,51,690,546,144,2.69,2.58,690,3,203,343
68048,461,5117,4137,980,2.59,2.67,5117,166,2698,1439
68050,27,231,208,23,2.53,1.78,231,10,76,132
68055,15,100,71,29,2.93,2.69,100,1,22,49
68056,,,,0,,,,0,,
68057,70,595,469,126,2.44,2.0,595,23,181,288
68058,118,114,103,11,2.18,3.0,114,0,52,51
68059,,1345,1199,146,2.47,1.79,1345,7,737,462
68061,207,908,714,194,2.65,2.47,908,31,403,311
68062,25,113,92,21,2.63,2.43,113,4,26,66
68063,80,102,75,27,2.12,2.59,102,3,32,43
68064,274,1764,1262,502,2.22,1.66,1764,72,645,617
68065,28,507,461,46,2.36,2.07,507,3,201,260
68066,135,2093,1440,653,2.78,1.97,2093,98,1018,422
68067,51,308,195,113,3.98,3.5,308,55,57,138
68068,3,71,71,0,2.3,,71,2,42,29
68069,152,1304,1135,169,2.32,2.46,1304,31,710,425
68070,27,395,374,21,2.62,2.05,395,0,233,141
68071,88,574,280,294,3.2,3.64,574,57,72,208
68072,20,82,79,3,1.3,2.67,82,0,4,75
68073,19,863,752,111,2.89,2.74,863,4,580,172
68102,739,4840,710,4130,1.6,1.34,4840,603,604,106
68104,1022,15502,9161,6341,2.47,2.25,15502,1411,6730,2431
68105,987,9863,4254,5609,2.5,2.07,9863,1180,2799,1455
68106,440,10117,5967,4150,2.1,1.95,10117,623,3679,2288
68107,650,9195,5939,3256,3.19,3.24,9195,841,3741,2198
68108,515,5400,2604,2796,2.65,2.77,5400,602,1239,1365
68110,396,3163,1492,1671,2.98,2.14,3163,355,781,711
68111,1249,8490,3400,5090,2.58,2.89,8490,1505,1786,1614
68112,247,4330,3018,1312,2.66,2.91,4330,242,1778,1240
68113,25,232,,232,,2.66,232,0,,
68114,393,8054,4074,3980,2.43,1.89,8054,581,2422,1652
68116,402,12354,9791,2563,2.78,2.49,12354,411,7620,2171
68117,230,3082,2303,779,2.75,3.2,3082,163,1354,949
68118,77,3414,2809,605,2.99,1.79,3414,78,1978,831
68122,146,4380,3589,791,3.01,2.25,4380,87,2969,620
68123,550,11956,6792,5164,2.95,2.47,11956,287,4980,1812
68124,325,6590,4117,2473,2.54,1.93,6590,592,2615,1502
68127,426,9666,4321,5345,2.43,1.9,9666,457,2891,1430
68128,247,7812,4494,3318,2.72,2.03,7812,181,3317,1177
68130,183,7980,6236,1744,2.88,1.68,7980,131,4463,1773
68131,1064,6109,1564,4545,2.4,2.04,6109,754,985,579
68132,527,6063,3371,2692,2.68,1.96,6063,504,2260,1111
68133,63,5069,3964,1105,2.9,1.64,5069,181,3179,785
68134,1009,12782,6942,5840,2.57,2.1,12782,987,4853,2089
68135,118,10315,9313,1002,2.95,2.41,10315,95,7266,2047
68136,168,6573,5797,776,3.04,2.43,6573,104,4683,1114
68137,418,10337,6799,3538,2.49,2.14,10337,454,4651,2148
68138,83,4592,3473,1119,2.73,1.84,4592,86,2754,719
68142,168,1932,1842,90,2.42,3.48,1932,25,1273,569
68144,656,10564,7479,3085,2.68,1.87,10564,441,5210,2269
68147,131,4287,3409,878,2.83,2.43,4287,53,2311,1098
68152,117,2794,2144,650,2.71,1.91,2794,309,1474,670
68154,628,9918,5944,3974,2.57,1.92,9918,476,3636,2308
68157,71,2047,1401,646,2.64,2.74,2047,43,831,570
68164,551,12077,7763,4314,2.67,2.06,12077,308,5591,2172
68178,27,180,,180,,1.04,180,20,,
68182,,,,0,,,,0,,
68183,,,,0,,,,0,,
68301,66,646,550,96,2.49,1.99,646,10,280,270
68303,68,126,111,15,2.09,2.4,126,0,11,100
68304,37,122,116,6,2.62,2.33,122,4,67,49
68305,292,1731,1244,487,2.51,2.23,1731,59,765,479
68307,41,156,128,28,2.76,2.75,156,0,70,58
68309,6,47,42,5,2.64,3.2,47,0,5,37
68310,778,6160,3973,2187,2.39,1.97,6160,556,1870,2103
68313,28,262,217,45,2.47,4.11,262,5,142,75
68314,7,146,136,10,2.57,3.5,146,0,104,32
68315,25,34,21,13,2.52,1.92,34,0,,21
68316,31,206,177,29,2.33,2.21,206,0,104,73
68317,11,767,716,51,2.54,2.53,767,6,511,205
68318,84,172,136,36,2.26,3.61,172,6,49,87
68319,58,207,154,53,2.53,4.17,207,3,53,101
68320,23,163,99,64,2.41,1.55,163,9,47,52
68321,34,154,139,15,2.18,1.27,154,0,32,107
68322,41,165,124,41,2.65,4.17,165,0,59,65
68323,87,103,72,31,2.04,3.16,103,0,11,61
68324,32,27,27,0,2.81,,27,0,14,13
68325,60,58,47,11,1.79,4.09,58,0,15,32
68326,30,116,97,19,3.04,3.58,116,0,26,71
68327,26,170,152,18,2.01,2.89,170,1,35,117
68328,18,161,145,16,2.59,1.94,161,1,72,73
68329,28,228,188,40,2.89,2.0,228,3,87,101
68330,,20,20,0,2.0,,20,0,14,6
68331,13,369,314,55,2.81,2.98,369,6,219,95
68332,16,46,43,3,2.05,,46,6,10,33
68333,174,3002,2081,921,2.92,2.08,3002,36,862,1219
68335,38,215,174,41,2.28,4.15,215,0,45,129
68336,29,263,221,42,2.96,2.64,263,1,131,90
68337,34,156,141,15,1.96,3.6,156,0,57,84
68338,9,106,91,15,2.15,1.8,106,0,20,71
68339,7,457,424,33,2.27,2.12,457,0,246,178
68340,50,354,264,90,2.84,2.42,354,13,103,161
68341,108,398,317,81,2.16,3.15,398,0,77,240
68342,13,280,192,88,2.42,2.02,280,2,76,116
68343,79,375,307,68,2.3,2.18,375,10,149,158
68344,16,201,182,19,2.82,1.21,201,0,111,71
68345,33,82,68,14,1.78,1.86,82,0,24,44
68346,9,198,165,33,2.48,1.76,198,5,83,82
68347,36,896,875,21,2.62,1.9,896,3,647,228
68348,20,120,105,15,2.05,2.27,120,5,35,70
68349,28,465,421,44,2.52,1.95,465,12,272,149
68350,38,100,90,10,2.62,2.2,100,0,17,73
68351,41,364,288,76,2.1,1.84,364,15,127,161
68352,376,2071,1282,789,2.31,2.29,2071,174,566,716
68354,35,442,364,78,2.07,1.58,442,13,127,237
68355,189,2285,1658,627,2.19,1.85,2285,192,663,995
68357,21,147,133,14,2.47,1.57,147,4,61,72
68358,10,512,467,45,3.11,1.84,512,0,351,116
68359,61,604,500,104,2.58,2.09,604,5,319,181
68360,3,206,186,20,2.34,1.8,206,13,117,69
68361,163,893,696,197,2.58,2.03,893,22,335,361
68362,5,15,12,3,1.83,2.33,15,0,5,7
68364,3,114,111,3,2.1,2.67,114,0,96,15
68365,13,114,108,6,2.18,,114,1,34,74
68366,34,328,300,28,2.64,3.04,328,10,171,129
68367,74,148,118,30,2.13,2.17,148,5,46,72
68368,9,177,166,11,3.0,1.55,177,0,127,39
68370,128,794,558,236,2.3,1.84,794,62,248,310
68371,49,542,435,107,2.49,1.96,542,0,155,280
68372,24,1322,1205,117,3.23,2.26,1322,54,909,296
68375,3,72,64,8,2.06,,72,0,23,41
68376,128,579,420,159,2.51,2.11,579,8,143,277
68377,43,194,162,32,1.97,2.44,194,0,61,101
68378,79,251,240,11,2.3,1.64,251,5,79,161
68379,8,33,33,0,2.06,,33,0,6,27
68380,6,22,22,0,2.09,,22,0,10,12
68381,9,55,44,11,2.43,1.45,55,0,4,40
68382,8,19,8,11,2.0,1.09,19,0,6,2
68401,73,356,322,34,2.56,2.97,356,5,216,106
68402,20,405,340,65,2.56,3.06,405,2,208,132
68403,2,103,89,14,2.01,1.43,103,0,64,25
68404,,439,413,26,2.63,2.04,439,0,214,199
68405,123,1269,824,445,2.7,2.13,1269,38,382,442
68406,76,191,169,22,2.07,2.45,191,4,57,112
68407,21,339,290,49,2.96,1.65,339,0,178,112
68409,5,294,238,56,2.54,2.23,294,11,129,109
68410,369,3367,2342,1025,2.53,2.68,3367,158,1237,1105
68413,24,193,164,29,2.48,2.38,193,4,95,69
68414,40,104,63,41,1.63,1.88,104,0,21,42
68415,41,229,207,22,2.43,2.68,229,5,96,111
68416,8,97,76,21,2.29,2.24,97,5,13,63
68417,48,117,97,20,2.7,3.15,117,10,36,61
68418,20,451,398,53,2.57,2.4,451,0,288,110
68419,6,103,86,17,2.6,1.76,103,0,51,35
68420,116,496,422,74,2.31,3.38,496,29,114,308
68421,85,340,252,88,2.19,2.26,340,23,109,143
68422,1,259,208,51,2.34,3.06,259,0,91,117
68423,14,423,371,52,2.36,2.13,423,16,182,189
68424,48,303,253,50,2.3,1.34,303,2,109,144
68428,38,498,459,39,2.88,6.05,498,6,208,251
68429,9,43,33,10,1.88,2.8,43,3,6,27
68430,5,695,650,45,2.35,2.33,695,1,372,278
68431,37,109,109,0,1.76,,109,2,36,73
68433,71,79,52,27,2.29,1.48,79,0,14,38
68434,202,3222,2169,1053,2.7,2.08,3222,209,1248,921
68436,39,237,202,35,2.36,2.17,237,0,96,106
68437,11,156,134,22,1.93,2.36,156,3,54,80
68438,,58,51,7,1.9,1.29,58,0,28,23
68439,65,287,271,16,2.27,2.0,287,7,149,122
68440,36,54,45,9,1.47,1.44,54,4,4,41
68441,15,76,58,18,2.72,2.89,76,0,21,37
68442,29,124,90,34,1.86,2.06,124,0,7,83
68443,61,397,331,66,2.7,2.52,397,9,173,158
68444,2,17,12,5,2.25,2.8,17,0,3,9
68445,16,66,41,25,2.37,3.36,66,0,22,19
68446,82,1184,887,297,2.37,2.0,1184,76,426,461
68447,81,251,213,38,2.52,1.66,251,61,108,105
68448,24,149,130,19,2.12,4.63,149,0,33,97
68450,214,925,558,367,2.44,2.32,925,79,175,383
68452,9,37,31,6,2.19,1.67,37,0,6,25
68453,56,131,100,31,2.22,1.03,131,0,30,70
68454,26,279,215,64,2.66,2.03,279,6,126,89
68455,235,267,201,66,2.0,3.47,267,6,139,62
68456,10,510,376,134,2.38,2.93,510,7,256,120
68457,14,197,172,25,2.23,2.76,197,16,108,64
68458,,77,74,3,2.04,1.67,77,2,22,52
68460,19,256,220,36,2.64,3.0,256,1,83,137
68461,,315,301,14,2.39,4.07,315,0,144,157
68462,51,1609,1299,310,3.0,2.07,1609,55,854,445
68463,81,580,429,151,2.8,2.08,580,18,284,145
68464,29,248,228,20,2.05,1.85,248,1,96,132
68465,125,877,622,255,3.1,2.36,877,21,352,270
68466,201,678,517,161,2.7,2.76,678,33,239,278
68467,366,3819,2716,1103,2.44,1.94,3819,128,1572,1144
68502,887,11476,6029,5447,2.39,2.12,11476,486,4090,1939
68503,487,6311,2284,4027,2.48,2.34,6311,689,1302,982
68504,654,7843,2676,5167,2.3,1.89,7843,500,1620,1056
68505,439,7264,4189,3075,2.72,2.09,7264,445,2665,1524
68506,530,12703,8047,4656,2.47,1.68,12703,805,4809,3238
68507,339,6511,4500,2011,2.43,1.99,6511,291,3106,1394
68508,641,5580,536,5044,2.31,1.77,5580,1178,220,316
68510,535,9128,5389,3739,2.28,1.98,9128,708,3342,2047
68512,75,5630,3683,1947,2.73,1.93,5630,60,2664,1019
68514,,119,119,0,2.34,,119,0,102,17
68516,649,18258,12534,5724,2.79,2.17,18258,480,7887,4647
68517,,201,182,19,2.73,3.0,201,0,122,60
68520,18,766,658,108,2.27,2.19,766,0,434,224
68521,567,14582,8237,6345,2.82,2.22,14582,534,5565,2672
68522,126,4275,3112,1163,2.75,2.74,4275,59,2321,791
68523,39,670,636,34,2.9,1.91,670,0,486,150
68524,75,2102,1270,832,2.92,2.91,2102,10,1040,230
68526,47,2860,2352,508,2.99,1.91,2860,48,1562,790
68527,,606,606,0,2.7,,606,13,282,324
68528,117,2458,1542,916,2.72,2.28,2458,45,979,563
68531,,75,68,7,3.57,1.86,75,0,51,17
68532,,215,215,0,2.75,,215,0,138,77
68588,,,,0,,,,0,,
68601,912,11640,8333,3307,2.68,2.1,11640,761,4216,4117
68620,153,1169,868,301,2.55,1.92,1169,61,359,509
68621,27,122,106,16,1.75,3.5,122,0,25,81
68622,17,131,97,34,2.37,2.03,131,5,20,77
68623,45,170,145,25,2.12,1.8,170,0,30,115
68624,207,360,323,37,2.67,2.3,360,10,125,198
68626,60,246,202,44,2.41,1.66,246,2,78,124
68627,74,264,238,26,2.63,2.15,264,6,103,135
68628,183,324,266,58,2.59,2.64,324,6,114,152
68629,86,484,427,57,2.48,1.68,484,19,140,287
68631,10,139,113,26,2.3,2.65,139,0,63,50
68632,132,1552,1115,437,2.44,1.97,1552,68,547,568
68633,108,490,386,104,1.89,3.11,490,8,129,257
68634,18,267,261,6,2.85,2.33,267,21,93,168
68635,15,223,161,62,2.42,1.44,223,0,57,104
68636,78,566,434,132,2.05,2.45,566,4,126,308
68637,155,157,122,35,1.98,2.31,157,1,39,83
68638,169,690,569,121,2.84,2.07,690,10,296,273
68640,116,440,383,57,2.6,2.28,440,14,220,163
68641,98,490,429,61,2.21,2.1,490,19,133,296
68642,41,713,650,63,2.69,2.6,713,19,256,394
68643,79,392,346,46,2.27,2.74,392,1,92,254
68644,4,287,205,82,1.97,3.39,287,2,70,135
68647,44,302,274,28,2.47,3.36,302,0,90,184
68648,178,138,82,56,2.05,1.32,138,2,26,56
68649,135,813,632,181,2.5,2.69,813,8,320,312
68651,106,459,377,82,2.69,2.9,459,21,154,223
68652,17,296,248,48,2.27,1.71,296,0,95,153
68653,11,260,246,14,2.75,2.36,260,0,101,145
68654,56,227,181,46,2.18,3.89,227,8,68,113
68655,,38,35,3,2.69,2.33,38,0,8,27
68658,10,278,251,27,2.75,2.19,278,2,119,132
68659,4,80,68,12,2.22,2.83,80,0,11,57
68660,80,454,358,96,2.4,2.54,454,16,153,205
68661,199,2211,1567,644,3.48,2.99,2211,2,736,831
68662,24,453,404,49,2.96,2.73,453,9,202,202
68663,54,419,359,60,1.98,1.83,419,19,185,174
68664,48,112,94,18,2.73,3.0,112,0,52,42
68665,119,288,249,39,2.51,1.67,288,2,77,172
68666,105,567,449,118,2.9,2.19,567,12,147,302
68667,8,53,48,5,2.69,3.2,53,0,29,19
68669,24,209,184,25,2.43,1.08,209,6,61,123
68701,949,12624,8420,4204,2.57,2.08,12624,730,4549,3871
68710,45,290,231,59,2.78,1.64,290,8,102,129
68711,17,44,23,21,1.26,1.57,44,0,,23
68713,199,946,718,228,2.48,2.27,946,29,279,439
68714,239,496,385,111,2.19,2.32,496,25,145,240
68715,46,611,538,73,2.98,2.12,611,0,298,240
68716,46,407,253,154,2.45,2.16,407,37,93,160
68717,11,107,82,25,2.9,1.2,107,0,38,44
68718,134,779,541,238,2.25,1.84,779,33,191,350
68719,27,80,75,5,2.11,4.0,80,0,9,66
68720,10,108,89,19,2.24,2.16,108,0,24,65
68722,58,190,155,35,2.46,1.89,190,5,55,100
68723,44,251,234,17,2.48,2.71,251,1,77,157
68724,28,75,60,15,3.68,4.6,75,0,13,47
68725,38,252,220,32,2.49,1.91,252,0,73,147
68726,54,259,154,105,2.16,2.95,259,5,47,107
68727,62,246,174,72,2.43,1.54,246,23,66,108
68728,16,93,84,9,2.74,,93,0,40,44
68729,143,718,541,177,2.46,2.24,718,42,161,380
68730,283,795,672,123,2.62,2.43,795,15,262,410
68731,31,1010,833,177,3.73,3.11,1010,29,490,343
68732,6,102,97,5,1.78,2.8,102,2,22,75
68733,35,424,298,126,2.63,2.25,424,12,134,164
68734,5,47,18,29,1.94,2.1,47,0,7,11
68735,71,362,269,93,2.39,2.96,362,0,65,204
68736,32,272,219,53,2.46,3.72,272,15,78,141
68739,178,1081,962,119,2.59,1.93,1081,47,446,516
68740,10,327,283,44,2.69,2.55,327,0,175,108
68741,37,271,209,62,2.51,3.97,271,11,101,108
68742,38,93,80,13,3.19,2.54,93,2,15,65
68743,40,195,160,35,3.09,2.26,195,16,89,71
68745,141,606,478,128,2.68,1.91,606,9,217,261
68746,164,184,166,18,1.89,1.5,184,2,40,126
68747,27,56,48,8,2.96,2.13,56,6,21,27
68748,76,839,637,202,2.84,2.39,839,19,241,396
68749,5,24,21,3,2.0,2.0,24,0,3,18
68751,5,25,21,4,3.05,,25,0,11,10
68752,47,303,268,35,2.21,2.94,303,1,95,173
68753,11,33,25,8,2.4,,33,0,9,16
68755,37,149,116,33,2.19,4.15,149,3,3,113
68756,217,749,533,216,2.52,2.26,749,44,211,322
68757,44,309,261,48,2.38,4.0,309,4,62,199
68758,67,484,346,138,2.99,2.01,484,9,129,217
68759,53,117,102,15,3.09,5.07,117,0,36,66
68760,455,467,306,161,2.6,3.04,467,14,86,220
68761,54,181,157,24,2.41,2.29,181,14,40,117
68763,384,1814,1216,598,2.43,2.54,1814,111,456,760
68764,62,309,244,65,2.71,2.71,309,11,100,144
68765,92,463,380,83,2.56,2.36,463,18,126,254
68766,64,151,116,35,2.53,5.46,151,0,69,47
68767,83,1362,1074,288,2.61,2.44,1362,32,564,510
68768,17,266,168,98,2.43,2.21,266,3,36,132
68769,65,713,502,211,2.51,2.05,713,61,214,288
68770,133,625,457,168,2.27,1.6,625,20,186,271
68771,30,561,408,153,2.5,2.96,561,19,199,209
68773,30,88,68,20,1.88,1.75,88,0,19,49
68774,41,118,106,12,2.96,1.42,118,1,22,84
68776,399,5300,3187,2113,2.97,2.64,5300,560,1645,1542
68777,140,249,193,56,2.19,1.41,249,3,63,130
68778,118,232,187,45,2.82,2.67,232,2,47,140
68779,114,856,606,250,3.05,2.48,856,48,319,287
68780,78,346,240,106,2.7,2.11,346,8,129,111
68781,39,589,470,119,2.5,3.23,589,9,200,270
68783,50,330,261,69,2.64,2.32,330,24,84,177
68784,64,609,439,170,2.83,2.38,609,9,206,233
68785,9,95,84,11,2.32,1.45,95,0,68,16
68786,105,347,310,37,2.65,2.92,347,8,130,180
68787,140,2557,1686,871,2.32,1.87,2557,147,971,715
68788,244,1875,1288,587,2.37,2.45,1875,60,493,795
68789,27,34,34,0,2.12,,34,0,11,23
68790,24,391,324,67,2.12,1.79,391,4,177,147
68791,68,762,545,217,2.34,2.46,762,7,229,316
68792,115,182,170,12,2.05,2.25,182,3,35,135
68801,696,10900,6464,4436,2.94,2.43,10900,488,3656,2808
68803,483,10484,6753,3731,2.61,2.11,10484,618,3516,3237
68810,9,339,273,66,2.85,2.27,339,2,147,126
68812,42,209,178,31,2.65,2.9,209,7,85,93
68813,117,175,113,62,2.31,2.1,175,7,27,86
68814,62,396,272,124,2.14,2.79,396,14,100,172
68815,49,285,227,58,2.31,2.47,285,7,67,160
68816,,73,69,4,1.94,,73,0,29,40
68817,48,171,145,26,1.91,2.54,171,0,64,81
68818,319,2203,1661,542,2.71,2.27,2203,64,1069,592
68820,22,136,112,24,2.07,1.25,136,8,27,85
68821,18,43,34,9,1.94,1.11,43,0,22,12
68822,316,2021,1373,648,2.45,2.12,2021,155,731,642
68823,357,915,734,181,2.36,2.15,915,23,275,459
68824,39,615,429,186,2.47,2.33,615,10,248,181
68825,49,428,337,91,2.35,1.98,428,11,148,189
68826,134,1446,1025,421,2.6,2.71,1446,77,544,481
68827,48,251,186,65,2.79,2.65,251,3,83,103
68828,53,105,85,20,1.82,1.75,105,10,16,69
68831,36,283,209,74,2.42,1.64,283,46,88,121
68832,79,839,697,142,2.47,2.17,839,18,367,330
68833,40,76,59,17,2.15,1.29,76,1,15,44
68834,15,87,78,9,2.13,2.44,87,0,16,62
68835,86,256,187,69,2.35,2.09,256,1,85,102
68836,92,660,506,154,3.04,2.2,660,0,305,201
68837,10,41,37,4,2.27,2.0,41,1,10,27
68838,57,109,102,7,2.18,1.57,109,0,60,42
68840,127,1134,856,278,2.68,2.99,1134,39,447,409
68841,25,224,185,39,2.91,2.15,224,1,95,90
68842,86,241,174,67,2.8,1.58,241,15,83,91
68843,31,292,245,47,2.51,2.45,292,1,127,118
68844,,107,101,6,2.49,,107,4,46,55
68845,699,8128,4918,3210,2.74,2.18,8128,322,2969,1949
68846,36,111,94,17,3.02,1.71,111,2,48,46
68847,423,7121,4740,2381,2.47,2.0,7121,400,2869,1871
68849,,,,0,,,,0,,
68850,271,3927,2309,1618,3.28,2.74,3927,279,1027,1282
68852,34,224,174,50,2.41,1.64,224,2,90,84
68853,336,640,427,213,2.38,1.72,640,47,161,266
68854,53,283,255,28,2.69,2.5,283,8,126,129
68855,48,146,106,40,2.05,2.15,146,0,37,69
68856,46,271,165,106,2.32,3.01,271,2,56,109
68858,65,140,106,34,2.6,4.09,140,2,46,60
68859,63,237,194,43,2.19,2.23,237,6,69,125
68860,8,128,107,21,2.08,1.52,128,6,33,74
68861,,51,51,0,1.76,,51,0,9,42
68862,237,1211,906,305,2.49,1.81,1211,47,471,435
68863,19,551,333,218,2.66,2.09,551,3,175,158
68864,73,418,360,58,2.6,2.64,418,1,178,182
68865,47,371,320,51,2.58,1.45,371,5,184,136
68866,11,420,327,93,2.63,2.86,420,4,199,128
68869,134,922,619,303,2.35,2.09,922,69,241,378
68870,51,214,178,36,3.23,1.64,214,2,109,69
68871,47,109,100,9,2.24,3.44,109,1,43,57
68872,27,357,302,55,2.44,2.33,357,5,119,183
68873,125,1331,982,349,3.06,1.81,1331,37,552,430
68874,118,309,231,78,2.26,2.63,309,5,59,172
68875,52,226,197,29,2.33,3.55,226,3,84,113
68876,29,691,517,174,3.01,2.27,691,25,307,210
68878,24,178,121,57,2.79,3.04,178,0,60,61
68879,74,155,110,45,2.46,2.91,155,2,49,61
68881,7,23,23,0,5.0,,23,0,,23
68882,60,198,144,54,2.39,1.93,198,0,50,94
68883,100,935,757,178,2.74,2.67,935,9,326,431
68901,937,10708,6956,3752,2.61,1.81,10708,747,3959,2997
68920,131,607,505,102,2.59,2.08,607,15,256,249
68922,139,465,369,96,2.5,1.85,465,32,185,184
68923,18,33,33,0,3.03,,33,0,25,8
68924,51,560,467,93,2.7,3.02,560,16,303,164
68925,24,198,177,21,2.41,3.43,198,1,51,126
68926,126,230,184,46,2.46,2.26,230,2,57,127
68927,91,505,417,88,2.25,3.26,505,2,217,200
68928,33,143,136,7,2.65,1.86,143,1,33,103
68929,38,77,69,8,2.26,1.25,77,1,21,48
68930,74,570,452,118,2.44,1.76,570,11,184,268
68932,69,140,126,14,2.8,2.21,140,6,26,100
68933,59,377,327,50,2.48,1.8,377,13,155,172
68934,23,69,46,23,2.7,,69,0,23,23
68935,54,275,164,111,2.43,2.5,275,6,48,116
68936,30,101,78,23,2.01,2.39,101,0,19,59
68937,596,797,650,147,2.25,1.84,797,17,299,351
68938,59,233,198,35,2.09,2.17,233,4,70,128
68939,119,442,349,93,2.37,1.75,442,19,114,235
68940,9,162,146,16,3.35,2.25,162,9,88,58
68941,42,330,273,57,2.36,3.37,330,3,100,173
68942,74,134,122,12,3.61,2.42,134,3,61,61
68943,18,95,82,13,2.76,3.69,95,0,9,73
68944,66,496,367,129,2.75,2.44,496,14,144,223
68945,,99,56,43,2.36,1.86,99,0,9,47
68946,6,23,23,0,1.65,,23,0,6,17
68947,35,269,244,25,2.23,2.32,269,0,79,165
68948,73,174,130,44,2.0,1.41,174,1,34,96
68949,211,2870,2026,844,2.36,1.86,2870,96,1014,1012
68950,9,122,98,24,2.2,2.13,122,1,44,54
68952,38,33,22,11,2.05,1.64,33,2,14,8
68954,,7,7,0,,,7,0,7,
68955,52,780,715,65,2.79,2.25,780,13,378,337
68956,43,479,389,90,2.54,2.23,479,4,139,250
68957,24,220,206,14,2.44,4.0,220,3,45,161
68958,13,226,183,43,2.51,2.81,226,2,97,86
68959,141,1563,1203,360,2.39,2.4,1563,45,584,619
68960,34,84,75,9,1.89,3.11,84,9,22,53
68961,110,286,240,46,2.23,1.43,286,5,82,158
68964,43,23,23,0,4.13,,23,0,8,15
68966,50,206,172,34,2.41,1.79,206,7,61,111
68967,126,444,330,114,2.31,2.52,444,22,160,170
68970,147,604,499,105,2.16,2.27,604,33,183,316
68971,491,150,121,29,2.36,1.59,150,3,22,99
68972,24,89,59,30,2.59,3.7,89,11,14,45
68973,12,175,143,32,2.57,1.72,175,3,44,99
68974,42,112,111,1,2.14,,112,0,20,91
68975,4,43,43,0,2.12,,43,0,18,25
68976,18,72,57,15,3.02,4.67,72,0,35,22
68977,20,89,71,18,3.87,1.56,89,0,22,49
68978,296,994,767,227,2.29,2.2,994,69,177,590
68979,97,719,613,106,2.45,1.82,719,7,252,361
68980,6,161,126,35,2.96,2.51,161,0,74,52
68981,44,104,81,23,2.27,2.22,104,0,33,48
68982,46,249,162,87,2.57,2.86,249,0,69,93
69001,750,3702,2515,1187,2.41,2.02,3702,249,1222,1293
69020,48,180,140,40,3.86,3.55,180,16,43,97
69021,116,598,444,154,2.22,2.52,598,15,179,265
69022,181,740,611,129,2.51,1.67,740,22,252,359
69023,44,137,112,25,2.48,4.2,137,6,52,60
69024,131,449,325,124,2.01,3.18,449,15,115,210
69025,88,386,246,140,2.29,2.49,386,30,116,130
69026,44,71,49,22,1.63,5.95,71,1,4,45
69027,,16,11,5,1.64,,16,0,5,6
69028,62,318,244,74,2.35,2.01,318,0,76,168
69029,28,152,124,28,2.46,2.36,152,0,35,89
69030,57,88,65,23,1.92,3.43,88,8,11,54
69032,78,179,131,48,2.7,2.1,179,2,47,84
69033,194,1038,814,224,2.49,2.1,1038,30,361,453
69034,36,325,268,57,3.38,2.89,325,1,79,189
69036,24,26,17,9,3.35,,26,2,5,12
69037,6,81,81,0,2.41,,81,5,34,47
69038,68,201,139,62,2.5,2.18,201,1,63,76
69039,30,50,26,24,2.27,2.63,50,0,5,21
69040,48,266,218,48,2.35,2.15,266,14,81,137
69041,26,28,21,7,1.24,1.57,28,0,4,17
69042,,1,1,0,,,1,0,,1
69043,45,215,185,30,2.34,2.03,215,5,41,144
69044,300,283,178,105,2.7,2.13,283,15,36,142
69045,99,403,273,130,2.22,2.19,403,6,76,197
69046,41,104,95,9,1.24,1.67,104,5,12,83
69101,1715,11901,7882,4019,2.36,2.25,11901,690,4338,3544
69120,21,452,337,115,2.58,2.28,452,20,180,157
69121,51,128,95,33,2.18,2.64,128,0,17,78
69122,66,282,209,73,2.51,2.22,282,3,76,133
69123,114,340,289,51,2.79,2.27,340,5,160,129
69125,46,118,71,47,1.99,1.49,118,2,19,52
69127,233,334,282,52,2.4,1.63,334,5,107,175
69128,80,161,102,59,2.33,3.27,161,12,30,72
69129,146,553,474,79,2.38,1.81,553,10,170,304
69130,196,2133,1469,664,2.56,2.0,2133,164,733,736
69131,51,331,260,71,2.33,2.35,331,1,101,159
69132,11,41,21,20,2.9,2.4,41,0,2,19
69133,21,174,155,19,2.5,1.68,174,1,80,75
69134,26,158,134,24,2.47,2.79,158,4,24,110
69135,,4,4,0,2.0,,4,0,,4
69138,272,1650,1223,427,2.75,1.67,1650,73,743,480
69140,112,691,536,155,2.65,1.92,691,38,258,278
69141,22,193,158,35,2.46,2.2,193,7,57,101
69142,17,51,30,21,2.9,2.19,51,0,6,24
69143,51,681,593,88,2.52,1.73,681,17,315,278
69144,13,55,40,15,2.13,2.2,55,0,6,34
69145,255,1158,790,368,2.47,2.05,1158,59,298,492
69146,486,171,143,28,1.48,,171,10,93,50
69147,675,243,212,31,1.83,1.65,243,0,47,165
69148,27,71,28,43,1.86,2.63,71,4,5,23
69149,87,301,249,52,2.56,1.58,301,9,123,126
69150,39,153,139,14,2.85,2.93,153,9,61,78
69151,60,344,291,53,2.85,3.02,344,6,146,145
69152,153,329,198,131,2.2,2.11,329,16,64,134
69153,289,2786,2078,708,2.22,1.94,2786,263,953,1125
69154,138,516,433,83,2.01,1.69,516,18,175,258
69155,66,397,302,95,2.88,2.64,397,14,115,187
69156,54,282,246,36,2.35,1.86,282,13,98,148
69157,29,54,44,10,1.98,1.8,54,0,2,42
69161,41,44,36,8,1.47,,44,0,6,30
69162,413,3244,1898,1346,2.49,1.72,3244,185,1064,834
69163,69,358,276,82,2.7,2.79,358,7,118,158
69165,129,701,552,149,2.84,2.14,701,12,296,256
69166,55,260,135,125,2.01,2.42,260,12,44,91
69167,41,154,111,43,2.46,2.26,154,2,45,66
69168,26,77,68,9,2.69,2.22,77,0,12,56
69169,46,235,136,99,2.36,1.36,235,0,58,78
69170,12,116,85,31,2.13,2.48,116,0,35,50
69171,,,,0,,,,0,,
69201,561,1510,870,640,2.64,2.44,1510,132,425,445
69210,376,925,741,184,2.27,1.9,925,27,303,438
69211,54,159,103,56,2.37,2.46,159,2,43,60
69212,28,157,47,110,1.43,2.83,157,29,13,34
69214,35,85,45,40,4.82,4.68,85,0,15,30
69216,22,91,53,38,2.36,2.03,91,0,2,51
69217,105,161,157,4,2.26,2.5,161,0,20,137
69218,27,164,117,47,2.16,2.28,164,3,8,109
69219,14,22,20,2,3.05,2.0,22,0,2,18
69220,24,17,9,8,1.56,3.13,17,0,5,4
69221,21,39,20,19,1.6,2.68,39,0,12,8
69301,626,4096,3066,1030,2.37,2.18,4096,216,1498,1568
69331,,30,22,8,2.05,7.0,30,0,5,17
69333,41,77,59,18,2.07,4.11,77,0,12,47
69334,189,846,743,103,2.52,1.8,846,29,299,444
69335,19,19,16,3,3.5,2.0,19,0,10,6
69336,206,934,686,248,2.59,2.25,934,48,302,384
69337,405,2670,1574,1096,2.39,1.86,2670,91,839,735
69339,240,555,443,112,2.42,2.18,555,66,151,292
69340,33,20,14,6,2.21,4.83,20,0,,14
69341,456,4245,3160,1085,2.58,2.2,4245,128,1953,1207
69343,241,974,610,364,2.28,2.67,974,43,198,412
69345,88,152,96,56,3.13,2.11,152,1,24,72
69346,135,206,136,70,1.92,2.76,206,10,36,100
69347,173,552,427,125,2.35,2.11,552,25,226,201
69348,93,516,384,132,2.4,2.16,516,35,138,246
69350,81,177,119,58,1.86,2.22,177,0,29,90
69351,34,73,49,24,2.16,2.25,73,12,2,47
69352,55,276,206,70,2.43,1.64,276,10,80,126
69353,8,32,27,5,1.81,3.0,32,0,4,23
69354,26,63,32,31,1.53,,63,0,17,15
69355,4,61,50,11,1.94,2.27,61,2,23,27
69356,300,716,557,159,2.88,2.28,716,78,308,249
69357,159,1507,1182,325,2.4,1.74,1507,54,697,485
69358,179,940,692,248,2.12,2.2,940,54,319,373
69360,136,529,338,191,2.57,2.4,529,32,98,240
69361,567,7170,4450,2720,2.46,2.23,7170,494,2574,1876
69365,,,,0,,,,0,,
69366,32,110,82,28,2.89,3.14,110,5,23,59
69367,11,112,104,8,2.0,1.25,112,3,21,83
70001,1311,17834,9091,8743,2.32,2.22,17834,713,5026,4065
70002,881,8463,4432,4031,2.39,2.16,8463,737,2375,2057
70003,1301,16232,12659,3573,2.43,2.3,16232,785,6578,6081
70005,1103,11479,7630,3849,2.13,2.13,11479,567,3448,4182
70006,639,5814,3637,2177,2.42,3.03,5814,223,1867,1770
70030,267,1399,1250,149,2.78,3.05,1399,0,643,607
70031,51,514,462,52,2.33,2.9,514,6,135,327
70032,300,1703,1200,503,2.43,2.3,1703,201,599,601
70036,159,335,326,9,2.83,,335,9,138,188
70037,549,5615,3622,1993,2.73,3.47,5615,220,1769,1853
70038,21,13,13,0,,,13,13,,13
70039,133,806,583,223,2.56,3.13,806,51,345,238
70040,92,567,522,45,1.95,2.49,567,51,190,332
70041,410,1062,929,133,2.33,2.24,1062,68,268,661
70043,764,7795,4659,3136,2.83,2.73,7795,605,2635,2024
70047,348,4784,3797,987,2.75,2.88,4784,158,2144,1653
70049,272,507,494,13,2.48,4.92,507,0,128,366
70050,9,14,,14,,,14,0,,
70051,116,602,542,60,3.2,3.77,602,0,205,337
70052,224,1056,886,170,3.21,1.83,1056,81,527,359
70053,939,7432,3502,3930,2.32,1.92,7432,1356,1614,1888
70056,891,14112,8136,5976,2.9,2.99,14112,1138,4737,3399
70057,221,1471,1183,288,3.26,1.76,1471,144,597,586
70058,1212,14652,9481,5171,2.79,2.69,14652,1099,6013,3468
70062,601,6152,3165,2987,2.84,2.77,6152,1029,1606,1559
70065,2100,20207,12658,7549,2.55,2.39,20207,919,6901,5757
70067,111,1003,878,125,3.11,3.34,1003,41,354,524
70068,1462,11970,9592,2378,2.73,3.0,11970,447,6239,3353
70070,200,4975,4181,794,2.82,2.86,4975,148,2562,1619
70071,262,1123,916,207,2.92,2.16,1123,140,191,725
70072,1635,20586,15243,5343,2.72,2.7,20586,1501,7778,7465
70075,153,1721,1583,138,3.04,2.17,1721,13,1051,532
70076,47,49,49,0,1.35,,49,0,32,17
70079,108,1128,745,383,2.39,2.72,1128,31,405,340
70080,143,339,290,49,2.4,,339,20,122,168
70082,35,110,96,14,3.4,,110,38,96,
70083,276,753,622,131,3.29,2.12,753,127,258,364
70084,680,2220,1873,347,2.66,2.86,2220,125,736,1137
70085,544,1569,1315,254,2.99,3.16,1569,107,494,821
70086,75,714,511,203,2.73,2.5,714,52,216,295
70087,273,2650,2008,642,3.18,1.87,2650,50,1184,824
70090,423,2797,2127,670,2.77,2.22,2797,302,846,1281
70091,78,81,58,23,2.59,4.13,81,0,,58
70092,296,2508,2018,490,2.87,3.8,2508,176,1201,817
70094,1545,11995,7383,4612,2.5,2.99,11995,1247,3569,3814
70112,1360,2205,219,1986,1.31,1.67,2205,668,32,187
70113,1377,3748,760,2988,2.54,2.12,3748,1509,400,360
70114,2285,9622,4198,5424,2.48,2.08,9622,2346,2260,1938
70115,3538,14437,7867,6570,2.59,2.03,14437,1450,4611,3256
70116,3832,5730,2250,3480,2.12,1.74,5730,1796,1116,1134
70117,3483,12145,5655,6490,2.33,2.1,12145,2822,2724,2931
70118,2837,12880,6379,6501,2.59,2.26,12880,2085,3286,3093
70119,4238,16864,6045,10819,2.19,1.89,16864,3886,3070,2975
70121,843,5625,3179,2446,2.03,2.01,5625,616,1947,1232
70122,2054,14939,8306,6633,2.59,2.12,14939,2116,4816,3490
70123,1409,12619,7614,5005,2.45,1.85,12619,591,3875,3739
70124,853,7867,5618,2249,2.65,2.07,7867,337,3771,1847
70125,1397,6515,2794,3721,2.65,2.68,6515,1441,1398,1396
70126,1658,10691,4929,5762,2.86,2.87,10691,1594,2282,2647
70127,1102,9714,4292,5422,2.99,2.27,9714,1770,2460,1832
70128,878,7917,4864,3053,2.87,2.71,7917,1074,2512,2352
70129,416,3067,2109,958,3.27,3.95,3067,303,715,1394
70130,3668,7268,2542,4726,1.87,1.81,7268,1662,1506,1036
70131,1605,10847,6401,4446,2.69,2.13,10847,938,4204,2197
70139,,,,0,,,,0,,
70148,209,130,,130,,1.65,130,40,,
70163,,,,0,,,,0,,
70301,1723,17614,13298,4316,2.63,2.31,17614,1308,6868,6430
70310,,,,0,,,,0,,
70339,773,2119,1858,261,2.29,1.46,2119,96,439,1419
70340,,46,46,0,3.04,,46,0,,46
70341,171,1458,1079,379,2.76,2.35,1458,258,261,818
70342,168,1775,1389,386,2.75,2.69,1775,77,634,755
70343,174,1839,1624,215,2.74,1.49,1839,47,884,740
70344,644,2138,1755,383,2.68,2.86,2138,204,686,1069
70345,290,3661,2813,848,2.51,2.58,3661,194,1227,1586
70346,555,3720,2422,1298,2.46,2.71,3720,620,789,1633
70352,,116,72,44,2.5,5.25,116,0,38,34
70353,219,346,325,21,2.28,3.43,346,53,,325
70354,212,1761,1361,400,2.09,2.86,1761,41,465,896
70355,106,422,396,26,2.94,2.04,422,0,202,194
70356,93,730,515,215,2.33,1.96,730,46,199,316
70357,396,1088,809,279,2.65,2.24,1088,194,407,402
70358,1621,414,254,160,2.02,2.03,414,40,99,155
70359,400,3598,2925,673,2.73,2.53,3598,380,1334,1591
70360,690,11213,8064,3149,2.94,1.64,11213,1019,4867,3197
70363,1043,9433,6628,2805,2.74,2.5,9433,1034,2662,3966
70364,1629,10680,7451,3229,2.89,2.34,10680,758,4632,2819
70372,180,954,844,110,2.16,2.05,954,35,376,468
70373,426,2368,1809,559,2.7,2.8,2368,185,854,955
70374,328,2494,1893,601,2.62,2.76,2494,170,913,980
70375,,51,51,0,2.84,,51,0,34,17
70377,206,1353,1092,261,2.84,2.84,1353,177,249,843
70380,1845,8251,5290,2961,2.53,2.53,8251,702,1794,3496
70390,504,2628,1865,763,2.7,2.91,2628,361,771,1094
70391,,92,38,54,4.63,1.54,92,0,38,
70392,484,2909,1920,989,2.96,2.84,2909,374,867,1053
70393,25,38,38,0,3.63,,38,6,30,8
70394,545,5620,4457,1163,2.65,2.38,5620,621,1956,2501
70395,202,1641,1333,308,2.43,2.48,1641,63,684,649
70397,178,323,276,47,2.96,,323,23,114,162
70401,1434,7632,3695,3937,2.57,2.47,7632,657,2146,1549
70402,,,,0,,,,0,,
70403,1585,11266,7615,3651,2.64,2.74,11266,886,4372,3243
70420,174,2933,2364,569,2.78,3.16,2933,57,1548,816
70422,993,4787,3275,1512,2.4,2.39,4787,204,1174,2101
70426,721,2140,1485,655,2.39,2.26,2140,163,433,1052
70427,1564,6910,4047,2863,2.68,2.45,6910,951,1555,2492
70431,165,2028,1955,73,2.48,3.0,2028,15,828,1127
70433,1480,15989,11388,4601,2.59,2.0,15989,881,7007,4381
70435,881,7525,6688,837,2.6,2.73,7525,277,4248,2440
70436,30,175,152,23,2.28,5.26,175,28,57,95
70437,351,3057,2819,238,2.55,2.53,3057,129,1522,1297
70438,1472,7698,5703,1995,2.53,2.5,7698,631,2315,3388
70441,805,2187,1601,586,2.7,3.25,2187,338,371,1230
70442,,109,109,0,3.53,,109,0,46,63
70443,586,2724,2109,615,3.01,3.06,2724,230,946,1163
70444,829,3835,3034,801,2.6,3.1,3835,331,1031,2003
70445,651,3977,3352,625,2.49,2.75,3977,98,1661,1691
70446,297,2354,2146,208,3.17,2.92,2354,92,1480,666
70447,304,5557,5203,354,3.11,2.73,5557,11,3939,1264
70448,734,9590,7658,1932,2.73,2.78,9590,210,5459,2199
70449,539,1233,1091,142,2.13,2.93,1233,59,514,577
70450,368,1117,831,286,2.55,1.86,1117,116,200,631
70451,28,79,,79,,,79,0,,
70452,625,4788,4131,657,2.78,2.22,4788,144,2554,1577
70453,89,318,290,28,1.95,3.68,318,0,240,50
70454,1215,12167,9912,2255,2.5,2.67,12167,397,5790,4122
70455,287,699,699,0,2.76,,699,68,468,231
70456,235,946,835,111,2.73,6.61,946,20,355,480
70457,,,,0,,,,0,,
70458,1333,15246,10887,4359,2.53,2.49,15246,766,6612,4275
70460,908,7896,6039,1857,2.79,2.6,7896,337,3621,2418
70461,1015,11795,8750,3045,2.82,2.38,11795,539,6010,2740
70462,1052,1969,1763,206,2.4,2.4,1969,91,799,964
70463,8,57,37,20,2.43,1.45,57,4,10,27
70464,21,68,48,20,3.83,3.25,68,18,48,
70465,81,152,111,41,3.43,3.95,152,23,56,55
70466,667,3453,2384,1069,2.94,3.42,3453,59,1298,1086
70471,862,8630,6582,2048,2.72,1.91,8630,313,4324,2258
70501,1697,11037,4910,6127,2.45,2.29,11037,2156,2481,2429
70503,1254,11730,8095,3635,2.47,2.16,11730,291,4643,3452
70506,2126,17938,9497,8441,2.25,2.2,17938,1592,4952,4545
70507,783,6964,4944,2020,2.65,2.58,6964,510,2626,2318
70508,2117,16263,10392,5871,2.64,2.08,16263,703,7004,3388
70510,1920,9606,6815,2791,2.53,2.56,9606,1162,2734,4081
70512,334,3801,2981,820,2.68,2.54,3801,182,1338,1643
70513,58,68,26,42,2.0,1.81,68,0,26,
70514,248,751,350,401,2.74,2.07,751,240,88,262
70515,299,1080,806,274,3.1,2.88,1080,128,370,436
70516,47,388,345,43,3.29,1.65,388,0,177,168
70517,2109,9638,7338,2300,2.74,2.86,9638,866,3399,3939
70518,625,5733,4566,1167,2.67,2.83,5733,334,2933,1633
70519,,67,67,0,1.27,,67,48,19,48
70520,1013,7765,6369,1396,2.55,2.85,7765,447,3912,2457
70522,,74,74,0,9.57,,74,0,74,
70523,27,217,148,69,2.86,2.62,217,7,35,113
70524,52,114,62,52,2.0,1.46,114,13,7,55
70525,578,5222,3792,1430,2.96,2.49,5222,260,1676,2116
70526,1337,6737,4085,2652,2.42,2.6,6737,783,1495,2590
70528,135,900,723,177,2.81,2.86,900,42,353,370
70529,518,5520,4357,1163,2.43,2.45,5520,151,2285,2072
70531,113,770,643,127,2.68,2.59,770,14,512,131
70532,189,1088,817,271,2.8,1.51,1088,120,194,623
70533,345,2565,2014,551,2.93,2.31,2565,197,919,1095
70534,50,214,139,75,2.78,2.8,214,8,58,81
70535,1005,6356,4042,2314,2.52,2.76,6356,610,1768,2274
70537,67,174,139,35,1.76,5.03,174,0,63,76
70538,1393,4887,3451,1436,2.73,2.49,4887,494,1296,2155
70541,88,387,123,264,2.6,1.75,387,53,31,92
70542,426,1186,1024,162,2.91,1.59,1186,34,219,805
70543,172,1498,1171,327,2.58,2.63,1498,135,439,732
70544,812,3865,2958,907,2.88,2.04,3865,352,1253,1705
70546,1382,6126,4221,1905,2.8,2.21,6126,443,1805,2416
70548,968,3548,2750,798,2.66,2.41,3548,368,1135,1615
70549,374,1215,841,374,2.74,2.92,1215,116,334,507
70550,28,,,0,,,,0,,
70551,25,197,180,17,3.91,1.59,197,2,41,139
70552,60,367,234,133,2.94,2.53,367,26,56,178
70554,361,2084,1313,771,2.71,2.27,2084,194,671,642
70555,339,2867,2367,500,2.75,3.12,2867,46,1255,1112
70556,56,358,291,67,2.06,3.04,358,29,47,244
70558,38,24,,24,,,24,0,,
70559,188,897,597,300,3.22,3.26,897,39,208,389
70560,2422,14261,8192,6069,2.68,2.53,14261,1931,3307,4885
70563,849,7852,6151,1701,2.48,2.8,7852,354,3473,2678
70570,2667,14304,10003,4301,2.56,2.77,14304,1372,4699,5304
70575,,,,0,,,,0,,
70576,83,351,206,145,2.66,2.88,351,27,77,129
70577,739,1570,1180,390,2.69,2.47,1570,72,484,696
70578,815,6200,4782,1418,2.75,2.61,6200,395,2343,2439
70580,30,85,38,47,3.29,,85,0,38,
70581,,267,210,57,4.02,,267,8,60,150
70582,1297,7609,5948,1661,2.73,2.15,7609,534,2484,3464
70583,605,3926,2908,1018,2.5,2.35,3926,392,1540,1368
70584,398,2473,1927,546,2.95,3.35,2473,252,825,1102
70585,17,123,98,25,2.46,2.04,123,9,20,78
70586,1540,7333,4672,2661,2.63,2.57,7333,940,1676,2996
70589,335,1120,833,287,2.78,2.7,1120,71,266,567
70591,395,1658,1435,223,3.02,4.42,1658,58,531,904
70592,639,9161,7975,1186,2.96,3.18,9161,212,5854,2121
70601,3155,13469,7516,5953,2.52,2.52,13469,1352,3933,3583
70605,2280,15508,11677,3831,2.71,2.28,15508,679,6921,4756
70607,2475,10538,6220,4318,2.78,2.75,10538,753,3072,3148
70609,,,,0,,,,0,,
70611,945,7700,6373,1327,2.79,1.99,7700,125,3940,2433
70615,1146,4418,2494,1924,2.67,2.96,4418,399,1227,1267
70629,,,,0,,,,0,,
70630,116,668,615,53,2.97,2.6,668,0,349,266
70631,215,126,126,0,2.21,,126,7,30,96
70632,117,199,199,0,1.46,,199,0,23,176
70633,617,2344,1915,429,3.1,4.78,2344,51,946,969
70634,1563,9727,7472,2255,2.69,2.47,9727,703,3548,3924
70637,33,388,337,51,2.72,,388,33,27,310
70638,34,277,194,83,2.91,5.47,277,4,66,128
70639,41,126,120,6,2.43,9.5,126,5,26,94
70640,8,116,83,33,1.53,1.79,116,5,63,20
70643,173,123,90,33,1.49,2.55,123,0,,90
70644,40,221,207,14,2.56,,221,0,34,173
70645,418,353,315,38,2.65,3.55,353,9,46,269
70646,,114,62,52,2.97,4.08,114,0,52,10
70647,795,3772,3101,671,3.07,2.85,3772,96,1857,1244
70648,310,2550,1912,638,2.49,2.05,2550,173,790,1122
70650,,66,10,56,,1.93,66,0,,10
70651,24,62,39,23,,8.3,62,23,,39
70652,190,551,470,81,2.92,1.88,551,43,139,331
70653,358,1320,1126,194,2.75,2.57,1320,100,367,759
70654,,36,36,0,3.75,,36,0,,36
70655,161,945,754,191,2.76,2.4,945,44,223,531
70656,511,1250,1070,180,2.44,3.06,1250,65,362,708
70657,161,1744,1652,92,2.81,4.28,1744,90,750,902
70658,204,239,216,23,3.21,2.17,239,8,121,95
70659,137,529,316,213,2.73,2.42,529,16,182,134
70660,168,652,542,110,3.6,1.33,652,0,147,395
70661,197,572,471,101,2.92,1.53,572,88,87,384
70662,61,126,114,12,3.2,1.92,126,0,64,50
70663,1921,10891,8243,2648,2.85,2.69,10891,452,4143,4100
70665,1002,4203,3608,595,3.11,2.13,4203,118,1790,1818
70668,577,2188,1614,574,2.86,3.28,2188,78,555,1059
70669,899,3573,3012,561,2.67,2.52,3573,141,1249,1763
70706,800,7349,6324,1025,3.13,3.12,7349,133,4625,1699
70710,291,2228,1820,408,3.02,2.46,2228,121,1351,469
70711,344,1815,1452,363,2.94,2.83,1815,50,744,708
70712,11,131,17,114,2.06,4.73,131,15,,17
70714,1225,6369,4868,1501,2.8,3.04,6369,200,2892,1976
70715,272,401,366,35,3.1,2.69,401,50,121,245
70719,169,1340,1118,222,2.6,2.95,1340,5,650,468
70721,108,212,175,37,1.86,3.08,212,15,40,135
70722,494,2075,1673,402,2.36,2.15,2075,197,657,1016
70723,166,398,338,60,2.53,2.75,398,52,136,202
70725,71,616,578,38,2.47,2.03,616,0,220,358
70726,3399,20141,15425,4716,3.05,2.46,20141,905,9871,5554
70729,61,241,224,17,3.59,2.71,241,0,52,172
70730,219,1309,1169,140,2.62,2.5,1309,32,457,712
70732,151,413,364,49,2.9,2.53,413,23,108,256
70733,378,480,356,124,2.47,2.09,480,8,141,215
70734,21,2954,2320,634,3.39,3.03,2954,90,1815,505
70736,43,215,204,11,2.91,2.0,215,0,55,149
70737,1655,17603,13442,4161,2.66,2.2,17603,503,8131,5311
70739,424,4710,4454,256,2.82,3.4,4710,81,2914,1540
70740,173,403,292,111,2.49,1.41,403,14,155,137
70743,9,190,190,0,3.22,,190,5,161,29
70744,354,1924,1810,114,3.22,2.54,1924,118,1073,737
70747,109,172,50,122,2.38,1.86,172,12,11,39
70748,361,1682,1221,461,2.54,1.97,1682,144,505,716
70749,305,613,422,191,2.12,1.77,613,0,188,234
70750,156,540,404,136,2.43,2.45,540,23,131,273
70752,45,263,211,52,3.0,1.54,263,37,131,80
70753,84,270,247,23,2.1,10.39,270,34,46,201
70754,407,4484,3552,932,2.75,2.28,4484,280,2142,1410
70755,51,604,505,99,2.63,1.56,604,15,191,314
70756,,188,158,30,4.54,4.73,188,0,14,144
70757,151,1240,898,342,2.03,1.44,1240,114,446,452
70759,219,622,525,97,2.48,1.62,622,9,213,312
70760,754,2621,1781,840,2.55,2.3,2621,260,748,1033
70761,175,240,188,52,1.93,3.04,240,40,70,118
70762,180,294,267,27,2.79,,294,0,132,135
70763,82,1658,1491,167,2.75,2.28,1658,18,788,703
70764,1426,5923,4653,1270,2.49,2.89,5923,426,1923,2730
70767,967,5984,4246,1738,2.37,2.99,5984,300,1771,2475
70769,809,16270,14818,1452,2.98,1.92,16270,160,10945,3873
70770,192,1387,1206,181,2.76,1.42,1387,34,369,837
70772,89,411,401,10,2.8,,411,33,270,131
70773,32,73,16,57,2.44,2.7,73,0,,16
70774,963,3589,3091,498,2.97,2.54,3589,92,1763,1328
70775,1169,3560,2661,899,3.03,2.88,3560,126,1319,1342
70776,137,1403,904,499,2.2,2.54,1403,31,571,333
70777,254,1583,1226,357,2.94,2.14,1583,48,660,566
70778,126,1181,1061,120,2.75,2.72,1181,41,690,371
70780,,403,356,47,2.96,1.91,403,22,207,149
70782,,48,32,16,3.53,2.38,48,8,2,30
70783,414,956,822,134,2.32,3.07,956,53,539,283
70785,719,7731,6693,1038,2.9,3.05,7731,247,4132,2561
70786,,,,0,,,,0,,
70787,13,113,64,49,2.73,1.73,113,30,,64
70788,203,1486,863,623,2.68,2.88,1486,278,313,550
70789,118,323,261,62,2.53,1.71,323,106,149,112
70791,952,10815,8859,1956,2.87,2.43,10815,421,6095,2764
70801,42,189,,189,,1.21,189,7,,
70802,4056,10088,3392,6696,2.58,2.31,10088,2205,1078,2314
70803,14,,,0,,,,0,,
70805,2460,8955,4040,4915,3.04,2.7,8955,2195,2033,2007
70806,2365,12499,5598,6901,2.56,2.24,12499,1978,3638,1960
70807,1130,5348,2466,2882,2.74,2.86,5348,871,763,1703
70808,2461,15472,8292,7180,2.46,1.95,15472,925,4452,3840
70809,1883,11832,6485,5347,2.29,2.06,11832,628,4111,2374
70810,2840,16214,11634,4580,2.74,2.45,16214,760,7845,3789
70811,511,4615,2834,1781,3.33,2.97,4615,478,1740,1094
70812,980,3697,2672,1025,3.19,3.63,3697,229,1586,1086
70813,,,,0,,,,0,,
70814,996,4360,2964,1396,2.7,2.52,4360,236,2100,864
70815,1352,10540,6919,3621,2.8,2.91,10540,850,4491,2428
70816,3100,17452,9089,8363,2.58,2.31,17452,676,6092,2997
70817,572,13399,10762,2637,2.62,2.55,13399,98,6530,4232
70818,533,3324,2732,592,2.81,3.93,3324,73,1698,1034
70819,252,1335,1123,212,2.82,3.01,1335,102,828,295
70820,2870,7816,2381,5435,2.59,2.52,7816,727,1683,698
70825,,,,0,,,,0,,
70836,167,241,,241,,1.67,241,15,,
71001,430,1756,1193,563,2.03,2.68,1756,235,343,850
71002,41,92,69,23,2.55,1.57,92,0,11,58
71003,132,437,345,92,2.29,2.51,437,31,137,208
71004,70,202,150,52,2.81,2.27,202,16,76,74
71006,495,5403,4803,600,2.86,2.85,5403,45,2929,1874
71007,243,527,481,46,2.28,4.48,527,0,193,288
71008,195,207,153,54,2.93,1.39,207,14,53,100
71009,47,44,44,0,1.95,,44,0,21,23
71016,104,626,491,135,2.34,3.6,626,45,136,355
71018,265,470,344,126,2.85,2.33,470,50,94,250
71019,776,2672,1961,711,2.97,2.57,2672,183,756,1205
71021,114,264,163,101,2.12,2.25,264,69,37,126
71023,616,1255,1100,155,2.46,2.19,1255,14,531,569
71024,104,497,453,44,2.68,2.66,497,1,97,356
71027,91,524,378,146,1.99,2.58,524,110,138,240
71028,258,555,423,132,2.48,2.72,555,67,159,264
71029,32,63,56,7,2.13,,63,1,14,42
71030,220,394,382,12,2.95,3.5,394,0,106,276
71031,186,311,245,66,2.38,3.18,311,6,39,206
71032,192,883,743,140,2.99,2.64,883,9,290,453
71033,107,1642,1471,171,2.17,1.71,1642,12,833,638
71034,47,105,93,12,2.71,4.17,105,0,53,40
71037,798,7622,6299,1323,2.81,3.1,7622,184,3652,2647
71038,443,1651,1102,549,2.18,2.84,1651,245,274,828
71039,199,593,513,80,3.02,3.0,593,4,226,287
71040,1004,2274,1533,741,2.49,2.57,2274,235,528,1005
71043,65,184,170,14,2.45,1.93,184,10,47,123
71044,69,307,264,43,2.24,1.35,307,7,94,170
71045,207,240,182,58,2.79,1.36,240,2,108,74
71046,129,372,321,51,2.55,2.86,372,40,100,221
71047,459,3849,3370,479,3.02,2.21,3849,105,1457,1913
71048,39,84,73,11,1.29,2.55,84,0,5,68
71049,410,1363,1003,360,2.4,3.38,1363,90,336,667
71051,472,996,858,138,2.1,2.75,996,0,362,496
71052,1006,3603,2140,1463,2.46,2.45,3603,752,769,1371
71055,1204,7359,4360,2999,2.31,2.49,7359,673,1720,2640
71060,346,1049,851,198,2.3,2.98,1049,178,392,459
71061,160,716,405,311,2.35,2.32,716,60,156,249
71063,78,309,247,62,2.41,1.76,309,21,106,141
71064,599,1249,1029,220,2.08,3.58,1249,209,191,838
71065,108,402,287,115,2.26,2.41,402,74,39,248
71066,12,13,5,8,7.6,,13,0,,5
71067,229,1089,626,463,3.49,2.81,1089,99,271,355
71068,466,1569,1209,360,2.09,3.03,1569,131,279,930
71069,51,235,145,90,2.43,1.78,235,34,57,88
71070,318,454,365,89,2.76,1.87,454,13,134,231
71071,138,946,706,240,2.33,2.53,946,163,270,436
71072,217,605,530,75,2.46,2.25,605,7,281,249
71073,53,906,638,268,2.83,2.18,906,58,278,360
71075,763,2330,1223,1107,2.3,2.69,2330,269,418,805
71078,109,2621,2227,394,2.74,2.98,2621,18,1444,783
71079,,35,29,6,,,35,6,,29
71082,324,1922,1373,549,2.02,2.13,1922,270,332,1041
71101,1422,3338,915,2423,1.86,1.81,3338,1259,376,539
71103,959,2225,953,1272,2.24,2.71,2225,650,245,708
71104,1525,5768,2747,3021,2.46,2.05,5768,443,1773,974
71105,1363,9643,5105,4538,2.44,1.81,9643,525,3085,2020
71106,2633,12373,8012,4361,2.73,2.59,12373,1016,4667,3345
71107,1680,12007,7585,4422,2.55,3.14,12007,1057,3972,3613
71108,1138,7093,3179,3914,2.78,2.83,7093,972,1913,1266
71109,2095,7149,3149,4000,2.76,2.45,7149,1323,965,2184
71110,276,1042,,1042,,2.5,1042,5,,
71111,2619,16339,9391,6948,2.67,2.41,16339,1398,6204,3187
71112,1564,12362,7736,4626,2.78,2.45,12362,576,5187,2549
71115,975,6568,4007,2561,2.37,1.68,6568,450,2540,1467
71118,1097,8920,5493,3427,2.77,2.4,8920,608,3992,1501
71119,483,4500,3321,1179,2.28,2.62,4500,266,1620,1701
71129,1042,5654,3353,2301,2.64,1.98,5654,237,2310,1043
71201,1151,8900,4872,4028,2.62,2.11,8900,962,2707,2165
71202,2332,8838,4078,4760,2.32,3.05,8838,1788,1288,2790
71203,2263,14326,7817,6509,2.87,2.52,14326,1127,4805,3012
71209,,,,0,,,,0,,
71212,,,,0,,,,0,,
71218,,,,0,,,,0,,
71219,62,388,309,79,2.63,2.29,388,2,80,229
71220,1976,7421,4966,2455,2.93,2.5,7421,852,2100,2866
71222,442,1144,790,354,2.53,1.76,1144,105,292,498
71223,78,147,86,61,3.07,2.56,147,9,20,66
71225,881,2721,2348,373,2.59,2.31,2721,66,1371,977
71226,445,721,496,225,2.58,3.09,721,105,139,357
71227,251,1553,1209,344,2.6,3.17,1553,34,499,710
71229,185,540,431,109,2.01,1.36,540,82,131,300
71230,,,,0,,,,0,,
71232,536,2166,1397,769,2.68,2.45,2166,163,473,924
71233,40,56,30,26,3.23,3.85,56,0,6,24
71234,463,1310,1236,74,3.44,5.64,1310,12,486,750
71235,308,1691,1221,470,2.41,1.84,1691,91,583,638
71237,100,420,278,142,2.51,2.23,420,4,65,213
71238,341,929,799,130,2.91,1.42,929,14,320,479
71241,1132,2998,2435,563,2.63,3.19,2998,183,919,1516
71242,4,6,,6,,5.83,6,0,,
71243,81,68,68,0,2.96,,68,5,22,46
71245,486,1644,697,947,1.65,3.03,1644,225,196,501
71247,205,470,300,170,2.39,3.11,470,45,53,247
71250,82,22,17,5,2.24,,22,0,,17
71251,867,2634,1574,1060,2.66,2.48,2634,405,524,1050
71253,26,198,136,62,1.93,1.53,198,9,18,118
71254,839,2040,1137,903,2.12,2.56,2040,321,237,900
71256,62,275,234,41,3.57,4.61,275,19,43,191
71259,90,769,651,118,2.3,3.37,769,10,222,429
71260,396,1144,934,210,2.55,1.99,1144,115,78,856
71261,317,636,435,201,2.08,2.08,636,43,116,319
71263,696,2521,2053,468,2.57,2.91,2521,89,750,1303
71264,132,456,364,92,2.04,6.07,456,0,109,255
71266,192,600,466,134,2.65,3.37,600,21,172,294
71268,206,1070,954,116,2.38,3.53,1070,33,271,683
71269,798,4261,2598,1663,2.63,2.92,4261,276,1212,1386
71270,1241,11984,5733,6251,2.81,2.53,11984,1166,2981,2752
71272,21,,,0,,,,0,,
71275,314,1252,854,398,2.51,1.71,1252,100,245,609
71276,55,26,20,6,2.0,4.83,26,0,7,13
71277,231,665,461,204,2.65,3.02,665,26,166,295
71279,,56,,56,,,56,0,,
71280,424,1704,1201,503,3.13,2.56,1704,60,629,572
71282,1197,2826,1662,1164,2.65,3.02,2826,392,573,1089
71286,42,131,131,0,2.27,,131,0,35,96
71291,1960,13793,9183,4610,2.61,2.45,13793,701,5030,4153
71292,1990,7899,5390,2509,2.74,2.55,7899,512,2320,3070
71295,1004,5062,3674,1388,2.41,3.07,5062,267,1323,2351
71301,2225,7572,3594,3978,2.68,2.49,7572,1231,1916,1678
71302,1112,5171,3074,2097,2.6,2.67,5171,836,1181,1893
71303,1192,8709,5069,3640,2.5,2.4,8709,521,2976,2093
71316,31,29,29,0,2.55,,29,0,12,17
71320,86,79,71,8,1.28,,79,0,10,61
71322,783,2209,1339,870,2.15,2.52,2209,303,335,1004
71323,108,312,275,37,2.55,5.46,312,6,63,212
71325,99,655,465,190,2.67,3.23,655,35,108,357
71326,174,305,249,56,2.33,2.7,305,15,93,156
71327,270,1344,981,363,2.85,2.96,1344,53,609,372
71328,360,2886,2606,280,2.48,2.8,2886,184,1161,1445
71330,,29,29,0,1.34,,29,0,9,20
71331,27,395,368,27,2.43,4.48,395,8,192,176
71333,132,239,189,50,2.06,2.28,239,4,93,96
71334,1159,3032,2136,896,2.73,3.26,3032,539,634,1502
71336,199,653,496,157,2.01,2.45,653,13,148,348
71339,,7,7,0,2.0,,7,0,,7
71340,171,391,321,70,2.43,1.67,391,19,61,260
71341,257,1077,689,388,3.62,2.28,1077,14,357,332
71342,910,2467,2052,415,2.63,2.6,2467,121,863,1189
71343,1045,2391,1886,505,2.6,2.65,2391,255,582,1304
71345,,55,,55,,4.05,55,28,,
71346,241,878,658,220,2.52,1.41,878,53,376,282
71350,306,1565,1138,427,2.41,2.37,1565,123,489,649
71351,1158,4578,3062,1516,2.5,2.31,4578,575,1303,1759
71353,239,597,524,73,2.59,1.82,597,76,96,428
71354,270,469,441,28,3.31,2.71,469,35,221,220
71355,324,987,809,178,2.54,2.13,987,44,338,471
71356,24,236,191,45,3.2,,236,37,72,119
71357,519,596,400,196,2.85,3.04,596,47,64,336
71358,126,449,304,145,2.4,2.39,449,37,80,224
71359,,,,0,,,,0,,
71360,1848,13519,8811,4708,2.58,2.63,13519,1096,4838,3973
71362,169,774,568,206,2.68,2.02,774,114,226,342
71366,535,640,464,176,1.94,2.91,640,46,162,302
71367,34,647,549,98,2.49,1.59,647,0,250,299
71368,316,426,291,135,2.88,3.05,426,15,126,165
71369,235,935,682,253,2.17,2.3,935,142,287,395
71371,291,682,600,82,3.71,3.66,682,5,392,208
71373,946,2217,1571,646,2.4,2.88,2217,131,781,790
71375,270,266,166,100,4.85,3.0,266,37,24,142
71378,290,866,581,285,2.27,2.96,866,40,220,361
71401,,17,17,0,1.59,,17,0,17,
71403,681,1494,1199,295,2.69,2.78,1494,93,483,716
71404,121,223,164,59,2.79,2.07,223,31,78,86
71405,301,2067,1703,364,2.86,2.65,2067,100,943,760
71406,,29,13,16,6.46,4.5,29,0,,13
71407,99,375,339,36,2.42,5.11,375,10,65,274
71409,723,1986,1403,583,2.27,3.3,1986,124,671,732
71410,16,25,18,7,4.61,2.43,25,0,8,10
71411,423,1312,617,695,2.87,2.01,1312,116,142,475
71414,31,98,19,79,3.42,2.1,98,2,9,10
71415,22,122,66,56,1.45,3.88,122,7,25,41
71416,164,313,151,162,2.6,2.84,313,8,23,128
71417,513,1790,1260,530,2.85,2.78,1790,266,631,629
71418,1004,1911,1259,652,2.54,3.04,1911,117,446,813
71419,362,629,538,91,2.79,3.97,629,9,255,283
71422,166,598,507,91,2.78,2.55,598,6,167,340
71423,509,1413,1147,266,2.96,3.23,1413,111,512,635
71424,82,468,447,21,2.86,3.52,468,51,193,254
71425,71,10,,10,,2.0,10,0,,
71426,16,42,27,15,3.3,5.0,42,11,10,17
71427,48,93,70,23,2.84,2.48,93,0,9,61
71428,,,,0,,,,0,,
71429,725,1262,897,365,2.48,2.25,1262,80,314,583
71430,81,1066,761,305,2.85,3.1,1066,216,276,485
71432,149,404,345,59,2.55,2.71,404,36,85,260
71433,498,1371,1065,306,2.67,2.42,1371,60,307,758
71434,31,8,8,0,4.63,,8,0,6,2
71435,286,1312,984,328,2.74,2.21,1312,167,450,534
71438,130,519,444,75,2.33,2.53,519,17,222,222
71439,164,667,534,133,3.27,2.71,667,54,152,382
71441,79,341,278,63,2.54,1.41,341,42,,278
71446,2313,8259,5328,2931,2.65,2.45,8259,859,2607,2721
71447,314,493,309,184,2.98,2.03,493,33,69,240
71449,2504,3199,2066,1133,2.78,2.14,3199,304,811,1255
71450,220,420,301,119,2.24,1.47,420,16,18,283
71452,92,93,14,79,2.93,1.62,93,0,4,10
71454,508,839,614,225,2.81,2.11,839,70,187,427
71455,45,82,36,46,3.0,4.59,82,15,,36
71456,218,464,284,180,1.71,2.15,464,58,153,131
71457,2371,9119,4611,4508,2.97,2.58,9119,899,2258,2353
71459,497,3189,5,3184,3.4,2.78,3189,77,5,
71461,170,995,473,522,2.37,2.41,995,113,294,179
71462,332,674,535,139,2.91,2.08,674,38,193,342
71463,980,2862,2019,843,2.24,2.87,2862,242,885,1134
71465,322,1050,828,222,3.25,3.56,1050,70,302,526
71466,,244,194,50,2.05,6.1,244,0,70,124
71467,607,1840,1433,407,2.96,3.25,1840,86,719,714
71468,83,306,215,91,1.88,2.29,306,3,119,96
71469,539,836,495,341,3.22,2.2,836,58,140,355
71472,,82,82,0,4.29,,82,0,46,36
71473,127,158,145,13,2.72,,158,0,83,62
71474,77,147,117,30,2.65,4.03,147,10,63,54
71475,,2,2,0,4.5,,2,0,2,
71479,85,243,182,61,2.37,4.84,243,7,72,110
71480,50,224,199,25,2.44,3.92,224,11,37,162
71483,1261,3235,2062,1173,2.55,2.39,3235,336,723,1339
71485,123,1000,823,177,2.82,3.58,1000,37,422,401
71486,939,1907,1399,508,2.88,2.46,1907,129,523,876
71497,271,230,4,226,3.75,2.45,230,117,,4
71601,1771,4859,2535,2324,2.32,2.81,4859,687,928,1607
71602,1592,5711,3564,2147,2.65,2.8,5711,160,1823,1741
71603,2325,11659,7874,3785,2.53,2.3,11659,995,4012,3862
71630,71,189,149,40,2.28,2.8,189,13,31,118
71631,223,238,202,36,2.9,1.17,238,31,66,136
71635,1280,4184,2935,1249,2.71,2.3,4184,374,1145,1790
71638,297,1143,804,339,2.23,2.62,1143,103,191,613
71639,503,2318,1475,843,2.23,2.77,2318,307,535,940
71640,287,1175,747,428,1.86,3.3,1175,251,205,542
71642,111,271,223,48,3.28,1.17,271,31,61,162
71643,174,478,343,135,2.26,1.87,478,78,60,283
71644,147,223,180,43,1.71,1.84,223,21,103,77
71646,464,2319,1800,519,3.03,1.95,2319,138,614,1186
71647,395,647,476,171,3.06,2.08,647,39,132,344
71651,43,28,28,0,1.25,,28,0,,28
71652,159,356,288,68,2.98,3.63,356,19,91,197
71653,535,1745,1267,478,2.47,2.64,1745,184,570,697
71654,318,1813,1115,698,2.58,2.46,1813,307,579,536
71655,1080,5716,3642,2074,2.38,2.27,5716,547,1937,1705
71658,101,208,153,55,2.6,2.96,208,18,34,119
71659,,11,11,0,,,11,0,11,
71660,70,343,262,81,2.55,2.49,343,0,85,177
71661,78,98,58,40,3.41,2.23,98,5,15,43
71662,55,24,,24,,3.63,24,0,,
71663,97,231,194,37,2.48,3.41,231,18,96,98
71665,595,1871,1486,385,2.83,2.37,1871,200,567,919
71666,,8,,8,,,8,0,,
71667,749,2523,2052,471,2.57,2.61,2523,63,931,1121
71670,113,507,378,129,1.86,2.19,507,22,80,298
71671,800,2912,1823,1089,3.31,2.16,2912,244,797,1026
71674,107,243,193,50,2.5,1.62,243,18,37,156
71675,163,768,684,84,2.3,2.76,768,29,185,499
71676,157,196,150,46,2.91,1.98,196,32,46,104
71677,18,51,45,6,1.93,2.17,51,7,8,37
71678,,,,0,,,,0,,
71701,2126,6560,4548,2012,2.75,2.42,6560,735,2221,2327
71720,267,883,596,287,2.39,2.05,883,107,230,366
71721,,,,0,,,,0,,
71722,6,25,19,6,1.63,,25,4,,19
71724,76,137,97,40,2.59,2.8,137,13,30,67
71725,196,140,111,29,2.0,1.79,140,9,42,69
71726,469,500,449,51,1.9,3.45,500,39,80,369
71728,,24,24,0,2.46,,24,0,24,
71730,2456,11034,7752,3282,2.6,2.67,11034,633,3680,4072
71740,267,417,326,91,3.33,4.68,417,4,186,140
71742,747,1501,1043,458,2.77,2.58,1501,130,367,676
71743,408,1284,851,433,2.75,2.3,1284,73,264,587
71744,630,1054,858,196,2.84,3.06,1054,72,238,620
71745,36,47,45,2,4.07,4.0,47,0,21,24
71747,365,365,346,19,3.37,2.16,365,9,92,254
71748,38,31,31,0,2.42,,31,0,22,9
71749,362,1312,1135,177,2.65,2.03,1312,67,309,826
71751,108,327,307,20,2.47,6.95,327,0,86,221
71752,190,303,224,79,2.02,2.77,303,20,69,155
71753,1930,5540,3698,1842,2.73,2.62,5540,244,1673,2025
71758,131,59,59,0,3.1,,59,0,,59
71759,60,165,164,1,2.49,6.0,165,3,24,140
71762,315,1112,862,250,2.69,2.26,1112,145,363,499
71763,285,577,472,105,2.92,3.09,577,61,189,283
71764,436,520,461,59,3.27,2.61,520,15,163,298
71765,332,941,849,92,2.44,1.17,941,33,333,516
71766,150,180,167,13,3.18,7.15,180,5,38,129
71770,690,1188,1048,140,2.59,2.44,1188,55,244,804
71772,3,7,7,0,2.43,,7,0,,7
71801,1297,5740,3622,2118,2.68,2.8,5740,609,1721,1901
71820,6,38,38,0,3.39,,38,0,32,6
71822,740,3154,2518,636,2.39,2.74,3154,222,1128,1390
71823,6,18,16,2,3.88,2.0,18,0,12,4
71825,51,125,105,20,3.11,4.4,125,0,46,59
71826,152,395,301,94,2.37,2.98,395,57,54,247
71827,50,350,297,53,2.93,1.06,350,21,66,231
71831,7,21,21,0,3.62,,21,0,,21
71832,533,3521,2066,1455,3.06,2.89,3521,146,984,1082
71833,191,806,670,136,2.18,2.02,806,31,247,423
71834,173,555,555,0,2.73,,555,0,89,466
71835,162,355,324,31,2.87,3.03,355,8,98,226
71836,345,1071,901,170,2.76,2.81,1071,81,360,541
71837,314,1541,1266,275,2.84,4.2,1541,35,445,821
71838,208,446,356,90,2.21,2.43,446,17,107,249
71839,77,226,135,91,2.34,1.4,226,55,26,109
71841,247,288,260,28,2.75,2.75,288,45,102,158
71842,207,781,562,219,2.46,3.3,781,49,272,290
71845,419,697,480,217,2.63,2.86,697,39,221,259
71846,299,904,644,260,2.86,2.72,904,28,206,438
71847,141,165,155,10,2.08,3.1,165,50,26,129
71851,191,843,610,233,2.48,2.29,843,46,273,337
71852,600,3935,2691,1244,2.59,2.45,3935,125,1152,1539
71853,33,144,113,31,1.5,2.39,144,4,51,62
71854,2942,13918,8596,5322,2.57,2.4,13918,1343,4088,4508
71855,128,138,119,19,1.96,2.63,138,0,25,94
71857,826,1895,1119,776,2.86,2.34,1895,143,324,795
71858,166,699,587,112,2.73,2.26,699,27,207,380
71859,80,195,145,50,1.59,2.32,195,12,35,110
71860,469,822,673,149,2.34,2.74,822,85,230,443
71861,681,717,572,145,2.69,2.11,717,10,200,372
71862,94,290,236,54,1.89,3.41,290,0,59,177
71864,6,23,21,2,2.29,5.0,23,0,7,14
71865,31,114,81,33,1.83,4.42,114,8,29,52
71866,181,232,188,44,2.69,1.66,232,11,134,54
71901,2837,11829,7331,4498,2.57,2.0,11829,1264,4095,3236
71909,1611,9027,7660,1367,1.93,2.28,9027,420,3249,4411
71913,5030,19744,12674,7070,2.32,2.44,19744,1230,7019,5655
71921,434,1165,914,251,3.29,2.61,1165,25,456,458
71922,15,67,31,36,3.06,2.47,67,0,12,19
71923,1216,5887,3324,2563,2.47,2.01,5887,295,1766,1558
71929,305,1715,1609,106,2.52,3.15,1715,73,1055,554
71933,108,507,353,154,2.31,2.03,507,0,149,204
71935,113,279,268,11,2.06,1.27,279,0,61,207
71937,188,862,662,200,2.58,2.84,862,41,241,421
71940,134,639,530,109,2.43,2.28,639,30,98,432
71941,162,808,647,161,2.38,3.66,808,44,272,375
71942,11,51,45,6,3.22,,51,0,28,17
71943,212,1625,1109,516,2.4,2.29,1625,108,574,535
71944,73,263,212,51,3.02,3.2,263,17,78,134
71945,82,621,467,154,2.09,2.08,621,20,58,409
71949,345,477,352,125,1.87,1.91,477,0,82,270
71950,229,249,179,70,2.03,3.51,249,5,57,122
71952,,17,17,0,2.47,,17,0,,17
71953,1421,5377,4232,1145,2.34,2.7,5377,268,1838,2394
71956,183,632,477,155,2.19,2.38,632,49,166,311
71957,937,1312,996,316,2.2,2.13,1312,53,416,580
71958,495,991,765,226,2.35,2.24,991,17,324,441
71959,93,203,175,28,3.58,2.25,203,20,56,119
71960,202,539,443,96,2.31,2.14,539,39,78,365
71961,173,446,363,83,2.59,2.55,446,8,117,246
71962,127,321,274,47,2.92,2.4,321,19,100,174
71964,85,2002,1732,270,2.42,2.34,2002,70,962,770
71965,56,116,55,61,1.96,2.05,116,21,14,41
71968,479,1998,1734,264,2.75,2.66,1998,29,937,797
71969,47,147,121,26,1.82,2.12,147,0,59,62
71970,189,244,244,0,2.43,,244,0,134,110
71971,65,221,144,77,1.93,1.64,221,11,35,109
71972,19,122,90,32,4.0,1.75,122,4,58,32
71973,143,570,362,208,3.29,2.7,570,63,135,227
71998,26,,,0,,,,0,,
71999,,,,0,,,,0,,
72001,46,292,224,68,2.15,1.9,292,13,55,169
72002,688,7044,6128,916,2.71,3.03,7044,273,4203,1925
72003,49,286,246,40,2.95,2.8,286,13,118,128
72004,99,297,212,85,2.75,2.19,297,21,71,141
72005,21,43,40,3,2.5,,43,0,24,16
72006,280,969,702,267,2.09,2.82,969,60,249,453
72007,328,3207,2666,541,2.81,2.76,3207,36,1894,772
72010,484,2222,1527,695,2.64,2.31,2222,171,626,901
72011,117,1649,1392,257,2.74,3.35,1649,0,702,690
72012,892,4800,3393,1407,2.81,2.5,4800,74,2032,1361
72013,201,860,581,279,2.52,1.89,860,12,308,273
72014,11,16,15,1,2.87,2.0,16,0,10,5
72015,1066,10815,7573,3242,2.45,2.52,10815,608,5215,2358
72016,234,979,761,218,2.53,3.41,979,30,451,310
72017,75,214,139,75,1.92,2.12,214,4,29,110
72019,704,10743,8295,2448,2.72,2.43,10743,200,5293,3002
72020,350,1252,1029,223,2.9,2.36,1252,69,310,719
72021,374,1476,894,582,2.27,2.7,1476,178,303,591
72022,216,7135,4934,2201,2.6,1.93,7135,325,3331,1603
72023,927,13635,9623,4012,2.68,2.6,13635,420,6484,3139
72024,259,1567,1312,255,2.63,2.62,1567,77,645,667
72025,61,310,282,28,2.35,2.46,310,7,60,222
72026,96,65,44,21,2.64,5.33,65,0,11,33
72027,42,587,476,111,2.63,1.55,587,81,154,322
72028,,,,0,,,,0,,
72029,234,639,390,249,3.21,2.01,639,129,115,275
72030,7,396,339,57,2.07,2.91,396,0,137,202
72031,974,2662,1892,770,2.62,1.87,2662,306,783,1109
72032,1400,12940,7789,5151,2.56,2.41,12940,642,5057,2732
72034,1971,19259,9445,9814,2.64,2.18,19259,958,6588,2857
72035,,,,0,,,,0,,
72036,169,269,170,99,2.4,1.89,269,38,21,149
72038,29,53,47,6,2.0,,53,0,17,30
72039,133,835,713,122,3.01,2.5,835,49,364,349
72040,199,993,641,352,2.31,2.0,993,30,288,353
72041,184,525,402,123,2.17,2.96,525,33,85,317
72042,472,2059,1498,561,2.33,2.44,2059,155,501,997
72044,345,440,398,42,3.08,2.02,440,0,205,193
72045,151,509,446,63,2.21,3.3,509,13,205,241
72046,301,1636,1040,596,2.49,2.45,1636,66,428,612
72047,91,323,280,43,2.79,1.35,323,34,129,151
72048,42,18,18,0,4.28,,18,0,6,12
72051,129,151,108,43,4.28,1.53,151,43,36,72
72052,12,38,28,10,2.5,4.4,38,6,19,9
72053,25,62,24,38,2.63,3.29,62,38,,24
72055,127,261,206,55,2.27,3.35,261,3,68,138
72057,86,479,438,41,2.65,3.78,479,0,82,356
72058,590,6484,5073,1411,2.93,2.71,6484,274,3378,1695
72059,40,27,27,0,1.7,,27,15,12,15
72060,78,257,231,26,2.28,2.15,257,8,55,176
72061,19,37,37,0,2.08,,37,0,13,24
72063,90,714,592,122,2.37,3.0,714,41,183,409
72064,185,1018,768,250,2.7,2.64,1018,18,426,342
72065,397,1963,1622,341,2.83,2.8,1963,78,1089,533
72066,,52,29,23,4.48,2.87,52,0,,29
72067,1625,1253,964,289,1.97,2.21,1253,61,407,557
72068,40,307,183,124,2.77,3.68,307,5,86,97
72069,350,484,321,163,2.09,2.11,484,60,73,248
72070,307,713,586,127,2.49,3.59,713,132,213,373
72072,43,140,126,14,2.32,2.0,140,7,47,79
72073,237,294,197,97,2.8,2.91,294,21,105,92
72074,23,39,35,4,3.4,,39,4,22,13
72075,2,1,1,0,3.0,,1,0,,1
72076,2586,15490,8216,7274,2.67,2.33,15490,1078,5042,3174
72079,46,165,165,0,3.15,,165,0,82,83
72080,67,199,194,5,2.24,,199,0,83,111
72081,269,2822,1857,965,2.68,2.63,2822,160,891,966
72082,117,821,400,421,3.38,2.08,821,78,127,273
72083,24,87,60,27,2.45,2.48,87,5,20,40
72084,139,373,302,71,3.42,3.31,373,10,84,218
72085,4,113,61,52,2.03,2.9,113,18,21,40
72086,405,4348,3236,1112,2.67,2.68,4348,463,1826,1410
72087,87,639,613,26,2.54,2.69,639,155,223,390
72088,878,1383,1218,165,1.66,1.13,1383,63,469,749
72099,,,,0,,,,0,,
72101,172,1249,866,383,2.63,2.09,1249,106,407,459
72102,107,1130,952,178,2.51,2.26,1130,55,532,420
72103,681,5248,4174,1074,2.7,2.94,5248,191,2193,1981
72104,1498,8223,6022,2201,2.64,2.53,8223,412,3144,2878
72106,462,2120,1645,475,2.83,2.71,2120,107,950,695
72107,22,21,21,0,2.19,,21,0,13,8
72108,21,,,0,,,,0,,
72110,598,4684,2535,2149,2.57,2.29,4684,491,1275,1260
72111,89,464,416,48,2.7,2.46,464,15,266,150
72112,633,3771,2379,1392,2.42,2.12,3771,315,1021,1358
72113,749,11348,6625,4723,2.65,2.04,11348,251,4516,2109
72114,1680,4849,1310,3539,2.28,2.04,4849,1142,516,794
72116,789,9388,6376,3012,2.31,1.94,9388,524,3913,2463
72117,1156,5465,3447,2018,2.62,2.62,5465,494,2459,988
72118,1174,8992,5260,3732,2.42,2.44,8992,578,3185,2075
72119,,,,0,,,,0,,
72120,1341,13654,9672,3982,2.51,2.27,13654,272,6759,2913
72121,315,1201,898,303,2.58,2.66,1201,96,547,351
72122,,440,410,30,2.5,2.57,440,0,123,287
72123,44,129,85,44,2.64,2.0,129,21,37,48
72125,70,306,240,66,2.65,2.41,306,14,97,143
72126,485,1330,990,340,3.0,2.33,1330,68,491,499
72127,168,950,801,149,2.25,2.77,950,20,389,412
72128,52,274,205,69,2.97,2.26,274,4,115,90
72129,84,457,416,41,2.87,1.41,457,2,103,313
72130,31,140,99,41,3.58,1.46,140,12,17,82
72131,621,1831,1505,326,2.23,2.9,1831,30,573,932
72132,203,1256,964,292,2.67,3.13,1256,28,427,537
72133,52,12,,12,,,12,0,,
72134,67,238,200,38,1.72,4.45,238,0,113,87
72135,93,1376,1178,198,2.51,2.0,1376,0,663,515
72136,,769,636,133,2.73,4.77,769,14,154,482
72137,121,799,679,120,2.69,3.45,799,42,285,394
72139,13,118,56,62,2.0,2.84,118,11,23,33
72140,86,106,86,20,2.9,3.85,106,0,35,51
72141,98,171,116,55,3.09,2.84,171,0,55,61
72142,227,933,838,95,2.38,3.47,933,15,419,419
72143,2094,12595,7997,4598,2.54,2.27,12595,951,4662,3335
72150,589,4767,3492,1275,2.51,2.67,4767,171,1821,1671
72152,52,264,164,100,1.51,2.39,264,23,99,65
72153,451,1280,1118,162,3.01,1.88,1280,34,709,409
72156,11,230,213,17,2.38,,230,0,166,47
72157,107,478,383,95,2.37,2.72,478,18,144,239
72160,1002,3546,2114,1432,2.86,2.31,3546,394,1147,967
72165,,28,16,12,2.06,4.33,28,0,,16
72166,165,73,69,4,2.58,,73,0,14,55
72167,73,566,503,63,2.47,2.38,566,52,290,213
72168,95,72,61,11,4.15,2.73,72,2,18,43
72169,10,34,29,5,2.41,2.0,34,2,1,28
72170,7,135,125,10,2.01,1.9,135,0,78,47
72173,294,3522,3075,447,2.74,2.85,3522,55,1704,1371
72175,66,148,92,56,2.46,3.75,148,2,20,72
72176,322,3183,2125,1058,2.91,2.99,3183,91,1659,466
72178,3,17,17,0,1.82,,17,0,2,15
72179,77,140,117,23,2.7,,140,0,50,67
72180,,20,20,0,4.65,,20,0,8,12
72181,,6,6,0,,,6,0,,6
72182,82,81,57,24,1.4,,81,0,19,38
72183,,,,0,,,,0,,
72199,,,,0,,,,0,,
72201,74,553,136,417,1.57,1.59,553,93,92,44
72202,1969,5219,1559,3660,2.15,1.6,5219,722,849,710
72204,2308,12219,7146,5073,2.36,2.47,12219,1570,4130,3016
72205,1868,10422,5001,5421,2.1,1.86,10422,873,3363,1638
72206,2073,8300,5454,2846,2.65,2.51,8300,1122,2569,2885
72207,665,5329,3771,1558,2.22,1.94,5329,143,2369,1402
72209,1900,11739,5365,6374,2.76,2.93,11739,1167,3518,1847
72210,585,6197,3818,2379,2.48,2.24,6197,304,2290,1528
72211,1285,10803,5686,5117,2.35,1.95,10803,470,3987,1699
72212,174,5111,4418,693,2.48,2.69,5111,157,2773,1645
72223,772,10790,6643,4147,2.63,1.97,10790,224,4588,2055
72227,668,5032,3305,1727,2.56,2.03,5032,329,2311,994
72301,1312,9796,4569,5227,2.4,2.55,9796,1406,2727,1842
72311,20,36,31,5,1.84,1.4,36,2,15,16
72313,,,,0,,,,0,,
72315,2277,7927,4638,3289,2.64,2.46,7927,751,2447,2191
72320,63,30,30,0,2.83,,30,0,5,25
72322,5,17,17,0,2.71,,17,0,4,13
72324,255,878,629,249,2.51,2.46,878,61,271,358
72325,,3,1,2,4.0,4.0,3,0,1,
72326,105,946,597,349,2.42,2.17,946,58,244,353
72327,102,561,434,127,2.76,1.72,561,55,186,248
72328,15,16,,16,,2.75,16,0,,
72329,,,,0,,,,0,,
72330,67,172,135,37,3.6,3.32,172,16,45,90
72331,335,929,507,422,2.5,2.67,929,208,204,303
72332,,46,7,39,1.43,3.38,46,20,5,2
72333,43,165,116,49,2.05,2.1,165,29,33,83
72335,1075,5424,2568,2856,2.45,2.69,5424,854,1077,1491
72338,,14,5,9,,,14,0,,5
72339,6,74,62,12,2.27,1.33,74,6,8,54
72340,25,42,42,0,2.14,,42,0,,42
72341,25,92,41,51,2.22,2.18,92,2,2,39
72342,770,1626,558,1068,2.6,2.25,1626,470,261,297
72346,34,209,180,29,2.9,3.07,209,16,44,136
72347,42,319,198,121,2.47,3.12,319,4,82,116
72348,466,1007,644,363,2.4,1.76,1007,129,406,238
72350,57,405,230,175,2.29,2.64,405,54,97,133
72351,133,300,166,134,2.32,2.64,300,10,49,117
72352,3,5,5,0,1.2,,5,0,5,
72353,22,13,13,0,1.46,,13,0,,13
72354,194,866,574,292,2.51,3.13,866,63,248,326
72355,162,816,583,233,2.45,2.09,816,74,147,436
72358,121,487,309,178,2.92,2.74,487,67,67,242
72359,43,153,91,62,1.47,2.42,153,23,49,42
72360,736,1975,1099,876,2.31,3.11,1975,481,324,775
72364,563,5792,4008,1784,2.81,2.67,5792,109,2882,1126
72365,208,996,655,341,2.4,2.26,996,122,227,428
72366,272,849,566,283,2.59,2.74,849,49,127,439
72367,7,,,0,,,,0,,
72368,116,441,345,96,2.63,3.45,441,43,124,221
72369,,,,0,,,,0,,
72370,614,2829,1332,1497,2.61,2.54,2829,522,593,739
72372,53,668,495,173,2.7,2.23,668,75,179,316
72373,186,368,200,168,2.43,2.55,368,90,46,154
72374,18,260,196,64,2.09,3.38,260,0,87,109
72376,75,584,502,82,2.65,1.5,584,10,141,361
72377,,23,,23,,,23,23,,
72379,22,6,6,0,1.83,,6,0,,6
72383,,44,44,0,1.59,,44,0,,44
72384,75,277,165,112,3.34,2.41,277,33,80,85
72386,172,616,443,173,2.56,2.67,616,35,178,265
72387,,,,0,,,,0,,
72389,13,190,110,80,1.95,3.96,190,47,20,90
72390,954,2473,1225,1248,2.7,3.27,2473,339,442,783
72391,,18,18,0,2.78,,18,0,18,
72392,26,171,141,30,3.33,3.53,171,31,17,124
72394,115,104,78,26,2.78,5.0,104,3,28,50
72395,73,515,316,199,2.23,2.9,515,43,231,85
72396,779,4748,3115,1633,2.72,2.47,4748,362,1682,1433
72401,1932,16785,7756,9029,2.59,2.27,16785,1646,4097,3659
72404,927,11396,7645,3751,2.64,2.53,11396,429,5304,2341
72405,529,5950,3884,2066,2.74,2.68,5950,156,2450,1434
72410,54,135,85,50,2.41,2.5,135,0,37,48
72411,111,1058,594,464,2.87,2.83,1058,14,245,349
72412,32,204,196,8,2.41,,204,0,41,155
72413,115,245,190,55,1.98,2.89,245,13,55,135
72414,16,142,83,59,2.4,1.98,142,3,40,43
72415,100,398,335,63,3.29,2.84,398,17,145,190
72416,316,1973,1464,509,2.7,2.22,1973,19,843,621
72417,135,2018,1304,714,2.98,2.28,2018,48,822,482
72419,76,690,499,191,2.72,2.19,690,64,173,326
72421,66,143,69,74,3.57,3.41,143,7,35,34
72422,617,1799,1189,610,2.26,2.9,1799,190,488,701
72424,4,34,25,9,2.04,4.78,34,0,11,14
72425,12,132,128,4,2.59,3.5,132,4,49,79
72426,,68,48,20,2.48,1.1,68,4,16,32
72427,11,22,17,5,1.59,3.4,22,0,10,7
72428,3,53,20,33,3.85,1.15,53,0,16,4
72429,82,122,71,51,2.18,1.24,122,1,15,56
72430,35,182,134,48,2.54,2.52,182,2,23,111
72431,52,167,114,53,2.66,2.13,167,4,20,94
72432,261,2290,1656,634,2.88,2.62,2290,189,657,999
72433,163,1053,665,388,2.55,2.19,1053,72,226,439
72434,24,847,746,101,2.57,2.18,847,20,230,516
72435,37,161,148,13,1.66,1.77,161,11,68,80
72436,26,342,298,44,2.6,5.27,342,6,97,201
72437,180,1313,972,341,2.37,2.41,1313,43,490,482
72438,122,930,590,340,2.66,2.86,930,26,195,395
72440,30,80,67,13,2.0,2.31,80,6,30,37
72441,12,16,16,0,1.25,,16,0,,16
72442,154,1702,1118,584,2.81,2.28,1702,85,565,553
72443,167,1323,884,439,2.36,2.7,1323,51,452,432
72444,170,656,541,115,2.51,2.05,656,23,236,305
72445,4,17,13,4,2.0,2.0,17,0,7,6
72447,105,737,505,232,2.5,2.43,737,34,204,301
72449,22,64,44,20,2.57,2.05,64,5,22,22
72450,1180,15127,9656,5471,2.6,2.49,15127,777,5648,4008
72453,75,66,66,0,1.76,,66,1,8,58
72454,347,2039,1403,636,2.16,2.48,2039,72,635,768
72455,635,5178,3700,1478,2.54,2.65,5178,319,1591,2109
72456,70,218,192,26,2.07,1.88,218,2,65,127
72457,15,99,92,7,2.48,1.57,99,2,65,27
72458,93,195,186,9,2.83,5.78,195,0,89,97
72459,342,596,486,110,2.28,1.68,596,26,152,334
72460,108,331,236,95,1.98,1.89,331,4,75,161
72461,192,1508,1086,422,2.49,2.44,1508,113,393,693
72462,59,163,73,90,3.04,2.13,163,12,27,46
72464,4,7,5,2,1.4,4.5,7,0,2,3
72466,137,402,326,76,3.08,3.08,402,0,98,228
72467,65,41,,41,,1.98,41,0,,
72469,101,470,385,85,2.43,2.92,470,24,129,256
72470,20,102,82,20,2.29,2.1,102,3,15,67
72471,36,390,279,111,2.87,4.36,390,6,115,164
72472,378,3799,2283,1516,2.4,2.41,3799,344,1014,1269
72473,192,908,699,209,2.47,2.57,908,37,339,360
72476,529,2821,1694,1127,2.42,2.43,2821,198,779,915
72478,,101,101,0,1.9,,101,0,54,47
72479,177,506,307,199,2.51,2.65,506,9,123,184
72482,335,511,428,83,2.67,3.2,511,64,161,267
72501,1327,9852,6532,3320,2.71,2.41,9852,746,3981,2551
72512,248,873,692,181,2.61,3.28,873,30,354,338
72513,216,1103,836,267,2.27,2.04,1103,64,337,499
72515,,,,0,,,,0,,
72517,43,102,102,0,2.56,,102,0,55,47
72519,484,936,749,187,2.46,2.49,936,42,323,426
72520,21,263,263,0,1.28,,263,0,71,192
72521,346,1904,1301,603,2.82,2.78,1904,125,504,797
72522,,194,140,54,1.58,3.15,194,0,60,80
72523,169,426,366,60,2.37,1.58,426,47,93,273
72524,61,177,93,84,1.2,3.35,177,0,,93
72526,10,34,25,9,1.4,2.67,34,0,,25
72527,60,201,169,32,2.72,2.63,201,0,122,47
72528,13,153,130,23,1.81,,153,23,42,88
72529,990,2002,1684,318,2.29,3.61,2002,45,748,936
72530,475,622,581,41,1.94,2.37,622,19,287,294
72531,572,271,256,15,2.46,5.33,271,0,88,168
72532,263,426,360,66,2.54,1.59,426,6,113,247
72533,58,133,112,21,1.89,2.71,133,4,15,97
72534,82,594,561,33,2.5,2.0,594,0,244,317
72536,45,118,102,16,2.0,8.06,118,1,49,53
72537,265,355,281,74,2.04,2.34,355,57,106,175
72538,22,327,307,20,3.02,4.0,327,0,109,198
72539,,129,129,0,2.64,,129,0,70,59
72540,39,35,21,14,3.29,2.64,35,0,9,12
72542,726,1558,1414,144,2.34,2.22,1558,92,716,698
72543,1300,5329,3813,1516,2.28,2.58,5329,98,1633,2180
72544,356,384,324,60,1.62,2.25,384,45,128,196
72546,12,32,32,0,1.63,,32,0,22,10
72550,41,296,293,3,2.29,,296,0,33,260
72553,2,76,67,9,3.28,2.0,76,0,60,7
72554,581,1035,896,139,2.9,2.72,1035,54,416,480
72555,64,138,105,33,1.63,2.0,138,0,49,56
72556,618,1296,906,390,3.06,2.28,1296,209,469,437
72560,1535,3175,2168,1007,2.73,1.88,3175,284,817,1351
72561,120,208,182,26,3.45,2.08,208,15,95,87
72562,198,957,643,314,2.18,2.94,957,89,326,317
72564,125,139,116,23,2.73,2.39,139,5,74,42
72565,110,306,263,43,3.15,2.4,306,6,164,99
72566,117,199,188,11,2.47,4.64,199,0,61,127
72567,15,88,73,15,3.42,2.67,88,0,28,45
72568,164,432,353,79,2.7,4.03,432,8,138,215
72569,99,210,181,29,2.78,3.14,210,0,89,92
72571,41,193,193,0,1.93,,193,0,151,42
72572,5,147,94,53,2.47,2.17,147,4,14,80
72573,24,133,111,22,3.5,2.27,133,0,53,58
72576,398,1333,891,442,2.27,2.28,1333,109,478,413
72577,155,339,221,118,3.21,1.79,339,1,112,109
72578,,80,80,0,2.03,,80,0,,80
72579,100,549,401,148,2.29,2.69,549,15,226,175
72581,302,585,535,50,1.87,1.96,585,0,339,196
72583,138,595,480,115,3.15,3.77,595,25,300,180
72584,98,92,92,0,3.29,,92,0,71,21
72585,60,100,100,0,1.99,,100,0,34,66
72587,61,6,6,0,2.0,,6,0,,6
72601,1368,12270,8381,3889,2.46,2.24,12270,722,4398,3983
72611,124,641,515,126,2.77,3.08,641,9,144,371
72615,7,13,9,4,4.11,1.75,13,0,6,3
72616,577,3831,2923,908,2.59,2.89,3831,193,1428,1495
72617,94,80,79,1,5.44,2.0,80,12,52,27
72619,387,766,558,208,2.51,1.43,766,63,283,275
72623,11,295,295,0,2.94,,295,6,193,102
72624,62,123,107,16,3.4,3.38,123,0,38,69
72626,200,749,619,130,2.17,1.58,749,30,251,368
72628,81,405,356,49,2.31,2.49,405,27,139,217
72629,52,215,201,14,2.06,1.5,215,0,34,167
72630,21,55,44,11,1.93,2.45,55,0,24,20
72631,963,2025,1675,350,2.25,1.49,2025,19,748,927
72632,644,2070,1551,519,2.1,2.24,2070,152,834,717
72633,189,790,744,46,2.56,3.63,790,40,293,451
72634,514,1724,1324,400,2.23,2.9,1724,73,669,655
72635,180,1415,1014,401,2.37,2.8,1415,11,537,477
72636,14,5,5,0,1.0,,5,0,1,4
72638,476,2588,1758,830,2.98,2.43,2588,136,766,992
72639,107,233,167,66,3.02,3.55,233,38,28,139
72640,26,237,237,0,2.95,,237,0,120,117
72641,357,831,563,268,2.92,1.88,831,27,301,262
72642,107,1011,869,142,1.89,2.09,1011,27,503,366
72644,293,1028,901,127,2.68,1.72,1028,8,373,528
72645,381,652,462,190,2.43,2.63,652,62,135,327
72648,125,114,80,34,3.31,4.68,114,9,66,14
72650,822,1683,1253,430,2.59,2.24,1683,93,325,928
72651,84,571,413,158,2.01,3.53,571,0,207,206
72653,1833,13065,9543,3522,2.14,2.15,13065,614,4440,5103
72655,92,191,158,33,1.86,1.94,191,0,20,138
72658,260,575,477,98,2.08,2.84,575,28,181,296
72660,13,273,264,9,2.31,4.22,273,2,147,117
72661,131,377,341,36,2.46,,377,0,111,230
72662,350,1042,691,351,2.81,2.31,1042,99,228,463
72663,,98,75,23,2.92,1.09,98,0,41,34
72666,153,64,64,0,1.83,,64,0,18,46
72668,122,109,109,0,2.55,,109,0,65,44
72669,23,42,40,2,2.9,2.5,42,3,9,31
72670,52,49,38,11,2.95,6.45,49,0,8,30
72672,97,108,88,20,2.67,2.4,108,0,38,50
72675,447,559,409,150,2.47,3.01,559,42,118,291
72677,41,254,209,45,2.62,3.82,254,8,66,143
72679,34,9,,9,,,9,0,,
72680,149,341,257,84,2.42,3.42,341,23,48,209
72682,80,53,48,5,2.71,2.4,53,0,32,16
72683,54,146,61,85,2.92,2.67,146,0,19,42
72685,102,468,400,68,2.65,3.07,468,8,193,207
72686,69,73,73,0,3.1,,73,0,9,64
72687,714,2933,2305,628,2.36,2.68,2933,113,874,1431
72701,1997,17206,7352,9854,2.56,2.2,17206,1079,4818,2534
72703,1128,15642,6188,9454,2.52,1.94,15642,1199,3922,2266
72704,934,11967,7141,4826,2.45,2.12,11967,303,4599,2542
72712,1436,13964,7951,6013,2.95,2.26,13964,680,5768,2183
72713,486,8231,4375,3856,2.94,2.43,8231,120,3437,938
72714,342,5486,4765,721,2.62,2.15,5486,56,3395,1370
72715,972,7067,6233,834,2.28,2.23,7067,138,3422,2811
72717,,495,358,137,2.36,2.85,495,0,60,298
72718,126,1601,1511,90,2.99,2.6,1601,0,1103,408
72719,321,5780,3930,1850,2.87,2.76,5780,158,3138,792
72721,,236,215,21,2.35,2.1,236,0,59,156
72722,154,1034,644,390,2.53,2.83,1034,57,327,317
72727,230,2541,2066,475,2.6,2.53,2541,32,1088,978
72729,10,98,98,0,1.06,,98,0,71,27
72730,224,3597,2923,674,2.99,2.04,3597,103,2098,825
72732,782,2043,1856,187,2.64,2.4,2043,34,853,1003
72734,227,3398,2414,984,2.48,3.45,3398,100,1397,1017
72736,254,2493,2028,465,3.18,3.3,2493,103,1185,843
72738,221,779,696,83,2.97,4.58,779,11,334,362
72739,81,215,117,98,2.63,2.03,215,7,49,68
72740,905,3257,2617,640,2.83,3.26,3257,199,1035,1582
72742,79,265,252,13,1.7,1.08,265,12,219,33
72744,242,1783,1197,586,2.69,2.54,1783,57,596,601
72745,265,4640,3122,1518,2.98,2.74,4640,41,2122,1000
72747,,46,46,0,1.83,,46,0,,46
72749,,65,26,39,9.23,5.33,65,0,26,
72751,76,3052,2227,825,2.9,2.87,3052,151,1464,763
72752,54,119,75,44,1.43,,119,27,50,25
72753,383,3640,2631,1009,2.68,2.71,3640,108,1611,1020
72756,1744,15360,9613,5747,2.77,2.45,15360,457,5652,3961
72758,1181,15243,9138,6105,3.05,2.55,15243,367,6497,2641
72760,19,108,94,14,3.27,2.29,108,1,52,42
72761,815,7562,4778,2784,2.68,2.66,7562,258,3012,1766
72762,700,14821,10489,4332,3.03,2.72,14821,413,6642,3847
72764,1370,19337,8758,10579,3.08,2.91,19337,801,5566,3192
72768,104,450,310,140,2.37,3.66,450,24,146,164
72769,93,440,345,95,3.23,2.54,440,7,162,183
72773,133,530,426,104,2.92,2.09,530,13,230,196
72774,283,2584,2098,486,2.76,2.82,2584,93,1297,801
72776,37,322,301,21,2.36,1.86,322,0,122,179
72801,1080,6222,2778,3444,2.63,2.44,6222,690,1591,1187
72802,974,8726,7337,1389,2.59,2.88,8726,243,4119,3218
72821,121,675,442,233,2.73,2.99,675,39,155,287
72823,354,2299,1687,612,2.54,2.51,2299,51,907,780
72824,229,676,367,309,3.37,2.74,676,61,154,213
72826,6,1,1,0,4.0,,1,0,,1
72827,10,75,46,29,2.35,,75,0,27,19
72828,,65,6,59,2.33,1.37,65,0,6,
72829,20,,,0,,,,0,,
72830,797,6147,3836,2311,2.78,2.23,6147,315,2020,1816
72832,36,325,214,111,2.72,1.69,325,44,95,119
72833,263,1225,774,451,2.67,3.45,1225,71,371,403
72834,508,3593,2540,1053,2.81,2.4,3593,277,1286,1254
72835,26,316,281,35,2.56,2.51,316,9,107,174
72837,636,3145,2454,691,2.43,2.62,3145,115,1261,1193
72838,,102,102,0,2.3,,102,0,40,62
72839,94,192,160,32,2.29,3.28,192,8,42,118
72840,128,801,638,163,2.47,3.07,801,100,253,385
72841,,93,59,34,3.29,1.94,93,0,,59
72842,233,411,334,77,2.72,2.52,411,7,89,245
72843,210,843,725,118,2.71,2.61,843,3,304,421
72845,69,357,333,24,2.09,2.96,357,7,162,171
72846,201,1422,1199,223,2.65,1.98,1422,28,653,546
72847,124,1121,1020,101,2.79,3.01,1121,3,403,617
72851,117,300,282,18,2.07,1.44,300,7,69,213
72852,98,65,57,8,1.81,5.63,65,0,,57
72853,212,950,668,282,2.61,2.21,950,42,230,438
72854,176,238,200,38,2.45,3.47,238,0,42,158
72855,363,2433,1746,687,2.54,2.16,2433,130,877,869
72856,102,104,104,0,3.08,,104,0,28,76
72857,230,619,470,149,2.26,1.74,619,28,261,209
72858,129,1188,1006,182,2.56,2.84,1188,14,698,308
72860,100,49,42,7,1.55,,49,0,,42
72863,91,619,534,85,2.92,1.54,619,16,252,282
72865,51,481,417,64,2.5,1.94,481,1,185,232
72901,1251,9046,3927,5119,2.4,2.23,9046,1223,1911,2016
72903,1010,11024,5588,5436,2.45,2.1,11024,879,3086,2502
72904,636,7848,3985,3863,2.92,2.81,7848,421,2234,1751
72905,,,,0,,,,0,,
72908,391,5875,3804,2071,2.3,2.22,5875,362,2231,1573
72916,344,4292,3008,1284,2.63,2.55,4292,9,1602,1406
72921,611,4586,3404,1182,2.62,3.31,4586,165,2099,1305
72923,242,2048,1324,724,2.15,2.49,2048,0,897,427
72926,20,260,190,70,3.72,1.6,260,10,77,113
72927,580,3067,1884,1183,2.57,2.78,3067,274,908,976
72928,37,340,274,66,2.36,1.41,340,22,55,219
72930,103,112,98,14,1.73,3.21,112,0,32,66
72932,83,647,621,26,2.36,3.04,647,6,391,230
72933,243,2029,1593,436,2.57,2.18,2029,119,798,795
72934,16,507,496,11,2.31,1.82,507,32,98,398
72935,43,231,153,78,2.26,2.32,231,12,36,117
72936,442,5547,4326,1221,2.56,2.14,5547,152,2547,1779
72937,179,1405,1108,297,2.21,2.69,1405,46,466,642
72938,116,504,416,88,2.44,2.92,504,16,115,301
72940,160,584,490,94,2.54,3.43,584,17,209,281
72941,149,1875,1548,327,2.76,2.35,1875,57,884,664
72943,220,992,761,231,2.51,2.87,992,50,407,354
72944,233,1072,840,232,2.49,2.73,1072,78,414,426
72945,16,174,71,103,2.27,1.59,174,6,27,44
72946,275,1249,1173,76,2.67,1.61,1249,26,706,467
72947,288,1293,1128,165,2.47,2.32,1293,51,494,634
72948,144,64,64,0,2.36,,64,0,32,32
72949,627,3953,2702,1251,2.5,2.45,3953,199,1385,1317
72950,53,275,196,79,2.01,2.34,275,0,132,64
72951,80,317,259,58,2.08,3.05,317,14,119,140
72952,112,943,908,35,2.21,2.11,943,31,338,570
72955,54,132,122,10,7.13,2.4,132,0,107,15
72956,1045,13296,9443,3853,2.67,2.47,13296,569,5291,4152
72958,758,2699,1965,734,2.5,2.31,2699,241,824,1141
72959,323,1172,1088,84,2.46,3.02,1172,24,315,773
73001,17,20,11,9,2.36,2.67,20,3,,11
73002,71,381,335,46,2.96,2.72,381,6,107,228
73003,615,9176,5424,3752,2.48,2.57,9176,368,3801,1623
73004,68,326,269,57,2.45,3.28,326,2,143,126
73005,750,2958,1921,1037,2.77,3.14,2958,336,750,1171
73006,350,1068,829,239,2.69,2.11,1068,66,251,578
73007,72,1074,958,116,2.44,1.69,1074,14,524,434
73008,973,8023,4421,3602,2.5,2.69,8023,453,2432,1989
73009,105,380,297,83,2.34,2.05,380,14,76,221
73010,387,6640,5678,962,2.97,2.86,6640,93,3738,1940
73011,52,232,216,16,2.69,2.0,232,9,74,142
73012,643,14450,11598,2852,2.91,2.88,14450,231,8938,2660
73013,1575,20754,16022,4732,2.67,2.65,20754,617,10995,5027
73014,77,434,351,83,3.06,3.06,434,12,157,194
73015,353,937,689,248,2.67,2.96,937,110,230,459
73016,62,702,619,83,3.34,2.95,702,0,419,200
73017,142,498,380,118,2.75,3.13,498,30,93,287
73018,1548,7782,4749,3033,2.39,2.55,7782,582,2363,2386
73019,,,,0,,,,0,,
73020,474,8983,7800,1183,2.75,3.12,8983,298,4614,3186
73021,53,107,88,19,2.24,1.68,107,0,25,63
73022,,,,0,,,,0,,
73024,58,220,182,38,2.66,2.39,220,3,78,104
73025,175,5068,4920,148,3.18,2.07,5068,100,3560,1360
73026,246,4165,3827,338,2.63,2.69,4165,43,2188,1639
73027,241,560,421,139,1.92,3.93,560,18,124,297
73028,203,1537,1162,375,2.4,2.84,1537,68,520,642
73029,160,518,426,92,2.84,4.15,518,10,198,228
73030,401,1566,1000,566,2.81,2.71,1566,64,481,519
73031,,21,18,3,1.11,2.0,21,0,4,14
73032,19,78,50,28,3.08,1.64,78,5,14,36
73033,31,140,93,47,4.49,3.28,140,4,29,64
73034,1191,16712,12163,4549,2.8,2.31,16712,522,8034,4129
73036,861,7107,4276,2831,2.63,2.56,7107,411,2080,2196
73038,391,642,544,98,2.57,2.46,642,32,193,351
73040,167,623,410,213,1.99,1.98,623,33,234,176
73041,70,135,117,18,2.72,1.39,135,0,41,76
73042,129,381,291,90,2.59,3.07,381,17,83,208
73043,8,72,67,5,2.04,3.8,72,0,7,60
73044,1112,8739,7044,1695,2.72,2.36,8739,380,3819,3225
73045,516,3962,3174,788,2.72,2.72,3962,114,1719,1455
73047,458,1292,923,369,2.88,2.76,1292,60,418,505
73048,173,961,752,209,2.5,2.67,961,15,249,503
73049,259,2256,1805,451,2.78,2.73,2256,44,1035,770
73050,64,89,35,54,2.83,4.43,89,5,4,31
73051,437,2795,2152,643,2.51,2.71,2795,67,1045,1107
73052,504,2378,1722,656,2.56,2.78,2378,62,611,1111
73053,58,237,187,50,3.01,2.86,237,11,60,127
73054,154,1736,1568,168,2.48,3.68,1736,5,676,892
73055,646,3760,3006,754,2.51,2.97,3760,113,1325,1681
73056,30,210,205,5,2.45,3.8,210,11,59,146
73057,181,911,705,206,2.39,2.82,911,23,246,459
73058,60,60,58,2,3.14,,60,0,15,43
73059,162,1135,801,334,2.62,1.98,1135,39,353,448
73061,128,683,574,109,2.57,2.38,683,9,290,284
73062,192,533,411,122,2.28,1.97,533,18,128,283
73063,23,316,291,25,2.2,1.68,316,40,96,195
73064,382,9504,7652,1852,2.75,2.52,9504,254,5495,2157
73065,247,3598,3009,589,2.83,2.05,3598,45,2136,873
73066,13,48,26,22,1.92,5.59,48,0,,26
73067,184,684,609,75,2.74,3.11,684,10,272,337
73068,436,4476,3434,1042,2.69,2.78,4476,88,1901,1533
73069,1179,10946,5371,5575,2.56,2.18,10946,847,3464,1907
73070,,,,0,,,,0,,
73071,1288,17735,8339,9396,2.48,2.39,17735,1240,5534,2805
73072,1587,18817,10423,8394,2.45,1.98,18817,741,5936,4487
73073,68,316,286,30,1.69,2.03,316,5,190,96
73074,74,427,296,131,2.88,2.99,427,15,150,146
73075,827,3687,2330,1357,2.59,2.42,3687,213,957,1373
73077,560,2312,1791,521,2.53,3.31,2312,27,931,860
73078,126,4184,3946,238,2.77,2.94,4184,58,2551,1395
73079,68,192,153,39,2.5,2.92,192,5,65,88
73080,302,3676,2537,1139,2.76,2.52,3676,57,1351,1186
73082,229,1141,876,265,2.54,2.51,1141,29,311,565
73084,470,2741,1913,828,2.34,2.23,2741,280,870,1043
73086,1155,2999,2274,725,2.66,3.06,2999,92,971,1303
73089,225,4727,4202,525,2.91,3.19,4727,17,2680,1522
73090,66,223,155,68,2.76,2.37,223,0,67,88
73092,61,304,227,77,2.59,2.99,304,9,80,147
73093,157,1240,1022,218,2.86,2.92,1240,24,612,410
73095,129,796,653,143,2.51,3.04,796,14,299,354
73096,721,5188,2881,2307,2.7,2.22,5188,108,1700,1181
73097,,49,49,0,2.06,,49,0,,49
73098,367,1340,943,397,2.69,2.6,1340,42,351,592
73099,1447,29538,22366,7172,2.72,2.71,29538,981,15575,6791
73102,136,1103,114,989,1.55,1.51,1103,268,52,62
73103,390,3110,997,2113,2.6,1.29,3110,353,730,267
73104,257,2018,351,1667,1.97,1.53,2018,172,206,145
73105,468,2933,1127,1806,1.97,1.97,2933,382,581,546
73106,860,4766,1739,3027,2.63,1.97,4766,550,1114,625
73107,1466,11013,6504,4509,2.12,2.48,11013,654,3615,2889
73108,851,5118,2087,3031,2.96,2.49,5118,461,651,1436
73109,995,7095,3458,3637,3.19,2.56,7095,1028,1534,1924
73110,1352,14143,6220,7923,2.18,2.42,14143,1168,3369,2851
73111,1032,4693,2639,2054,2.29,2.54,4693,616,1225,1414
73112,1663,15276,7959,7317,2.22,2.05,15276,811,4708,3251
73114,1154,8164,3006,5158,2.26,2.25,8164,635,1800,1206
73115,974,8383,4777,3606,2.27,2.67,8383,654,2588,2189
73116,463,4411,3196,1215,2.28,1.95,4411,97,1861,1335
73117,453,2801,1223,1578,2.38,2.0,2801,628,717,506
73118,917,7079,3892,3187,2.11,1.92,7079,239,2345,1547
73119,1704,10254,5050,5204,2.97,2.9,10254,883,2382,2668
73120,2336,17948,9450,8498,1.98,1.92,17948,1327,5066,4384
73121,172,1237,946,291,2.29,3.13,1237,64,411,535
73122,800,5435,3219,2216,2.38,2.21,5435,636,1968,1251
73127,1794,8928,4144,4784,2.78,2.86,8928,1318,2151,1993
73128,428,2713,1790,923,2.41,2.56,2713,39,1059,731
73129,1028,6646,3401,3245,3.2,3.02,6646,485,1316,2085
73130,657,8238,6152,2086,2.4,2.89,8238,154,3856,2296
73131,55,1337,1277,60,2.18,3.78,1337,0,679,598
73132,1346,11070,5914,5156,2.66,2.34,11070,504,3587,2327
73134,663,3610,606,3004,2.13,1.77,3610,63,410,196
73135,933,8210,4924,3286,2.71,2.47,8210,351,3165,1759
73139,887,7898,3457,4441,2.61,2.08,7898,770,1960,1497
73141,145,909,708,201,2.47,2.94,909,78,428,280
73142,618,6799,4126,2673,2.25,2.03,6799,237,2571,1555
73145,160,607,5,602,2.2,3.51,607,0,,5
73149,303,1818,950,868,3.13,3.09,1818,101,333,617
73150,136,1937,1613,324,2.96,1.64,1937,35,978,635
73151,20,669,661,8,3.42,4.38,669,8,434,227
73159,1058,12553,7419,5134,2.62,2.5,12553,466,4675,2744
73160,1219,23146,15243,7903,2.66,2.6,23146,711,10311,4932
73162,935,11754,8799,2955,2.57,1.97,11754,190,5476,3323
73165,142,2620,2540,80,3.18,2.5,2620,16,1739,801
73169,99,996,734,262,3.8,2.83,996,43,496,238
73170,550,15710,12732,2978,2.67,2.25,15710,547,8489,4243
73173,82,1278,1215,63,3.13,2.94,1278,20,972,243
73179,85,2220,1866,354,2.57,2.98,2220,40,1386,480
73401,2299,13870,8748,5122,2.63,2.41,13870,762,4471,4277
73425,21,83,78,5,1.5,3.4,83,0,,78
73430,223,526,485,41,2.58,4.0,526,11,204,281
73432,56,383,279,104,2.64,2.75,383,5,127,152
73433,218,959,724,235,2.65,2.31,959,23,297,427
73434,59,204,157,47,2.9,2.45,204,0,46,111
73435,14,26,17,9,1.71,3.89,26,2,2,15
73436,9,44,23,21,4.04,2.81,44,2,7,16
73437,15,28,21,7,2.14,5.0,28,7,,21
73438,353,1262,1000,262,1.98,2.92,1262,56,256,744
73439,2645,2543,2035,508,2.4,2.93,2543,50,649,1386
73440,45,88,62,26,2.06,2.65,88,0,22,40
73441,23,71,59,12,2.73,1.58,71,2,7,52
73442,38,150,140,10,2.59,1.1,150,0,21,119
73443,95,1116,784,332,2.95,3.08,1116,26,466,318
73444,7,83,83,0,2.27,,83,3,31,52
73446,570,3001,2174,827,2.92,2.81,3001,138,911,1263
73447,93,416,331,85,2.66,3.12,416,18,138,193
73448,577,2088,1410,678,2.98,2.62,2088,121,633,777
73449,465,1302,1012,290,2.33,2.39,1302,19,351,661
73450,113,522,445,77,2.5,2.73,522,18,155,290
73453,78,242,183,59,2.39,2.14,242,5,129,54
73455,34,236,180,56,2.56,2.48,236,12,61,119
73456,232,648,535,113,2.48,2.95,648,17,195,340
73458,29,345,245,100,2.8,3.41,345,12,124,121
73459,144,457,307,150,2.66,2.78,457,16,94,213
73460,307,1641,1087,554,2.52,2.4,1641,118,451,636
73461,111,233,170,63,2.75,4.13,233,16,57,113
73463,242,1431,1252,179,2.51,3.49,1431,18,370,882
73481,61,333,296,37,3.01,2.73,333,8,96,200
73487,36,56,38,18,3.55,1.89,56,11,3,35
73488,,6,3,3,2.0,3.33,6,0,,3
73491,64,306,233,73,2.16,3.37,306,7,72,161
73501,1810,7635,3350,4285,2.34,2.17,7635,1157,1904,1446
73503,83,1701,,1701,,3.77,1701,7,,
73505,3322,18718,9503,9215,2.76,2.39,18718,1569,5881,3622
73507,2053,8494,4718,3776,2.48,2.42,8494,932,2993,1725
73520,9,44,38,6,2.37,3.17,44,0,17,21
73521,1791,7935,4719,3216,2.54,2.47,7935,533,2693,2026
73523,,,,0,,,,0,,
73526,178,765,573,192,2.78,2.39,765,9,294,279
73527,255,1719,1401,318,2.67,2.41,1719,23,899,502
73528,41,187,143,44,2.82,3.52,187,9,60,83
73529,522,1774,1364,410,2.73,2.33,1774,16,643,721
73530,78,172,147,25,2.37,2.96,172,3,40,107
73531,15,120,109,11,2.7,7.55,120,0,46,63
73532,130,216,124,92,2.93,1.65,216,6,39,85
73533,2395,10704,7687,3017,2.53,2.57,10704,893,3736,3951
73537,118,237,208,29,2.68,2.55,237,22,62,146
73538,166,2212,1649,563,3.17,2.13,2212,122,1052,597
73539,6,78,71,7,1.8,2.0,78,0,34,37
73540,65,128,93,35,2.75,1.66,128,3,49,44
73541,152,1490,1249,241,2.39,2.66,1490,31,574,675
73542,729,1511,1045,466,2.73,2.52,1511,175,358,687
73543,117,793,629,164,2.52,1.85,793,16,309,320
73544,59,105,92,13,3.04,1.62,105,0,23,69
73546,167,494,331,163,2.03,2.85,494,24,52,279
73547,176,546,402,144,1.86,1.74,546,38,157,245
73548,77,147,133,14,2.47,4.5,147,18,78,55
73549,59,117,95,22,2.79,2.05,117,0,50,45
73550,288,795,532,263,2.69,2.19,795,58,145,387
73551,13,14,14,0,3.14,,14,0,,14
73552,118,475,420,55,2.9,3.33,475,27,169,251
73553,,4,3,1,1.33,5.0,4,0,,3
73554,332,1320,891,429,2.58,2.13,1320,126,286,605
73555,28,55,46,9,2.04,4.33,55,0,,46
73556,34,46,35,11,3.11,2.91,46,4,26,9
73557,66,111,91,20,1.73,1.8,111,0,56,35
73559,96,187,127,60,2.74,1.98,187,29,13,114
73560,88,320,139,181,2.76,2.31,320,6,43,96
73562,91,206,176,30,3.11,2.1,206,4,67,109
73564,115,188,164,24,2.62,2.75,188,2,32,132
73565,174,329,244,85,2.13,3.78,329,22,87,157
73566,173,507,386,121,2.49,2.79,507,27,170,216
73567,46,329,237,92,2.62,2.24,329,9,111,126
73568,253,378,298,80,2.13,3.01,378,29,57,241
73569,91,196,137,59,2.67,1.95,196,4,25,112
73570,182,370,293,77,2.38,2.47,370,23,115,178
73571,39,31,20,11,2.25,6.36,31,0,20,
73572,342,1184,916,268,2.95,2.45,1184,122,407,509
73573,252,869,596,273,2.36,3.21,869,92,204,392
73601,814,4025,3145,880,2.32,2.16,4025,85,1522,1623
73620,112,492,331,161,3.69,2.31,492,18,137,194
73622,9,121,99,22,2.43,4.23,121,1,33,66
73624,183,707,321,386,2.69,3.55,707,24,113,208
73625,51,190,158,32,2.36,2.53,190,14,61,97
73626,137,342,283,59,3.03,3.46,342,19,105,178
73627,58,187,172,15,2.54,3.93,187,3,47,125
73628,177,642,477,165,2.49,2.79,642,1,187,290
73632,347,1174,899,275,2.74,1.81,1174,76,314,585
73638,6,44,37,7,3.0,,44,0,12,25
73639,74,287,176,111,2.39,3.79,287,27,99,77
73641,96,202,156,46,2.13,2.37,202,22,41,115
73642,48,61,46,15,1.91,1.13,61,0,3,43
73644,1397,5779,3751,2028,2.53,2.14,5779,456,1813,1938
73645,284,445,307,138,2.5,2.34,445,28,131,176
73646,70,157,155,2,2.26,3.0,157,10,30,125
73647,142,220,179,41,2.8,1.9,220,2,46,133
73650,76,331,316,15,2.74,4.0,331,7,126,190
73651,601,1513,1069,444,2.58,2.76,1513,116,337,732
73654,136,287,254,33,2.43,4.3,287,4,123,131
73655,260,311,236,75,2.46,3.29,311,9,92,144
73658,24,108,92,16,2.99,1.69,108,14,10,82
73659,46,55,42,13,3.31,10.54,55,0,3,39
73660,88,139,104,35,2.61,2.2,139,7,28,76
73661,29,187,160,27,3.99,1.96,187,7,67,93
73662,429,1595,1093,502,2.64,2.5,1595,72,467,626
73663,142,399,318,81,3.43,2.74,399,3,132,186
73664,78,548,430,118,2.0,2.2,548,26,270,160
73666,49,157,117,40,1.85,1.83,157,0,36,81
73667,55,180,131,49,2.56,2.33,180,7,55,76
73668,6,17,4,13,,1.23,17,0,,4
73669,136,562,454,108,3.02,2.44,562,16,205,249
73673,60,195,137,58,1.96,1.09,195,9,33,104
73701,1949,9060,5112,3948,2.69,2.79,9060,603,2364,2748
73703,1449,11696,7934,3762,2.55,2.33,11696,266,4071,3863
73705,,21,,21,,,21,0,,
73716,35,213,177,36,2.4,2.42,213,7,64,113
73717,731,2550,1736,814,2.43,2.41,2550,218,993,743
73718,52,231,217,14,2.22,1.86,231,4,87,130
73719,18,27,24,3,3.21,5.0,27,0,10,14
73720,36,86,74,12,1.51,2.83,86,0,13,61
73722,30,85,65,20,4.68,3.3,85,4,26,39
73724,247,318,242,76,2.24,3.42,318,3,105,137
73726,91,180,139,41,2.19,2.8,180,13,27,112
73727,19,52,52,0,1.5,,52,0,25,27
73728,285,778,586,192,2.54,3.03,778,21,248,338
73729,59,229,208,21,2.73,2.43,229,1,81,127
73730,32,307,266,41,2.07,3.22,307,2,172,94
73731,63,80,68,12,1.76,1.42,80,1,10,58
73733,19,67,54,13,2.78,2.62,67,1,21,33
73734,109,320,252,68,1.7,2.0,320,0,103,149
73735,24,274,254,20,2.32,4.8,274,5,114,140
73736,11,247,221,26,2.77,1.42,247,0,103,118
73737,277,1512,1196,316,2.35,2.57,1512,70,528,668
73738,96,382,318,64,2.36,2.11,382,11,93,225
73739,45,177,170,7,2.01,1.71,177,0,77,93
73741,75,173,144,29,2.6,2.1,173,1,47,97
73742,344,1347,966,381,3.06,2.45,1347,11,399,567
73743,18,36,29,7,2.62,3.43,36,0,12,17
73744,46,37,35,2,2.0,,37,0,6,29
73746,14,11,6,5,5.67,,11,0,,6
73747,,100,46,54,1.52,2.93,100,0,14,32
73749,127,229,196,33,2.29,2.27,229,2,67,129
73750,315,2565,1961,604,2.72,2.85,2565,119,899,1062
73753,35,231,206,25,2.38,2.56,231,1,119,87
73754,75,467,378,89,2.58,2.38,467,3,133,245
73755,203,274,226,48,2.57,1.27,274,0,72,154
73756,20,138,112,26,2.63,2.46,138,0,39,73
73757,8,62,44,18,2.59,2.33,62,0,17,27
73758,87,73,66,7,2.47,,73,0,4,62
73759,194,483,379,104,2.3,2.18,483,7,69,310
73760,10,151,131,20,2.15,2.9,151,4,45,86
73761,75,119,110,9,2.33,7.78,119,2,15,95
73762,171,720,585,135,2.59,3.36,720,12,264,321
73763,145,621,359,262,2.19,2.26,621,0,138,221
73764,8,125,108,17,1.7,2.65,125,16,15,93
73766,119,415,290,125,2.99,2.94,415,3,118,172
73768,69,599,493,106,2.58,2.01,599,11,171,322
73770,,,,0,,,,0,,
73771,121,154,125,29,2.23,3.55,154,2,48,77
73772,348,1339,922,417,2.3,1.77,1339,36,278,644
73773,68,856,578,278,2.49,1.65,856,41,294,284
73801,931,6293,3958,2335,2.47,2.33,6293,301,2119,1839
73832,163,473,421,52,2.04,2.69,473,22,119,302
73834,233,606,537,69,2.68,1.99,606,21,154,383
73835,60,103,73,30,3.0,2.2,103,0,22,51
73838,55,227,209,18,2.42,2.33,227,0,89,120
73840,89,199,165,34,2.95,3.44,199,7,52,113
73841,49,186,142,44,2.61,2.39,186,2,54,88
73842,56,234,205,29,2.12,2.24,234,6,56,149
73843,149,305,212,93,2.35,2.84,305,4,49,163
73844,63,114,98,16,2.69,2.88,114,0,3,95
73848,327,565,413,152,3.08,2.22,565,3,233,180
73851,25,65,58,7,2.64,1.43,65,6,4,54
73852,223,720,616,104,2.86,1.9,720,16,373,243
73853,59,193,160,33,3.11,2.36,193,0,75,85
73855,29,55,31,24,3.74,2.13,55,0,12,19
73857,73,357,314,43,2.45,3.26,357,2,122,192
73858,301,553,389,164,2.44,3.73,553,28,99,290
73859,171,492,351,141,2.75,2.62,492,10,110,241
73860,268,468,368,100,2.44,2.4,468,4,136,232
73901,30,77,43,34,3.09,3.82,77,0,20,23
73931,57,254,190,64,1.62,3.88,254,2,21,169
73932,265,694,506,188,2.79,2.65,694,12,144,362
73933,308,520,404,116,2.46,3.97,520,21,127,277
73937,28,80,64,16,3.06,3.56,80,4,6,58
73938,100,229,200,29,3.24,2.76,229,8,50,150
73939,158,379,207,172,3.55,2.94,379,0,80,127
73942,838,4482,2794,1688,3.04,3.26,4482,138,1609,1185
73944,107,154,103,51,3.36,2.39,154,8,12,91
73945,156,926,675,251,2.58,2.04,926,117,236,439
73946,30,9,4,5,1.5,7.0,9,0,,4
73947,167,214,172,42,1.99,3.6,214,3,13,159
73949,148,460,347,113,3.1,2.5,460,8,77,270
73950,157,417,355,62,3.42,3.42,417,10,171,184
73951,128,391,351,40,3.46,3.68,391,4,97,254
73960,6,21,16,5,1.75,,21,0,13,3
74001,55,115,100,15,2.76,2.93,115,0,38,62
74002,215,622,485,137,2.97,3.2,622,17,207,278
74003,1385,5414,3297,2117,2.5,2.73,5414,397,1494,1803
74006,1135,10765,8108,2657,2.62,2.11,10765,528,4537,3571
74008,623,10831,8288,2543,2.92,2.54,10831,348,5649,2639
74010,751,3856,2666,1190,2.72,2.57,3856,210,1324,1342
74011,565,11744,9267,2477,2.68,2.58,11744,233,6237,3030
74012,1555,23769,15786,7983,2.77,2.41,23769,582,11044,4742
74014,725,14142,12407,1735,2.84,2.76,14142,151,8247,4160
74015,285,3438,2285,1153,2.85,2.22,3438,139,1288,997
74016,479,2201,1572,629,2.54,2.54,2201,71,759,813
74017,1145,10541,7355,3186,2.62,2.53,10541,375,4334,3021
74019,436,7397,6134,1263,2.7,2.52,7397,171,3929,2205
74020,641,2800,2014,786,2.49,2.84,2800,85,915,1099
74021,593,7758,6369,1389,2.88,2.87,7758,284,4398,1971
74022,118,790,725,65,2.2,3.11,790,3,291,434
74023,1034,4476,2835,1641,2.41,2.52,4476,217,1247,1588
74026,77,283,207,76,3.03,2.36,283,6,93,114
74027,78,322,256,66,2.84,3.12,322,0,96,160
74028,127,612,510,102,2.53,2.78,612,13,140,370
74029,420,1916,1372,544,2.27,2.8,1916,63,839,533
74030,295,1408,1017,391,2.28,2.08,1408,118,366,651
74032,169,808,656,152,2.44,2.79,808,56,287,369
74033,236,4340,3124,1216,2.93,2.82,4340,92,2192,932
74034,25,50,48,2,2.23,,50,0,7,41
74035,328,1338,1034,304,2.22,2.55,1338,68,354,680
74036,289,2628,2164,464,2.85,2.92,2628,104,1275,889
74037,552,7930,6031,1899,2.96,2.81,7930,184,4197,1834
74038,170,798,701,97,2.73,2.33,798,26,237,464
74039,234,1455,1082,373,2.62,3.13,1455,62,473,609
74041,104,985,800,185,3.11,3.16,985,4,553,247
74042,56,153,101,52,2.69,2.69,153,3,52,49
74044,366,2911,2308,603,2.65,2.55,2911,87,1169,1139
74045,32,123,98,25,2.64,1.56,123,7,36,62
74046,13,45,12,33,1.92,3.24,45,0,6,6
74047,399,2384,2045,339,3.03,2.87,2384,42,1286,759
74048,380,2245,1584,661,2.4,2.4,2245,179,739,845
74050,74,199,116,83,3.23,2.51,199,0,31,85
74051,137,770,698,72,2.89,2.25,770,5,351,347
74052,117,417,276,141,2.31,2.58,417,22,89,187
74053,135,1814,1479,335,3.01,3.08,1814,61,949,530
74054,98,252,182,70,2.85,2.09,252,14,59,123
74055,997,17299,12441,4858,2.84,2.46,17299,571,8807,3634
74056,558,1988,1431,557,2.42,2.45,1988,84,581,850
74058,430,1362,977,385,2.48,2.48,1362,90,335,642
74059,166,2138,1535,603,2.58,2.42,2138,81,747,788
74060,53,171,123,48,2.63,2.58,171,2,33,90
74061,151,796,652,144,3.11,2.6,796,11,345,307
74062,74,336,257,79,2.52,2.37,336,2,104,153
74063,928,12036,9640,2396,2.61,2.53,12036,365,5389,4251
74066,1287,12026,9206,2820,2.56,2.74,12026,499,5027,4179
74068,44,10,10,0,2.7,,10,0,,10
74070,544,5292,3838,1454,2.75,2.73,5292,170,2204,1634
74071,4,96,32,64,2.28,1.13,96,2,7,25
74072,84,675,529,146,2.5,2.12,675,39,240,289
74073,325,1886,1620,266,3.0,2.86,1886,26,940,680
74074,1727,12253,6194,6059,2.55,2.21,12253,517,3882,2312
74075,1953,10590,4599,5991,2.31,2.19,10590,540,2740,1859
74077,,,,0,,,,0,,
74078,20,36,,36,,3.44,36,0,,
74079,403,1690,1269,421,2.67,2.61,1690,86,603,666
74080,109,973,791,182,3.12,2.43,973,17,435,356
74081,96,675,634,41,2.94,3.15,675,4,293,341
74082,9,96,31,65,2.45,3.15,96,1,11,20
74083,94,378,317,61,2.42,2.54,378,1,124,193
74084,52,196,155,41,2.06,1.85,196,6,32,123
74085,258,1022,811,211,2.28,3.04,1022,53,265,546
74103,114,421,5,416,5.4,1.28,421,44,5,
74104,969,5253,2468,2785,2.13,2.1,5253,422,1468,1000
74105,1767,12612,6797,5815,2.19,1.99,12612,1066,3886,2911
74106,1592,7080,3270,3810,2.37,2.37,7080,1763,1444,1826
74107,896,8020,4298,3722,2.45,2.47,8020,726,2277,2021
74108,262,2870,1949,921,2.43,3.19,2870,127,1020,929
74110,1005,5042,2515,2527,3.07,2.93,5042,540,851,1664
74112,1193,9503,5296,4207,2.24,2.38,9503,590,3207,2089
74114,817,7356,5758,1598,2.31,2.15,7356,117,3414,2344
74115,1448,8300,4457,3843,2.69,2.99,8300,695,2122,2335
74116,292,1266,522,744,2.89,2.28,1266,163,218,304
74117,,,,0,,,,0,,
74119,944,2072,549,1523,1.75,1.33,2072,233,275,274
74120,522,2776,997,1779,2.56,1.47,2776,272,643,354
74126,1007,3951,2357,1594,2.4,3.34,3951,280,822,1535
74127,1059,6613,3789,2824,2.43,2.4,6613,589,1818,1971
74128,530,4411,2592,1819,2.91,3.15,4411,335,1451,1141
74129,763,7070,3472,3598,2.56,2.84,7070,565,2074,1398
74130,197,731,502,229,2.57,2.84,731,38,180,322
74131,136,892,718,174,2.4,2.0,892,39,373,345
74132,374,4006,2286,1720,2.8,2.34,4006,181,1426,860
74133,1605,20426,10865,9561,2.56,2.0,20426,1294,6493,4372
74134,929,7924,5081,2843,2.89,2.47,7924,200,3821,1260
74135,1627,9326,4706,4620,2.25,1.99,9326,795,2673,2033
74136,2151,14079,5269,8810,2.41,2.05,14079,1588,2985,2284
74137,877,11449,7907,3542,2.68,1.98,11449,335,4536,3371
74145,1098,7597,4417,3180,2.41,2.5,7597,440,2553,1864
74146,554,5541,1975,3566,3.2,2.74,5541,639,1302,673
74171,,,,0,,,,0,,
74301,890,3983,2726,1257,2.5,2.47,3983,241,1252,1474
74330,257,1110,924,186,2.46,2.57,1110,10,376,548
74331,2961,3220,2422,798,2.14,2.19,3220,159,1072,1350
74332,183,612,431,181,2.56,2.78,612,3,223,208
74333,100,346,296,50,2.46,3.22,346,9,132,164
74337,267,1651,1343,308,2.57,2.94,1651,112,602,741
74338,412,1704,1304,400,2.7,2.81,1704,71,626,678
74339,197,813,555,258,2.86,2.55,813,65,250,305
74340,101,80,60,20,1.77,2.0,80,2,22,38
74342,1130,949,789,160,2.68,2.91,949,30,170,619
74343,192,1246,883,363,2.38,2.57,1246,42,394,489
74344,2144,6283,4620,1663,2.22,2.44,6283,234,2159,2461
74346,1012,2703,1808,895,2.93,2.71,2703,202,773,1035
74347,244,1139,1005,134,2.24,3.16,1139,15,504,501
74349,363,343,260,83,2.4,2.66,343,2,83,177
74350,211,292,213,79,2.08,3.32,292,20,76,137
74352,635,2092,1565,527,2.64,2.76,2092,87,606,959
74354,1009,6649,4299,2350,2.49,2.41,6649,411,2282,2017
74358,36,87,66,21,2.61,3.57,87,3,19,47
74359,32,61,41,20,2.68,4.55,61,4,8,33
74360,11,9,9,0,1.33,,9,0,,9
74361,810,6550,4388,2162,2.61,2.5,6550,244,2404,1984
74363,125,1031,799,232,2.65,2.78,1031,39,369,430
74364,99,691,621,70,2.72,2.63,691,18,284,337
74365,408,1623,1179,444,2.58,2.83,1623,83,439,740
74366,338,598,517,81,2.63,2.35,598,40,181,336
74367,47,238,224,14,2.48,2.07,238,0,105,119
74368,3,30,17,13,2.53,4.31,30,8,6,11
74369,109,679,516,163,2.72,2.54,679,4,225,291
74370,328,1479,1134,345,2.62,2.56,1479,72,440,694
74401,1217,6437,3793,2644,2.44,2.36,6437,693,1719,2074
74403,1676,11268,7180,4088,2.61,2.46,11268,938,3984,3196
74421,245,1525,1202,323,2.78,2.63,1525,61,627,575
74422,78,405,359,46,2.59,3.04,405,10,128,231
74423,82,310,236,74,2.95,2.23,310,27,131,105
74425,363,422,310,112,2.52,3.11,422,45,115,195
74426,1964,3420,2642,778,2.64,2.7,3420,190,1062,1580
74427,698,583,561,22,2.33,2.82,583,67,270,291
74428,96,326,290,36,2.26,2.47,326,12,111,179
74429,445,5315,4083,1232,2.94,2.7,5315,167,2686,1397
74430,61,285,233,52,2.24,1.77,285,0,61,172
74431,58,344,282,62,2.47,3.6,344,2,153,129
74432,2582,3945,3166,779,2.5,2.34,3945,144,1297,1869
74434,356,3763,2948,815,2.64,2.0,3763,220,1726,1222
74435,619,1159,907,252,2.75,2.69,1159,70,384,523
74436,345,1909,1539,370,2.66,2.56,1909,37,754,785
74437,841,3616,2606,1010,2.47,2.61,3616,233,1169,1437
74438,45,117,87,30,3.08,2.1,117,5,37,50
74441,441,1878,1505,373,3.16,2.65,1878,108,635,870
74442,55,260,218,42,2.79,2.43,260,9,112,106
74445,150,1040,715,325,2.98,2.53,1040,43,434,281
74446,56,199,163,36,2.67,2.83,199,8,88,75
74447,1335,6009,3764,2245,2.47,2.29,6009,521,1749,2015
74450,61,580,511,69,2.4,2.94,580,16,204,307
74451,956,1588,1372,216,2.2,3.27,1588,52,536,836
74452,31,108,97,11,2.35,,108,0,60,37
74454,172,1326,1042,284,2.79,2.12,1326,9,555,487
74455,857,1079,880,199,2.45,3.51,1079,30,305,575
74456,21,56,41,15,2.22,3.2,56,3,11,30
74457,72,116,98,18,1.83,3.5,116,14,39,59
74458,14,36,32,4,2.78,3.5,36,0,15,17
74459,13,40,35,5,1.71,1.2,40,6,16,19
74460,41,192,165,27,1.85,1.81,192,5,23,142
74462,1251,2882,2121,761,2.48,2.37,2882,185,911,1210
74463,31,75,44,31,2.86,1.55,75,4,13,31
74464,1918,11412,6585,4827,2.76,2.3,11412,882,3245,3340
74467,1226,5523,3699,1824,2.45,2.6,5523,290,1841,1858
74468,9,152,139,13,2.32,4.08,152,3,54,85
74469,94,697,459,238,2.62,2.74,697,45,224,235
74470,107,679,504,175,2.31,1.91,679,11,176,328
74471,151,521,452,69,2.57,1.75,521,32,166,286
74472,51,250,201,49,2.38,2.61,250,3,84,117
74477,82,9,,9,,,9,0,,
74501,2157,10828,7559,3269,2.46,2.4,10828,910,3793,3766
74521,11,25,15,10,2.67,3.7,25,1,1,14
74522,12,87,84,3,1.77,4.33,87,5,29,55
74523,646,2112,1563,549,2.62,2.13,2112,217,586,977
74525,755,3379,2467,912,2.8,2.33,3379,270,960,1507
74528,31,43,39,4,2.46,,43,0,2,37
74530,29,88,76,12,2.28,2.75,88,0,16,60
74531,165,297,218,79,3.16,4.77,297,5,67,151
74533,53,346,272,74,2.98,2.81,346,14,96,176
74534,39,58,48,10,2.06,4.4,58,3,9,39
74535,19,34,34,0,2.74,,34,0,10,24
74536,266,621,431,190,2.41,2.4,621,84,111,320
74538,365,1538,1104,434,2.52,2.55,1538,133,410,694
74540,22,67,55,12,2.29,2.67,67,0,6,49
74543,58,174,158,16,2.53,2.69,174,0,40,118
74546,85,274,173,101,2.43,2.62,274,15,64,109
74547,294,1163,879,284,2.7,2.38,1163,86,322,557
74549,28,35,22,13,2.36,3.38,35,0,,22
74552,72,377,311,66,2.58,2.79,377,19,139,172
74553,154,487,393,94,2.57,2.94,487,19,175,218
74554,174,864,491,373,2.2,2.49,864,119,267,224
74555,83,225,183,42,2.75,2.26,225,5,57,126
74556,24,144,124,20,1.99,3.05,144,7,33,91
74557,252,230,208,22,2.7,3.05,230,8,55,153
74558,41,143,111,32,3.01,2.78,143,4,19,92
74560,100,179,144,35,2.57,2.66,179,6,52,92
74561,194,739,558,181,2.44,2.08,739,47,227,331
74562,116,294,235,59,2.83,2.27,294,10,102,133
74563,174,774,617,157,2.43,2.3,774,39,213,404
74565,61,171,136,35,3.05,2.63,171,2,43,93
74567,16,51,42,9,2.21,,51,5,13,29
74569,57,226,182,44,2.6,3.23,226,9,47,135
74570,193,458,386,72,2.53,2.76,458,5,95,291
74571,373,1405,977,428,2.31,2.12,1405,121,339,638
74572,51,286,244,42,2.75,3.43,286,8,110,134
74574,155,482,398,84,2.58,2.08,482,14,113,285
74576,30,88,79,9,1.77,,88,9,9,70
74577,33,122,91,31,1.73,2.35,122,6,18,73
74578,444,2238,1463,775,2.33,2.75,2238,85,587,876
74601,1816,7239,4305,2934,2.68,2.55,7239,708,1861,2444
74604,687,4736,3701,1035,2.61,2.21,4736,195,1838,1863
74630,74,191,144,47,2.29,2.38,191,6,39,105
74631,863,2632,1778,854,2.55,2.81,2632,190,486,1292
74632,150,218,177,41,1.94,2.24,218,3,47,130
74633,45,151,127,24,4.66,2.71,151,0,65,62
74636,28,86,58,28,3.12,4.29,86,0,12,46
74637,244,619,522,97,2.51,2.86,619,40,96,426
74640,16,90,82,8,1.82,5.88,90,4,22,60
74641,176,249,233,16,2.33,3.06,249,7,110,123
74643,94,174,133,41,3.14,2.73,174,2,40,93
74644,57,205,180,25,2.48,3.36,205,4,49,131
74646,71,65,65,0,2.89,,65,0,12,53
74647,351,1200,922,278,2.67,2.33,1200,52,399,523
74650,134,184,158,26,2.87,3.35,184,19,38,120
74651,34,360,259,101,1.94,3.57,360,15,140,119
74652,117,384,338,46,2.04,2.07,384,10,60,278
74653,224,1584,1113,471,2.28,2.58,1584,79,396,717
74701,1012,9777,5285,4492,2.67,2.46,9777,562,2637,2648
74720,26,166,120,46,2.61,2.09,166,11,41,79
74721,,,,0,,,,0,,
74722,46,58,43,15,3.95,2.53,58,3,6,37
74723,146,512,401,111,2.41,2.62,512,25,112,289
74724,39,56,46,10,3.57,3.1,56,4,7,39
74726,155,849,609,240,2.13,1.98,849,47,195,414
74727,195,862,574,288,2.48,2.16,862,44,176,398
74728,1105,3953,2873,1080,2.71,3.03,3953,281,1069,1804
74729,188,1016,822,194,2.56,2.54,1016,43,306,516
74730,142,1940,1252,688,2.71,2.57,1940,99,738,514
74731,218,583,538,45,2.7,3.56,583,30,121,417
74733,144,1236,836,400,2.28,2.82,1236,91,373,463
74734,84,354,295,59,2.39,2.71,354,17,93,202
74735,198,695,547,148,3.07,2.66,695,49,156,391
74736,52,313,265,48,2.82,2.48,313,7,116,149
74737,7,17,16,1,2.81,13.0,17,0,,16
74738,74,184,152,32,2.51,2.47,184,4,65,87
74740,178,777,582,195,2.71,2.42,777,65,183,399
74741,44,347,284,63,2.45,2.78,347,17,98,186
74743,671,3298,1947,1351,2.28,2.43,3298,334,813,1134
74745,821,3543,2282,1261,2.54,3.0,3543,380,855,1427
74747,19,165,109,56,3.03,1.45,165,10,38,71
74748,62,196,180,16,2.68,6.19,196,3,44,136
74750,13,75,68,7,3.1,2.71,75,4,17,51
74753,6,35,17,18,,2.17,35,0,,17
74754,43,177,144,33,2.95,4.48,177,11,51,93
74755,30,18,18,0,2.44,,18,0,6,12
74756,89,241,193,48,2.87,2.54,241,12,76,117
74759,125,492,426,66,2.46,2.55,492,7,192,234
74760,34,64,21,43,2.29,2.07,64,5,,21
74761,10,25,21,4,2.0,4.25,25,1,7,14
74764,231,1253,964,289,2.83,2.17,1253,63,278,686
74766,64,435,360,75,2.7,3.23,435,31,110,250
74801,1385,8381,4918,3463,2.53,2.65,8381,680,2354,2564
74804,821,7783,5442,2341,2.7,2.31,7783,359,3104,2338
74820,2205,11852,7231,4621,2.6,2.37,11852,784,4296,2935
74824,100,412,366,46,3.46,2.57,412,15,154,212
74825,210,683,523,160,2.63,2.13,683,26,261,262
74826,90,503,427,76,2.54,2.93,503,9,215,212
74827,114,135,107,28,2.11,4.14,135,1,35,72
74829,102,202,160,42,2.65,2.0,202,13,40,120
74830,20,57,49,8,3.57,2.88,57,2,12,37
74831,96,258,207,51,2.84,2.35,258,13,77,130
74832,45,309,245,64,2.54,3.16,309,12,122,123
74833,43,193,149,44,2.74,2.89,193,1,73,76
74834,331,2844,2283,561,2.6,2.44,2844,64,1187,1096
74836,26,131,110,21,,5.24,131,0,,110
74837,18,74,61,13,1.38,4.62,74,0,5,56
74839,161,229,178,51,3.7,5.27,229,10,50,128
74840,185,711,560,151,2.83,2.68,711,32,258,302
74842,34,116,80,36,2.28,2.11,116,7,42,38
74843,17,90,85,5,3.68,5.6,90,0,51,34
74844,49,120,87,33,2.0,3.91,120,2,21,66
74845,67,123,103,20,3.11,3.05,123,10,26,77
74848,988,2090,1540,550,2.96,3.55,2090,131,459,1081
74849,280,1153,820,333,2.37,2.65,1153,104,283,537
74850,50,102,81,21,2.73,3.29,102,1,19,62
74851,315,3562,2912,650,2.85,2.35,3562,57,1514,1398
74852,132,540,462,78,2.43,3.05,540,19,150,312
74854,159,642,510,132,2.87,2.9,642,19,196,314
74855,185,1620,1211,409,2.75,2.75,1620,53,583,628
74856,62,240,194,46,3.23,2.37,240,19,76,118
74857,408,4056,3603,453,2.55,2.68,4056,36,2197,1406
74859,606,2257,1538,719,2.57,2.78,2257,197,616,922
74860,127,582,531,51,2.94,2.02,582,13,238,293
74864,304,1719,1388,331,2.66,2.42,1719,56,599,789
74865,116,744,652,92,2.73,3.49,744,19,255,397
74866,6,29,25,4,2.24,3.0,29,0,10,15
74867,183,229,164,65,2.28,3.02,229,9,28,136
74868,841,4380,2968,1412,2.8,2.68,4380,304,1199,1769
74869,43,283,222,61,1.99,2.67,283,1,94,128
74871,156,1004,864,140,2.33,3.22,1004,18,347,517
74872,284,1130,781,349,2.52,2.52,1130,40,435,346
74873,609,3880,2965,915,2.92,2.93,3880,139,1690,1275
74875,97,354,297,57,3.11,2.88,354,13,138,159
74878,147,684,626,58,2.39,2.36,684,4,177,449
74880,236,683,544,139,2.78,2.46,683,57,211,333
74881,259,1956,1594,362,2.67,2.18,1956,50,762,832
74883,355,788,534,254,2.6,2.85,788,59,119,415
74884,710,2088,1350,738,2.64,2.54,2088,200,478,872
74901,130,718,440,278,2.44,2.91,718,72,189,251
74902,121,1676,1187,489,2.44,2.66,1676,86,538,649
74930,145,777,653,124,2.58,2.21,777,36,253,400
74931,115,452,386,66,2.84,2.5,452,41,148,238
74932,161,885,680,205,2.72,3.18,885,18,280,400
74935,16,64,44,20,3.02,2.65,64,1,10,34
74936,82,454,341,113,2.87,3.1,454,19,98,243
74937,602,1776,1279,497,2.95,2.88,1776,97,498,781
74939,184,213,155,58,2.02,2.6,213,9,50,105
74940,156,855,651,204,3.19,3.18,855,41,259,392
74941,226,882,628,254,3.06,2.47,882,38,228,400
74942,18,53,37,16,2.76,2.0,53,7,12,25
74943,6,41,32,9,3.28,2.56,41,0,4,28
74944,71,445,359,86,2.6,2.4,445,23,108,251
74945,26,61,48,13,2.71,3.54,61,5,18,30
74946,17,29,15,14,1.87,3.14,29,2,3,12
74947,19,33,22,11,4.32,1.45,33,2,10,12
74948,937,4298,3315,983,2.7,2.38,4298,155,1521,1794
74949,32,131,97,34,1.48,1.85,131,0,57,40
74951,129,562,347,215,1.89,3.33,562,41,70,277
74953,531,4280,2878,1402,2.77,2.78,4280,275,1513,1365
74954,346,1627,1038,589,2.86,3.12,1627,44,627,411
74955,958,5519,3759,1760,2.56,2.94,5519,312,1878,1881
74956,150,721,524,197,2.85,2.47,721,27,253,271
74957,204,340,295,45,2.52,2.64,340,7,90,205
74959,364,2340,1676,664,2.71,2.28,2340,195,879,797
74960,863,4105,2735,1370,2.98,2.83,4105,411,976,1759
74962,633,1622,1223,399,2.51,2.55,1622,59,432,791
74963,54,194,166,28,2.58,2.82,194,3,31,135
74964,166,822,638,184,2.6,3.5,822,48,192,446
74965,306,1689,1080,609,2.92,2.97,1689,185,441,639
74966,341,1276,1060,216,2.62,2.75,1276,58,485,575
75001,1061,8835,1402,7433,1.76,1.86,8835,230,802,600
75002,1170,22095,17603,4492,3.3,2.85,22095,367,13341,4262
75006,677,18161,9303,8858,2.71,2.56,18161,464,5902,3401
75007,940,19938,13770,6168,2.78,2.59,19938,845,8830,4940
75009,147,7649,6839,810,3.14,3.93,7649,66,5370,1469
75010,998,11912,5988,5924,2.98,2.05,11912,264,4634,1354
75013,1050,15596,10453,5143,3.21,2.17,15596,504,7687,2766
75019,469,16834,11136,5698,2.85,2.21,16834,229,7454,3682
75020,1235,9179,5540,3639,2.45,2.55,9179,661,2656,2884
75021,453,3462,2732,730,2.66,2.77,3462,114,1250,1482
75022,225,8756,7604,1152,3.13,2.25,8756,22,5260,2344
75023,852,18162,11298,6864,2.71,2.61,18162,549,6903,4395
75024,1652,17539,6718,10821,2.96,2.16,17539,722,4163,2555
75025,716,18342,12324,6018,2.97,2.71,18342,278,8255,4069
75028,520,16938,14042,2896,2.83,2.46,16938,248,10900,3142
75032,597,11621,9723,1898,3.09,2.63,11621,134,6697,3026
75033,866,14047,10630,3417,3.38,2.53,14047,169,8880,1750
75034,1685,19088,8192,10896,3.04,1.91,19088,1127,6032,2160
75035,1346,26190,20006,6184,3.25,2.63,26190,517,15231,4775
75036,264,10912,9604,1308,2.86,2.66,10912,24,7255,2349
75038,1103,13540,2430,11110,2.43,2.35,13540,608,1305,1125
75039,1107,11027,1679,9348,2.72,1.86,11027,381,1228,451
75040,962,20033,13860,6173,3.22,3.19,20033,583,8087,5773
75041,636,9799,5990,3809,3.25,3.13,9799,435,3622,2368
75042,528,11552,6583,4969,3.28,3.33,11552,691,3441,3142
75043,1030,21955,13229,8726,3.06,2.78,21955,1492,8414,4815
75044,439,15958,10347,5611,2.85,2.89,15958,413,6374,3973
75048,244,9387,8511,876,2.91,2.48,9387,217,6118,2393
75050,1327,15559,6876,8683,3.14,2.5,15559,757,3625,3251
75051,1003,13150,6181,6969,3.42,2.66,13150,969,3586,2595
75052,1425,30366,20497,9869,3.34,2.75,30366,835,13746,6751
75054,35,4789,4349,440,3.42,2.17,4789,34,3629,720
75056,1754,25494,15184,10310,2.82,2.08,25494,540,11210,3974
75057,647,6198,2373,3825,3.08,2.47,6198,118,1330,1043
75058,107,984,799,185,3.37,3.48,984,8,535,264
75060,802,14542,9178,5364,3.25,3.65,14542,611,5249,3929
75061,1429,18502,7352,11150,3.44,2.81,18502,1063,4457,2895
75062,918,17490,7275,10215,3.22,2.71,17490,918,4171,3104
75063,1065,17190,6362,10828,3.01,2.27,17190,926,4276,2086
75065,195,4693,3378,1315,2.78,2.39,4693,46,2364,1014
75067,1848,27002,9814,17188,2.85,2.3,27002,833,6570,3244
75068,597,20531,16968,3563,3.21,3.18,20531,568,13972,2996
75069,1382,14537,7490,7047,2.72,2.38,14537,1056,4377,3113
75070,1215,20576,11473,9103,2.98,2.22,20576,310,9080,2393
75071,925,20893,15513,5380,3.11,2.7,20893,670,11803,3710
75072,548,17585,14383,3202,3.11,3.03,17585,206,11038,3345
75074,773,17678,9736,7942,3.11,2.69,17678,726,6400,3336
75075,973,14473,8855,5618,2.57,2.36,14473,517,5321,3534
75076,1079,3384,2705,679,2.56,2.44,3384,32,1434,1271
75077,439,13420,10913,2507,3.08,2.17,13420,568,7834,3079
75078,649,10613,9420,1193,3.43,3.03,10613,122,7708,1712
75080,1397,18861,10280,8581,2.69,2.64,18861,944,5865,4415
75081,830,13677,7292,6385,2.78,2.55,13677,755,4415,2877
75082,841,11054,5971,5083,2.8,1.98,11054,163,3340,2631
75087,395,13795,11237,2558,2.91,2.36,13795,223,8282,2955
75088,256,9261,7588,1673,2.72,3.35,9261,125,5151,2437
75089,571,11218,9198,2020,3.18,2.94,11218,155,6973,2225
75090,1303,8466,5507,2959,2.86,2.6,8466,488,2277,3230
75092,946,11395,6360,5035,2.52,2.13,11395,376,3368,2992
75093,1385,19245,11617,7628,2.69,2.02,19245,782,7413,4204
75094,30,6377,5760,617,3.49,5.24,6377,118,3837,1923
75098,878,20326,15616,4710,3.27,2.8,20326,185,11244,4372
75101,22,222,117,105,3.32,2.77,222,0,37,80
75102,201,596,506,90,2.98,3.2,596,18,222,284
75103,858,6220,5158,1062,2.53,2.38,6220,140,2219,2939
75104,660,16342,11582,4760,3.05,2.9,16342,449,8446,3136
75105,23,37,34,3,5.68,4.0,37,0,22,12
75109,314,1626,1367,259,2.58,2.9,1626,30,736,631
75110,1417,10160,6208,3952,3.12,2.64,10160,572,2951,3257
75114,216,1996,1732,264,3.3,2.73,1996,11,1016,716
75115,1068,19906,13587,6319,2.99,2.34,19906,846,9375,4212
75116,446,7030,4135,2895,2.99,2.95,7030,255,2398,1737
75117,304,1543,1179,364,3.31,2.33,1543,72,700,479
75119,954,9900,6812,3088,2.96,2.73,9900,142,3644,3168
75124,474,1776,1444,332,2.87,3.16,1776,44,675,769
75125,91,2210,1741,469,3.1,3.8,2210,54,628,1113
75126,707,19298,15830,3468,3.2,2.74,19298,353,11944,3886
75127,91,762,627,135,2.39,2.65,762,9,159,468
75132,,,,0,,,,0,,
75134,230,6653,4904,1749,2.88,2.94,6653,166,3477,1427
75135,112,2504,2073,431,3.27,3.0,2504,34,1319,754
75137,394,6832,4770,2062,2.91,2.64,6832,169,2853,1917
75140,535,2589,2014,575,2.83,2.62,2589,83,698,1316
75141,124,1005,530,475,3.94,3.55,1005,30,276,254
75142,541,7291,5475,1816,3.16,2.77,7291,308,2521,2954
75143,1838,5815,4750,1065,2.55,2.88,5815,178,2251,2499
75144,266,1326,932,394,3.07,2.84,1326,104,314,618
75146,499,8585,5273,3312,2.88,2.83,8585,498,3627,1646
75147,364,2621,1884,737,2.54,2.81,2621,95,627,1257
75148,998,2552,1902,650,2.29,2.78,2552,178,889,1013
75149,1067,19362,12810,6552,3.09,2.97,19362,585,7786,5024
75150,1622,22642,11121,11521,3.16,2.54,22642,1471,6239,4882
75152,146,1871,1423,448,2.94,3.36,1871,67,897,526
75153,92,146,93,53,3.31,3.91,146,8,36,57
75154,693,14798,12470,2328,3.24,2.82,14798,428,8033,4437
75155,106,963,771,192,3.53,2.31,963,29,417,354
75156,2260,6734,4945,1789,2.44,2.49,6734,346,2005,2940
75157,12,111,93,18,1.95,1.56,111,4,39,54
75158,121,1766,1552,214,3.16,2.62,1766,33,840,712
75159,651,6356,4950,1406,3.45,2.48,6356,204,2921,2029
75160,538,8486,5866,2620,2.87,2.71,8486,420,3474,2392
75161,158,2869,2356,513,2.79,2.88,2869,15,1102,1254
75163,468,1118,951,167,2.17,2.31,1118,31,348,603
75164,,151,142,9,1.87,1.67,151,0,67,75
75165,1165,16267,10342,5925,3.0,2.53,16267,738,6754,3588
75166,,1853,1621,232,3.08,2.6,1853,0,1322,299
75167,129,3984,3678,306,3.04,3.71,3984,93,2500,1178
75169,734,5583,4198,1385,2.59,2.58,5583,275,1760,2438
75172,88,1779,1083,696,2.86,2.57,1779,128,517,566
75173,387,2488,2236,252,3.11,5.31,2488,60,1668,568
75180,802,7483,4795,2688,3.68,3.28,7483,381,2697,2098
75181,296,7865,6866,999,3.41,3.91,7865,145,5013,1853
75182,117,2569,2207,362,3.07,2.4,2569,134,1639,568
75189,472,11731,10554,1177,2.99,3.11,11731,177,7770,2784
75201,1193,11165,1196,9969,1.62,1.48,11165,926,683,513
75202,345,1461,455,1006,1.54,1.46,1461,140,309,146
75203,855,6229,2233,3996,2.91,2.48,6229,1205,995,1238
75204,3019,18689,3725,14964,1.75,1.68,18689,1336,2620,1105
75205,1236,9143,5417,3726,2.78,1.92,9143,294,3340,2077
75206,3658,20910,6066,14844,2.05,1.72,20910,1208,4429,1637
75207,162,2209,9,2200,,1.28,2209,26,,9
75208,1099,11638,6388,5250,2.75,2.32,11638,770,3435,2953
75209,720,6721,4048,2673,2.36,1.71,6721,303,2317,1731
75210,435,2855,921,1934,3.04,3.35,2855,549,424,497
75211,1683,22504,12042,10462,3.32,3.15,22504,1690,5488,6554
75212,554,8099,4300,3799,3.75,2.71,8099,1144,1622,2678
75214,1639,15278,8630,6648,2.55,1.73,15278,1150,5580,3050
75215,1212,7008,2249,4759,2.82,2.31,7008,1735,1047,1202
75216,1970,18934,9616,9318,2.91,2.88,18934,3371,3350,6266
75217,1579,23912,13846,10066,3.8,3.49,23912,1961,6870,6976
75218,879,9434,5991,3443,2.31,2.15,9434,428,3846,2145
75219,2859,15936,4931,11005,1.43,1.54,15936,1011,3044,1887
75220,1724,14009,4339,9670,2.68,3.0,14009,1490,2350,1989
75223,607,4580,2075,2505,3.2,3.04,4580,380,768,1307
75224,714,11712,5945,5767,3.13,2.98,11712,1171,2389,3556
75225,855,8869,6962,1907,2.61,1.79,8869,309,3873,3089
75226,228,2381,171,2210,2.05,1.78,2381,243,,171
75227,1016,18465,10531,7934,3.25,3.0,18465,1430,5909,4622
75228,2534,24624,11424,13200,2.99,2.8,24624,2509,7008,4416
75229,991,11429,7799,3630,2.78,3.09,11429,246,5292,2507
75230,1576,12934,8029,4905,2.23,1.69,12934,929,4422,3607
75231,3475,17536,3001,14535,2.31,2.17,17536,2285,1480,1521
75232,309,11559,7500,4059,3.06,2.6,11559,1138,3616,3884
75233,105,4984,2543,2441,3.15,3.52,4984,438,1334,1209
75234,1515,11789,7353,4436,2.82,2.68,11789,366,4202,3151
75235,684,8698,2039,6659,2.51,1.99,8698,908,954,1085
75236,793,6501,1972,4529,3.4,2.39,6501,905,1209,763
75237,912,7943,1065,6878,3.2,2.22,7943,1831,640,425
75238,1183,12950,6539,6411,2.67,2.23,12950,701,4192,2347
75240,1522,10230,2541,7689,2.41,2.64,10230,1077,1676,865
75241,827,10481,6439,4042,2.67,3.05,10481,1353,3211,3228
75243,3315,27814,6930,20884,2.46,2.29,27814,3173,3852,3078
75244,782,5701,2826,2875,2.38,2.1,5701,211,1657,1169
75246,269,1250,208,1042,2.18,1.73,1250,233,159,49
75247,17,229,,229,,1.38,229,101,,
75248,1852,16306,8499,7807,2.53,1.88,16306,548,4968,3531
75249,30,5315,4048,1267,3.18,3.73,5315,36,3281,767
75251,501,2292,,2292,,1.66,2292,241,,
75252,1933,12458,5417,7041,2.36,2.06,12458,914,3508,1909
75253,413,6468,4178,2290,3.37,4.34,6468,180,2207,1971
75254,2324,11285,2327,8958,2.06,2.14,11285,738,1542,785
75261,,,,0,,,,0,,
75270,,,,0,,,,0,,
75287,2949,26947,6057,20890,2.33,1.81,26947,1650,4041,2016
75390,,,,0,,,,0,,
75401,722,7952,4104,3848,2.7,2.45,7952,560,2062,2042
75402,860,6933,4648,2285,2.65,2.6,6933,473,2431,2217
75407,447,7998,5980,2018,3.1,3.12,7998,275,3991,1989
75409,794,6823,5244,1579,3.01,2.94,6823,0,3665,1579
75410,473,2029,1769,260,2.2,2.25,2029,43,499,1270
75411,150,327,148,179,3.69,1.6,327,0,27,121
75412,92,240,195,45,2.24,2.78,240,0,42,153
75413,9,70,47,23,2.79,2.48,70,7,14,33
75414,211,1116,919,197,2.72,2.5,1116,47,425,494
75415,6,122,112,10,2.7,1.5,122,0,51,61
75416,149,1083,897,186,2.68,2.63,1083,20,356,541
75417,238,878,676,202,2.88,2.62,878,38,211,465
75418,760,4953,3389,1564,2.51,2.18,4953,254,1489,1900
75420,44,604,525,79,2.01,4.14,604,42,215,310
75421,108,235,203,32,2.98,7.72,235,0,113,90
75422,167,1161,894,267,2.3,3.02,1161,8,370,524
75423,181,1146,933,213,2.63,2.84,1146,35,422,511
75424,82,1282,1083,199,2.98,2.29,1282,0,589,494
75426,778,1704,1219,485,2.08,2.21,1704,63,288,931
75428,799,3742,1887,1855,2.72,2.26,3742,362,860,1027
75429,,,,0,,,,0,,
75431,170,506,376,130,2.99,4.76,506,0,110,266
75432,252,1082,823,259,2.63,3.22,1082,76,451,372
75433,148,1175,897,278,2.48,3.29,1175,44,343,554
75434,,,,0,,,,0,,
75435,179,471,325,146,2.61,1.99,471,26,132,193
75436,205,749,563,186,2.85,2.97,749,35,278,285
75437,97,434,397,37,2.59,1.76,434,14,211,186
75438,68,350,260,90,2.62,3.01,350,12,111,149
75439,54,417,213,204,2.5,2.98,417,15,82,131
75440,680,2578,2064,514,2.49,2.85,2578,98,1055,1009
75441,,102,94,8,1.27,1.88,102,0,,94
75442,421,3843,3051,792,2.52,3.4,3843,124,1546,1505
75446,318,1377,1033,344,2.54,2.48,1377,63,321,712
75447,37,423,388,35,2.56,1.94,423,22,223,165
75448,,343,317,26,2.66,2.96,343,0,107,210
75449,170,438,266,172,2.53,2.85,438,29,90,176
75450,56,177,168,9,1.54,5.56,177,0,132,36
75451,295,541,496,45,2.8,1.96,541,39,163,333
75452,230,1484,1066,418,3.26,2.84,1484,22,574,492
75453,144,1046,883,163,2.64,2.61,1046,26,379,504
75454,153,4705,4127,578,3.21,3.62,4705,0,3379,748
75455,1082,9116,5881,3235,3.15,2.47,9116,460,2694,3187
75457,896,1936,1389,547,3.14,3.25,1936,64,706,683
75459,153,1988,1358,630,2.83,2.96,1988,57,859,499
75460,1408,10235,5202,5033,2.39,2.25,10235,1119,2106,3096
75462,312,4294,3244,1050,2.61,2.53,4294,132,1540,1704
75468,13,379,348,31,2.79,3.1,379,0,166,182
75469,62,142,128,14,2.31,3.57,142,2,48,80
75470,39,108,83,25,1.81,2.08,108,25,19,64
75471,123,645,408,237,2.73,3.21,645,8,164,244
75472,427,1623,1225,398,2.75,2.61,1623,72,666,559
75473,106,1410,1324,86,2.73,1.8,1410,21,499,825
75474,999,5969,4713,1256,2.5,3.52,5969,192,2286,2427
75475,7,25,25,0,1.24,,25,0,5,20
75476,54,491,431,60,2.22,1.93,491,6,127,304
75477,82,380,261,119,3.07,2.52,380,9,108,153
75478,35,317,241,76,2.55,2.78,317,3,63,178
75479,101,730,584,146,2.61,3.59,730,30,220,364
75480,552,739,739,0,2.42,,739,10,265,474
75481,57,145,136,9,2.84,1.67,145,6,43,93
75482,1121,9550,6225,3325,2.68,2.47,9550,300,2786,3439
75486,76,939,860,79,2.42,4.54,939,21,374,486
75487,141,480,394,86,3.1,3.65,480,32,185,209
75488,127,281,240,41,2.85,2.76,281,15,97,143
75489,22,368,203,165,2.68,2.39,368,3,135,68
75490,169,1025,870,155,2.87,2.56,1025,15,531,339
75491,203,1859,1499,360,2.82,1.89,1859,100,714,785
75492,56,129,114,15,2.68,2.4,129,12,68,46
75493,27,180,107,73,4.15,3.78,180,0,33,74
75494,1120,3812,3067,745,2.58,3.01,3812,84,1262,1805
75495,380,3043,2532,511,3.09,2.61,3043,22,1613,919
75496,219,1265,1008,257,2.98,2.23,1265,70,433,575
75497,314,1587,1352,235,2.31,2.15,1587,53,567,785
75501,2248,13008,7626,5382,2.53,2.5,13008,1261,3177,4449
75503,959,10214,6398,3816,2.75,2.44,10214,399,3545,2853
75550,85,298,266,32,2.77,4.31,298,1,49,217
75551,720,4283,3268,1015,2.52,2.65,4283,397,1427,1841
75554,230,837,713,124,2.4,2.94,837,13,238,475
75555,237,668,577,91,2.12,2.19,668,67,143,434
75556,95,414,295,119,2.51,3.55,414,21,78,217
75558,21,640,640,0,3.06,,640,11,120,520
75559,599,2154,1494,660,2.44,2.54,2154,95,532,962
75560,80,432,347,85,2.45,2.59,432,59,74,273
75561,448,1932,1351,581,2.42,2.33,1932,44,520,831
75562,,33,33,0,2.42,,33,0,,33
75563,359,1570,1151,419,2.44,2.16,1570,119,287,864
75564,,,,0,,,,0,,
75565,3,34,7,27,3.29,6.81,34,0,,7
75566,151,243,240,3,2.6,2.67,243,0,73,167
75567,407,1601,1162,439,2.56,2.54,1601,52,476,686
75568,284,1223,851,372,2.18,2.65,1223,85,288,563
75569,75,1200,701,499,2.59,3.33,1200,0,580,121
75570,626,3166,2162,1004,2.83,2.24,3166,284,1148,1014
75571,332,973,897,76,2.41,2.42,973,37,418,479
75572,345,1458,1111,347,2.38,2.37,1458,51,371,740
75573,19,68,19,49,2.47,3.49,68,0,9,10
75574,132,482,388,94,2.68,1.23,482,8,109,279
75601,872,5714,3605,2109,2.69,2.22,5714,340,1851,1754
75602,1226,7272,4839,2433,2.9,2.46,7272,510,2525,2314
75603,503,2632,2289,343,2.5,2.93,2632,19,1154,1135
75604,1361,11638,6716,4922,2.66,2.42,11638,594,3654,3062
75605,1458,14201,7701,6500,2.62,1.98,14201,878,4368,3333
75630,476,1028,872,156,2.12,2.94,1028,38,253,619
75631,268,897,702,195,2.88,3.44,897,46,324,378
75633,1492,4811,3560,1251,2.58,2.57,4811,152,1652,1908
75638,356,1939,1454,485,2.42,2.9,1939,131,472,982
75639,389,918,833,85,2.65,3.76,918,106,315,518
75640,174,2000,1557,443,2.99,2.55,2000,88,839,718
75641,16,45,25,20,1.68,2.3,45,1,11,14
75642,,25,25,0,2.12,,25,0,,25
75643,276,867,707,160,2.39,2.79,867,19,278,429
75644,842,4342,3065,1277,2.79,2.95,4342,313,1280,1785
75645,614,3901,3402,499,2.6,2.57,3901,24,1673,1729
75647,540,4670,3330,1340,2.67,2.47,4670,319,1425,1905
75650,454,3239,2204,1035,2.91,2.73,3239,65,1209,995
75651,154,841,682,159,2.66,1.82,841,45,306,376
75652,901,4015,2894,1121,2.6,2.62,4015,126,1196,1698
75654,722,4797,3747,1050,2.78,2.31,4797,146,1630,2117
75656,363,1649,1212,437,2.77,3.05,1649,108,455,757
75657,1109,3026,2238,788,2.27,2.79,3026,215,690,1548
75658,,8,8,0,,,8,8,8,
75659,,,,0,,,,0,,
75661,838,885,702,183,3.0,2.07,885,131,238,464
75662,1192,8510,6563,1947,2.95,2.58,8510,330,3011,3552
75667,75,528,417,111,2.74,2.82,528,9,162,255
75668,250,967,626,341,2.2,2.62,967,51,213,413
75669,80,261,261,0,4.31,,261,12,58,203
75670,1244,6303,3761,2542,2.96,2.61,6303,718,1230,2531
75671,,,,0,,,,0,,
75672,1358,5886,4713,1173,2.88,2.47,5886,331,1998,2715
75680,,,,0,,,,0,,
75681,221,1059,941,118,2.33,3.11,1059,30,324,617
75682,22,256,250,6,2.56,4.67,256,0,105,145
75683,366,1450,1200,250,2.56,3.7,1450,55,358,842
75684,481,2144,1802,342,3.23,3.31,2144,75,659,1143
75686,1282,4628,3549,1079,2.94,2.69,4628,195,1517,2032
75687,,,,0,,,,0,,
75689,39,56,54,2,3.85,2.5,56,0,13,41
75691,485,1500,1133,367,3.26,2.12,1500,40,614,519
75692,419,1813,1640,173,2.52,3.24,1813,95,717,923
75693,259,2146,1509,637,2.9,3.01,2146,3,703,806
75694,,,,0,,,,0,,
75701,2331,12080,7141,4939,2.74,2.56,12080,717,4179,2962
75702,1870,8409,4385,4024,3.34,2.86,8409,662,2060,2325
75703,2282,16830,8998,7832,2.72,2.25,16830,654,4790,4208
75704,1011,3091,2454,637,3.06,3.0,3091,19,1198,1256
75705,355,804,640,164,3.16,4.25,804,103,305,335
75706,954,3139,2419,720,3.19,3.38,3139,182,965,1454
75707,872,5635,4378,1257,2.57,2.34,5635,146,2234,2144
75708,771,3028,2311,717,3.44,3.39,3028,5,1244,1067
75709,730,2018,1157,861,2.52,1.94,2018,28,710,447
75711,,,,0,,,,0,,
75750,92,1293,975,318,2.77,2.97,1293,99,377,598
75751,1133,5776,3548,2228,3.02,2.38,5776,601,1519,2029
75752,717,2773,2453,320,2.57,3.56,2773,109,1098,1355
75754,328,2910,2302,608,2.79,2.55,2910,12,1078,1224
75755,568,1762,1102,660,2.4,2.92,1762,91,422,680
75756,329,1599,1177,422,2.58,3.23,1599,37,433,744
75757,523,4967,4212,755,2.72,2.95,4967,53,2203,2009
75758,863,3721,3019,702,2.64,2.39,3721,53,884,2135
75759,5,33,31,2,3.48,1.0,33,4,22,9
75760,326,1118,915,203,2.32,1.74,1118,117,274,641
75762,1008,5219,4302,917,2.93,2.17,5219,30,2368,1934
75763,652,2334,2047,287,2.61,3.94,2334,61,744,1303
75764,17,74,40,34,3.05,2.53,74,2,24,16
75765,1312,3059,2607,452,2.34,2.36,3059,157,1153,1454
75766,1252,9562,6702,2860,2.67,2.46,9562,680,2741,3961
75770,377,1010,879,131,2.57,1.98,1010,17,402,477
75771,1289,7680,6352,1328,2.65,2.94,7680,92,3164,3188
75773,681,5245,3833,1412,2.59,2.43,5245,367,1387,2446
75778,419,1038,772,266,2.36,2.33,1038,30,217,555
75779,,,,0,,,,0,,
75780,65,123,106,17,2.87,3.41,123,0,22,84
75782,14,20,16,4,1.81,1.0,20,0,,16
75783,776,3293,2825,468,2.47,2.41,3293,164,1265,1560
75784,87,217,191,26,3.61,3.04,217,2,50,141
75785,592,3389,2562,827,2.45,2.62,3389,207,1118,1444
75788,,28,,28,,,28,0,,
75789,318,3128,2430,698,2.79,3.06,3128,144,1079,1351
75790,140,1287,944,343,2.65,2.56,1287,30,570,374
75791,505,5005,3589,1416,2.86,2.7,5005,151,2368,1221
75792,279,1046,803,243,3.01,2.93,1046,43,270,533
75801,1086,5930,3545,2385,2.73,2.47,5930,351,1750,1795
75803,1159,5845,4159,1686,2.83,2.74,5845,502,1595,2564
75831,741,1871,1259,612,2.67,2.62,1871,81,337,922
75833,714,933,676,257,2.27,2.47,933,28,226,450
75835,1688,4411,2935,1476,2.57,2.49,4411,480,929,2006
75838,171,143,112,31,3.12,3.48,143,0,9,103
75839,422,1993,1574,419,2.87,3.35,1993,46,697,877
75840,881,2321,1717,604,2.82,2.44,2321,31,775,942
75844,1157,1779,1265,514,2.64,2.49,1779,110,496,769
75845,500,939,702,237,2.36,1.65,939,121,226,476
75846,605,1128,885,243,2.09,3.78,1128,45,323,562
75847,302,554,418,136,2.64,3.92,554,33,49,369
75848,12,35,21,14,3.33,1.43,35,0,6,15
75849,13,43,27,16,2.04,2.63,43,0,5,22
75850,97,499,446,53,2.99,3.98,499,0,239,207
75851,400,840,710,130,2.61,2.42,840,13,303,407
75852,159,467,406,61,2.47,3.69,467,28,136,270
75853,230,343,301,42,1.91,4.79,343,0,59,242
75855,547,1160,963,197,2.42,2.61,1160,76,145,818
75856,61,76,20,56,4.15,1.61,76,0,,20
75858,61,31,17,14,1.88,,31,0,,17
75859,528,948,732,216,2.08,2.78,948,13,272,460
75860,696,1665,1432,233,3.0,3.45,1665,50,509,923
75861,261,731,409,322,2.54,2.14,731,56,220,189
75862,1724,4365,3113,1252,2.36,2.26,4365,497,1207,1906
75865,,3,3,0,,,3,0,,3
75884,,,,0,,,,0,,
75886,,,,0,,,,0,,
75901,1368,10313,6782,3531,2.89,2.44,10313,383,3014,3768
75903,,57,,57,,1.72,57,15,,
75904,1741,12687,7649,5038,2.78,2.58,12687,991,3915,3734
75925,259,1316,816,500,2.68,2.44,1316,94,233,583
75926,179,522,416,106,2.36,2.24,522,4,112,304
75928,113,420,376,44,2.73,,420,46,47,329
75929,727,603,442,161,2.5,2.78,603,8,138,304
75930,381,690,596,94,2.5,1.68,690,3,142,454
75931,972,824,693,131,1.95,3.59,824,57,202,491
75932,604,527,508,19,2.46,4.84,527,32,209,299
75933,156,552,514,38,2.84,4.34,552,90,87,427
75934,93,56,56,0,3.48,,56,0,39,17
75935,987,4439,3362,1077,2.65,3.14,4439,160,1058,2304
75936,164,291,258,33,3.09,5.15,291,6,69,189
75937,150,444,380,64,2.86,3.33,444,2,115,265
75938,683,944,761,183,2.28,2.62,944,78,190,571
75939,498,1604,1117,487,3.54,2.93,1604,95,255,862
75941,369,2484,1959,525,2.94,3.17,2484,161,745,1214
75942,34,39,,39,,4.38,39,39,,
75943,94,421,359,62,2.9,2.08,421,28,178,181
75944,268,421,391,30,2.17,1.9,421,12,122,269
75946,272,1466,1076,390,2.51,2.38,1466,151,392,684
75948,2209,2570,2243,327,2.05,2.81,2570,60,574,1669
75949,769,3290,2330,960,2.49,2.7,3290,106,757,1573
75951,1510,5691,4277,1414,2.53,2.46,5691,372,1389,2888
75954,441,1006,763,243,2.34,3.13,1006,112,69,694
75956,501,3167,2514,653,2.57,2.66,3167,172,702,1812
75959,369,245,215,30,3.12,2.4,245,0,69,146
75960,169,205,198,7,2.99,1.86,205,0,62,136
75961,1465,6276,2979,3297,2.73,2.04,6276,337,1028,1951
75962,,,,0,,,,0,,
75964,1038,6775,4331,2444,2.87,2.87,6775,464,1731,2600
75965,1136,7619,3898,3721,2.41,2.0,7619,491,1994,1904
75966,506,1540,1055,485,2.75,2.93,1540,107,312,743
75968,212,855,673,182,2.66,2.38,855,146,211,462
75969,138,1434,1187,247,2.49,1.64,1434,49,518,669
75972,897,2492,1825,667,2.4,2.4,2492,301,468,1357
75973,443,1111,927,184,2.32,3.57,1111,41,204,723
75974,315,1194,841,353,2.67,2.97,1194,134,193,648
75975,472,1319,971,348,2.8,3.24,1319,171,396,575
75976,63,347,216,131,3.37,3.58,347,18,52,164
75977,125,158,121,37,2.63,1.62,158,19,,121
75979,1533,3519,2702,817,2.82,2.71,3519,213,993,1709
75980,975,1009,862,147,2.34,2.67,1009,47,175,687
76001,320,11238,8883,2355,3.24,3.46,11238,265,6179,2704
76002,215,9625,8121,1504,3.56,3.63,9625,117,6215,1906
76005,65,1267,1210,57,3.2,1.67,1267,7,804,406
76006,1533,12127,2946,9181,2.53,1.86,12127,457,1374,1572
76008,226,7224,6633,591,3.04,3.3,7224,70,4621,2012
76009,752,6814,5251,1563,3.05,2.97,6814,336,2852,2399
76010,2183,17995,5966,12029,3.43,2.93,17995,1375,3022,2944
76011,1430,9863,1972,7891,2.31,2.13,9863,726,860,1112
76012,646,10905,6870,4035,2.54,2.72,10905,562,3863,3007
76013,1097,13098,6415,6683,2.75,2.34,13098,772,3702,2713
76014,812,10639,5065,5574,3.19,2.9,10639,284,2903,2162
76015,738,6226,2975,3251,2.91,2.73,6226,324,1383,1592
76016,431,11043,8965,2078,2.8,2.77,11043,339,5337,3628
76017,978,15906,10682,5224,2.91,2.72,15906,323,7379,3303
76018,307,8375,6237,2138,3.24,3.87,8375,134,4018,2219
76020,1551,11697,9294,2403,2.82,2.54,11697,271,5388,3906
76021,611,14596,7890,6706,2.58,2.21,14596,691,5048,2842
76022,482,5717,2834,2883,2.64,2.29,5717,279,1685,1149
76023,172,2430,2100,330,3.05,2.43,2430,79,1104,996
76028,1272,25330,19229,6101,2.87,3.09,25330,643,12215,7014
76031,463,6163,4748,1415,3.0,3.0,6163,127,2262,2486
76033,478,9925,6511,3414,2.68,2.47,9925,293,3802,2709
76034,192,9002,8563,439,2.88,2.36,9002,34,5747,2816
76035,236,897,715,182,3.05,3.64,897,11,386,329
76036,762,9607,7114,2493,3.14,2.91,9607,135,5038,2076
76039,923,17165,6656,10509,2.59,2.23,17165,408,4417,2239
76040,1013,11623,4868,6755,3.24,2.21,11623,576,3080,1788
76041,11,173,173,0,2.14,,173,0,129,44
76043,310,2410,1903,507,2.96,2.58,2410,87,956,947
76044,136,2331,2017,314,2.83,2.41,2331,34,1169,848
76048,2180,10566,7428,3138,2.36,2.41,10566,355,3929,3499
76049,1329,11845,10485,1360,2.47,2.38,11845,168,5911,4574
76050,199,2483,1967,516,2.78,2.35,2483,41,1122,845
76051,999,20488,10638,9850,2.71,2.13,20488,822,7366,3272
76052,161,8180,7450,730,3.3,2.31,8180,40,6071,1379
76053,1114,11202,6132,5070,2.63,3.02,11202,377,3593,2539
76054,166,4650,3822,828,2.5,2.74,4650,65,2239,1583
76055,180,1126,858,268,2.93,2.41,1126,8,433,425
76058,548,7054,5142,1912,3.03,2.66,7054,66,2651,2491
76059,214,1589,609,980,3.3,2.58,1589,21,359,250
76060,280,2908,2121,787,2.91,2.49,2908,97,1200,921
76061,,79,79,0,3.32,,79,0,79,
76063,1183,24778,18833,5945,3.22,2.66,24778,650,13563,5270
76064,35,702,411,291,3.13,2.45,702,0,194,217
76065,613,13446,11106,2340,3.08,2.84,13446,167,8254,2852
76066,339,1547,1266,281,3.26,3.2,1547,169,666,600
76067,1397,7037,4820,2217,2.96,2.61,7037,453,2066,2754
76070,20,307,307,0,2.65,,307,0,288,19
76071,125,1346,1069,277,3.1,3.36,1346,34,709,360
76073,167,2231,1892,339,2.92,2.73,2231,0,990,902
76077,116,183,183,0,1.89,,183,0,72,111
76078,299,2974,2446,528,2.91,3.07,2974,30,1555,891
76082,1037,7281,6088,1193,3.08,2.81,7281,162,3683,2405
76084,227,2967,2615,352,3.14,3.11,2967,37,1696,919
76085,342,3695,3272,423,3.08,2.55,3695,25,2067,1205
76086,751,8301,4420,3881,2.47,2.28,8301,501,2426,1994
76087,1473,10920,9835,1085,2.63,2.59,10920,53,5369,4466
76088,240,5154,4296,858,2.92,2.46,5154,250,2455,1841
76092,348,9454,9030,424,3.33,2.68,9454,168,6263,2767
76093,64,1291,922,369,2.5,2.54,1291,77,559,363
76102,833,3897,961,2936,1.73,1.57,3897,393,451,510
76103,598,5364,3322,2042,3.18,3.13,5364,412,1755,1567
76104,1578,7178,2898,4280,3.03,2.26,7178,813,1077,1821
76105,929,6934,3741,3193,3.47,3.31,6934,661,1106,2635
76106,653,10809,5154,5655,3.71,3.2,10809,555,1734,3420
76107,2014,15053,7058,7995,2.25,1.72,15053,1029,4029,3029
76108,1460,16071,10934,5137,2.76,2.6,16071,294,7146,3788
76109,1302,9528,5025,4503,2.55,2.11,9528,341,2681,2344
76110,1372,11280,6718,4562,3.1,2.72,11280,989,3284,3434
76111,808,7298,4222,3076,3.05,2.81,7298,241,2016,2206
76112,2330,17012,8226,8786,2.7,2.29,17012,1422,4974,3252
76114,959,9572,5359,4213,2.86,2.81,9572,554,2536,2823
76115,544,6125,2880,3245,3.83,3.25,6125,461,927,1953
76116,3168,22075,7624,14451,2.61,2.03,22075,2447,4185,3439
76117,657,10991,5927,5064,2.91,2.99,10991,632,2815,3112
76118,587,5740,4066,1674,2.83,3.02,5740,122,2617,1449
76119,1787,14645,7593,7052,3.55,3.18,14645,1399,2923,4670
76120,994,7592,3852,3740,3.1,2.29,7592,484,3086,766
76123,437,11887,8963,2924,3.16,3.44,11887,212,6911,2052
76126,1125,8922,7343,1579,2.85,2.48,8922,58,4884,2459
76127,,45,,45,,2.71,45,0,,
76129,,,,0,,,,0,,
76131,211,15471,11931,3540,3.13,2.89,15471,264,9835,2096
76132,1169,12615,3991,8624,2.45,1.91,12615,957,2320,1671
76133,1211,19012,11572,7440,2.92,2.7,19012,1606,7129,4443
76134,731,9800,5742,4058,3.19,2.65,9800,558,3906,1836
76135,572,7682,5203,2479,2.45,2.42,7682,372,3275,1928
76137,1561,21343,12900,8443,2.93,2.54,21343,275,8942,3958
76140,853,9767,6598,3169,3.32,3.07,9767,662,3916,2682
76148,218,7965,6418,1547,2.86,3.96,7965,100,4045,2373
76155,364,3354,37,3317,6.0,1.87,3354,223,37,
76164,451,4283,2458,1825,3.43,3.04,4283,336,811,1647
76177,871,7730,3925,3805,3.06,1.92,7730,284,3050,875
76179,1013,23515,18079,5436,3.02,2.9,23515,116,13875,4204
76180,779,14909,7508,7401,2.67,2.26,14909,646,4153,3355
76182,420,11294,9484,1810,2.68,3.0,11294,67,6459,3025
76201,1612,11076,2160,8916,2.11,2.03,11076,914,1151,1009
76203,,,,0,,,,0,,
76205,893,7612,2816,4796,2.85,2.34,7612,238,1527,1289
76207,385,6254,3981,2273,2.4,2.82,6254,120,2425,1556
76208,621,8281,5483,2798,3.23,3.15,8281,178,3497,1986
76209,816,10316,4617,5699,2.71,2.42,10316,375,2863,1754
76210,412,15670,11834,3836,2.96,2.26,15670,246,8867,2967
76225,86,1271,1054,217,2.57,2.22,1271,4,586,468
76226,126,11659,10860,799,3.0,2.78,11659,169,7884,2976
76227,503,15459,12086,3373,2.86,2.53,15459,332,9911,2175
76228,87,488,395,93,2.46,2.56,488,2,144,251
76230,1085,3972,3169,803,2.38,2.8,3972,145,1540,1629
76233,68,1257,923,334,2.86,2.61,1257,35,411,512
76234,908,6671,5190,1481,2.88,2.72,6671,65,3071,2119
76238,14,124,103,21,2.69,2.62,124,6,51,52
76239,93,483,357,126,2.41,1.75,483,3,58,299
76240,931,11487,7256,4231,2.49,2.51,11487,515,3798,3458
76241,,4,4,0,2.25,,4,0,,4
76244,1139,23997,18217,5780,3.1,3.19,23997,253,15451,2766
76245,479,808,609,199,2.17,2.05,808,0,220,389
76247,196,5496,4703,793,2.99,2.93,5496,84,3689,1014
76248,310,14267,11576,2691,2.91,2.49,14267,504,8592,2984
76249,81,3256,2784,472,2.98,2.0,3256,200,2145,639
76250,8,418,373,45,2.51,1.98,418,2,156,217
76251,61,241,198,43,2.62,2.74,241,0,62,136
76252,174,935,751,184,2.58,2.49,935,27,273,478
76253,10,105,98,7,3.16,5.43,105,0,44,54
76255,858,2174,1515,659,2.63,2.24,2174,131,548,967
76258,45,2650,1926,724,2.79,2.17,2650,58,1073,853
76259,40,2078,1681,397,2.66,2.52,2078,5,1101,580
76261,48,90,61,29,3.39,1.28,90,0,12,49
76262,530,14188,10420,3768,3.07,2.16,14188,168,7910,2510
76263,,4,4,0,3.5,,4,0,,4
76264,135,539,425,114,2.21,2.32,539,9,236,189
76265,272,609,459,150,2.46,2.67,609,29,182,277
76266,365,6339,5107,1232,2.74,2.94,6339,111,3346,1761
76267,22,13,,13,,3.77,13,0,,
76268,9,49,36,13,2.39,3.46,49,0,11,25
76270,235,682,658,24,2.4,2.46,682,33,152,506
76271,66,652,526,126,2.87,2.9,652,15,319,207
76272,246,1788,1580,208,2.7,2.53,1788,28,796,784
76273,176,3814,2815,999,2.46,2.94,3814,143,1403,1412
76301,1576,6060,3036,3024,2.54,2.23,6060,850,839,2197
76302,363,4893,2925,1968,2.4,2.11,4893,306,1500,1425
76305,369,1923,1522,401,2.57,1.79,1923,132,583,939
76306,1053,5634,3098,2536,2.61,2.57,5634,563,1511,1587
76308,1172,8327,4658,3669,2.38,2.06,8327,387,2733,1925
76309,974,5617,3414,2203,2.6,2.24,5617,363,1582,1832
76310,798,7514,5597,1917,2.61,2.36,7514,190,3494,2103
76311,27,636,6,630,3.83,3.06,636,21,6,
76351,109,790,575,215,2.31,2.46,790,60,198,377
76354,616,4823,3156,1667,2.39,2.53,4823,283,1447,1709
76357,123,191,156,35,2.22,3.43,191,12,50,106
76360,398,1205,876,329,2.46,1.9,1205,154,280,596
76363,49,105,99,6,2.85,2.0,105,0,8,91
76364,32,89,48,41,2.27,2.63,89,3,5,43
76365,451,1822,1414,408,2.43,2.46,1822,75,671,743
76366,157,804,657,147,2.39,3.17,804,33,255,402
76367,364,3918,3340,578,2.4,2.79,3918,55,1581,1759
76370,68,158,133,25,2.95,2.2,158,0,59,74
76371,200,562,497,65,2.71,2.66,562,18,154,343
76372,102,397,285,112,2.86,2.1,397,28,97,188
76373,,61,54,7,2.39,8.0,61,0,10,44
76374,290,1607,1075,532,2.48,1.65,1607,95,304,771
76377,99,206,173,33,1.93,1.97,206,6,46,127
76379,20,186,137,49,3.1,3.16,186,1,60,77
76380,760,1518,1040,478,2.39,2.02,1518,75,177,863
76384,1231,4354,2728,1626,2.6,2.63,4354,172,1205,1523
76388,24,88,65,23,2.46,3.22,88,2,15,50
76389,86,511,438,73,2.91,3.49,511,9,171,267
76401,2288,10806,5994,4812,2.75,2.47,10806,630,3421,2573
76402,,,,0,,,,0,,
76424,1096,3081,2363,718,2.82,2.08,3081,261,868,1495
76426,683,3864,2782,1082,2.73,2.91,3864,72,1260,1522
76427,57,348,201,147,3.61,1.99,348,15,76,125
76429,70,78,78,0,1.36,,78,0,,78
76430,209,944,794,150,2.49,2.19,944,63,283,511
76431,221,1577,1353,224,2.7,3.21,1577,101,554,799
76432,211,430,393,37,2.56,2.11,430,0,88,305
76433,146,691,609,82,2.78,2.96,691,10,363,246
76435,160,188,173,15,2.33,3.2,188,0,30,143
76436,67,54,47,7,1.91,3.43,54,0,11,36
76437,622,2005,1603,402,2.47,3.12,2005,13,422,1181
76439,,,,0,,,,0,,
76442,933,2825,2374,451,2.81,2.0,2825,148,706,1668
76443,167,809,571,238,2.42,2.69,809,29,219,352
76444,332,1366,1059,307,2.69,1.92,1366,34,384,675
76445,116,73,73,0,3.14,,73,0,2,71
76446,867,3113,2637,476,2.85,2.75,3113,108,939,1698
76448,1028,2058,1482,576,2.37,2.27,2058,135,611,871
76449,1874,1029,887,142,2.25,2.4,1029,24,287,600
76450,1103,5399,4031,1368,2.39,2.4,5399,235,1679,2352
76452,39,53,53,0,2.09,,53,0,3,50
76453,279,680,585,95,2.15,2.73,680,14,225,360
76454,223,664,411,253,2.55,3.11,664,56,88,323
76455,138,332,304,28,2.53,2.82,332,9,121,183
76457,655,1478,1134,344,2.81,2.82,1478,72,379,755
76458,556,2003,1433,570,2.55,2.13,2003,295,630,803
76459,32,52,52,0,3.19,,52,7,14,38
76460,92,144,101,43,1.76,4.95,144,0,,101
76462,134,1557,1360,197,3.02,4.08,1557,17,685,675
76463,86,204,172,32,2.91,2.34,204,3,37,135
76464,146,197,171,26,1.94,1.88,197,4,21,150
76466,,99,75,24,6.0,3.04,99,24,49,26
76469,31,40,40,0,2.15,,40,0,10,30
76470,390,1379,913,466,2.31,2.18,1379,124,217,696
76471,375,646,494,152,2.29,2.24,646,61,77,417
76472,76,474,372,102,3.1,1.48,474,0,135,237
76474,21,104,100,4,2.81,1.25,104,0,69,31
76475,467,391,294,97,2.67,2.55,391,24,111,183
76476,100,1166,980,186,2.93,2.47,1166,23,490,490
76481,34,70,56,14,1.64,10.07,70,0,17,39
76483,203,383,275,108,2.22,2.39,383,21,53,222
76484,184,281,260,21,2.17,3.05,281,0,56,204
76486,188,431,359,72,2.51,1.61,431,9,200,159
76487,312,931,794,137,3.22,1.99,931,19,340,454
76490,,31,15,16,2.53,,31,0,4,11
76491,51,185,140,45,2.25,3.71,185,2,28,112
76501,665,6595,4117,2478,2.79,2.35,6595,840,2260,1857
76502,1175,16488,11066,5422,2.81,2.58,16488,1014,7103,3963
76504,1036,9722,3255,6467,2.81,2.13,9722,1038,1759,1496
76511,157,872,684,188,2.5,2.52,872,15,292,392
76513,1020,14535,9580,4955,2.91,2.46,14535,713,5957,3623
76518,109,522,390,132,2.89,3.11,522,0,119,271
76519,186,127,127,0,1.97,,127,29,41,86
76520,626,2815,1928,887,2.74,2.37,2815,197,579,1349
76522,1270,14682,9063,5619,2.91,2.39,14682,656,6005,3058
76523,,111,104,7,3.69,1.86,111,0,32,72
76524,59,1292,1026,266,2.81,3.49,1292,11,643,383
76525,133,461,348,113,2.47,2.66,461,24,128,220
76527,88,1583,1047,536,3.02,2.05,1583,16,630,417
76528,1074,6762,4816,1946,2.78,2.06,6762,435,2133,2683
76530,106,966,782,184,2.27,2.35,966,15,410,372
76531,810,1461,1192,269,2.85,3.44,1461,37,467,725
76534,168,1108,887,221,2.72,2.43,1108,34,522,365
76537,193,3474,2820,654,2.98,2.86,3474,88,2255,565
76538,107,471,410,61,2.27,3.1,471,2,165,245
76539,462,3189,2895,294,2.71,2.83,3189,24,1909,986
76541,2081,7908,1959,5949,2.78,2.19,7908,1075,787,1172
76542,1228,18486,10823,7663,2.87,2.53,18486,650,7952,2871
76543,1678,12893,4932,7961,2.66,2.54,12893,959,2753,2179
76544,4002,3291,43,3248,2.93,3.48,3291,32,,43
76548,946,11250,6249,5001,2.93,2.65,11250,616,4447,1802
76549,2041,18619,9235,9384,2.87,2.82,18619,622,6723,2512
76550,973,5097,3783,1314,2.69,2.59,5097,362,1840,1943
76554,97,840,612,228,2.54,3.52,840,27,328,284
76556,196,716,641,75,2.67,2.0,716,11,221,420
76557,207,2089,1623,466,3.04,2.44,2089,55,863,760
76559,377,2369,1537,832,2.93,2.11,2369,98,1346,191
76561,83,442,329,113,2.62,3.5,442,10,178,151
76565,,52,52,0,2.21,,52,0,14,38
76566,55,125,121,4,2.82,,125,0,42,79
76567,369,3717,2637,1080,2.3,2.39,3717,209,1132,1505
76569,133,894,782,112,3.42,4.46,894,0,351,431
76570,374,904,714,190,2.97,2.61,904,60,233,481
76571,349,3394,2882,512,2.83,2.38,3394,32,1646,1236
76573,,12,12,0,2.67,,12,0,,12
76574,709,7438,5370,2068,2.57,2.44,7438,310,2907,2463
76577,211,1255,969,286,2.59,2.13,1255,56,456,513
76578,72,544,425,119,2.67,2.66,544,4,270,155
76579,92,2086,1383,703,3.55,3.08,2086,193,914,469
76596,,,,0,,,,0,,
76597,,,,0,,,,0,,
76598,,,,0,,,,0,,
76599,,,,0,,,,0,,
76621,123,366,347,19,2.74,3.89,366,1,155,192
76622,119,546,463,83,3.15,2.86,546,0,163,300
76623,7,69,52,17,2.98,4.0,69,6,18,34
76624,222,876,773,103,2.93,2.49,876,7,345,428
76626,201,491,373,118,2.44,3.39,491,31,246,127
76627,117,572,511,61,2.57,3.07,572,23,206,305
76628,10,33,33,0,3.33,,33,0,3,30
76629,280,758,585,173,2.33,2.18,758,86,178,407
76630,48,664,589,75,2.56,2.31,664,0,323,266
76631,40,170,128,42,3.31,5.05,170,0,70,58
76632,199,534,424,110,2.84,3.83,534,69,109,315
76633,27,1989,1884,105,3.18,2.74,1989,18,1152,732
76634,979,2838,2199,639,2.62,1.93,2838,81,1001,1198
76635,125,498,373,125,3.05,2.9,498,22,142,231
76636,65,540,470,70,2.86,2.36,540,21,251,219
76637,45,181,126,55,2.16,1.76,181,4,26,100
76638,129,1066,983,83,2.92,2.59,1066,0,574,409
76639,200,676,431,245,2.81,1.73,676,80,203,228
76640,136,1136,829,307,2.64,3.02,1136,46,391,438
76641,139,602,515,87,2.83,3.59,602,4,184,331
76642,550,2105,1520,585,2.82,2.08,2105,96,636,884
76643,185,5655,3840,1815,2.66,2.97,5655,61,2304,1536
76645,501,3859,2332,1527,2.79,2.38,3859,500,992,1340
76648,336,997,724,273,2.6,2.37,997,68,242,482
76649,99,276,229,47,2.09,2.43,276,1,51,178
76650,22,48,42,6,2.95,6.0,48,0,3,39
76651,171,1467,1013,454,2.84,2.44,1467,47,592,421
76652,139,449,386,63,2.34,4.21,449,20,127,259
76653,138,533,427,106,2.65,2.63,533,24,125,302
76654,12,82,66,16,2.44,1.44,82,1,16,50
76655,238,2946,2580,366,2.9,3.11,2946,81,1526,1054
76656,203,860,658,202,3.31,2.46,860,51,336,322
76657,371,4013,2997,1016,2.8,3.17,4013,103,1503,1494
76660,80,200,146,54,2.99,4.19,200,21,41,105
76661,1015,2145,1337,808,2.69,2.61,2145,399,559,778
76664,158,1280,934,346,2.85,3.05,1280,50,371,563
76665,309,1117,699,418,2.53,2.42,1117,64,239,460
76666,25,66,42,24,2.95,1.96,66,0,14,28
76667,948,3701,2685,1016,2.91,2.12,3701,183,1054,1631
76670,76,538,386,152,3.56,2.9,538,40,142,244
76671,326,647,543,104,2.44,3.0,647,28,138,405
76673,142,377,312,65,3.31,3.4,377,3,129,183
76676,21,104,99,5,2.46,3.2,104,6,19,80
76678,14,43,43,0,1.79,,43,0,18,25
76679,141,330,323,7,3.25,2.29,330,8,129,194
76680,60,34,34,0,2.62,,34,0,,34
76681,138,211,154,57,2.4,3.18,211,10,23,131
76682,188,1077,889,188,2.73,3.87,1077,21,384,505
76685,28,28,28,0,1.54,,28,0,,28
76686,25,104,75,29,2.36,1.55,104,0,10,65
76687,456,827,713,114,2.28,2.54,827,43,185,528
76689,303,1446,1129,317,2.69,2.58,1446,41,580,549
76690,255,413,318,95,2.72,3.52,413,6,160,158
76691,324,2427,1904,523,2.62,2.38,2427,70,881,1023
76692,1443,3839,2981,858,2.38,2.63,3839,108,1347,1634
76693,205,808,580,228,2.73,2.42,808,49,182,398
76701,184,759,148,611,2.62,2.03,759,108,51,97
76704,435,3287,1037,2250,2.73,2.12,3287,588,415,622
76705,1181,11109,6232,4877,2.81,2.38,11109,677,3319,2913
76706,2002,14079,5575,8504,2.97,2.56,14079,892,2470,3105
76707,927,5808,3013,2795,2.91,2.69,5808,698,1360,1653
76708,1072,9508,5967,3541,2.88,2.45,9508,692,3140,2827
76710,1485,10705,5287,5418,2.28,2.06,10705,727,2548,2739
76711,394,3894,2030,1864,2.95,2.2,3894,150,832,1198
76712,918,10264,7056,3208,2.83,2.18,10264,270,4593,2463
76798,,,,0,,,,0,,
76801,2329,9477,6196,3281,2.62,2.25,9477,914,2938,3258
76802,303,2141,1719,422,2.7,2.33,2141,53,759,960
76820,72,61,50,11,1.96,1.91,61,0,,50
76821,493,1759,1306,453,2.53,2.15,1759,28,473,833
76823,281,993,792,201,2.7,2.59,993,22,347,445
76824,,,,0,,,,0,,
76825,780,2610,1744,866,2.66,2.05,2610,186,692,1052
76827,84,283,261,22,2.02,3.36,283,0,29,232
76828,67,99,99,0,2.04,,99,0,25,74
76831,15,,,0,,,,0,,
76832,128,194,114,80,3.28,2.88,194,13,32,82
76834,904,2103,1485,618,2.45,2.13,2103,151,582,903
76836,33,2,2,0,2.5,,2,0,,2
76837,229,417,313,104,2.88,2.44,417,24,87,226
76841,68,12,,12,,14.58,12,0,,
76842,95,89,89,0,1.91,,89,0,21,68
76844,641,1227,1032,195,2.58,2.28,1227,0,397,635
76845,46,101,86,15,2.5,3.2,101,0,41,45
76848,35,39,39,0,2.0,,39,0,9,30
76849,731,1465,1131,334,2.48,2.44,1465,75,251,880
76852,90,136,114,22,2.06,3.14,136,4,12,102
76853,346,538,404,134,2.81,2.43,538,17,133,271
76854,154,110,23,87,2.13,2.75,110,0,,23
76856,629,1307,1029,278,2.85,2.27,1307,52,489,540
76857,879,926,655,271,2.41,1.49,926,13,223,432
76858,60,112,102,10,2.43,1.6,112,5,40,62
76859,561,934,676,258,1.74,2.17,934,24,130,546
76861,105,654,504,150,3.15,3.11,654,8,185,319
76862,167,83,81,2,2.21,2.5,83,0,21,60
76864,240,314,289,25,2.56,2.68,314,15,46,243
76865,74,86,81,5,2.36,1.6,86,0,,81
76866,189,208,184,24,3.89,5.13,208,5,37,147
76869,45,41,41,0,5.32,,41,0,25,16
76870,25,20,16,4,3.31,4.75,20,0,,16
76871,225,230,183,47,3.03,3.19,230,2,57,126
76872,184,287,231,56,1.94,2.89,287,0,52,179
76873,29,50,43,7,2.74,4.29,50,0,13,30
76874,51,,,0,,,,0,,
76875,65,249,216,33,2.01,1.67,249,0,35,181
76877,504,1467,1091,376,2.46,2.71,1467,50,322,769
76878,299,607,443,164,2.62,2.83,607,39,114,329
76880,,,,0,,,,0,,
76882,72,96,80,16,2.93,1.44,96,0,30,50
76884,16,18,14,4,3.36,2.0,18,0,,14
76885,68,52,33,19,1.85,1.89,52,0,,33
76887,25,53,43,10,1.23,,53,0,,43
76888,143,75,45,30,1.67,2.03,75,0,9,36
76890,92,357,295,62,2.56,2.08,357,9,106,189
76901,1272,12181,8772,3409,2.58,2.83,12181,481,4170,4602
76902,,,,0,,,,0,,
76903,2248,11805,7323,4482,2.65,2.15,11805,1209,2768,4555
76904,1575,14828,9175,5653,2.52,2.02,14828,669,5390,3785
76905,743,4606,3152,1454,2.85,2.79,4606,77,1485,1667
76908,8,,,0,,,,0,,
76909,,,,0,,,,0,,
76930,14,33,33,0,2.18,,33,4,,33
76932,195,1055,722,333,3.47,2.47,1055,12,194,528
76933,131,492,350,142,2.42,3.08,492,18,134,216
76934,124,295,259,36,2.49,4.17,295,0,44,215
76935,190,666,666,0,2.85,,666,0,253,413
76936,367,883,746,137,2.93,2.66,883,25,232,514
76937,5,37,35,2,1.83,,37,0,18,17
76939,8,,,0,,,,0,,
76940,,,,0,,,,0,,
76941,137,599,488,111,2.17,3.14,599,35,161,327
76943,529,1274,792,482,2.47,1.79,1274,23,195,597
76945,426,780,540,240,2.3,1.94,780,22,146,394
76950,620,1128,769,359,3.17,2.81,1128,41,377,392
76951,148,397,357,40,3.62,1.75,397,4,166,191
76953,28,35,26,9,2.23,,35,0,11,15
76955,43,89,80,9,2.96,4.56,89,6,14,66
76957,,46,10,36,4.7,3.83,46,0,10,
76958,22,91,86,5,2.71,,91,0,17,69
77002,1414,5971,672,5299,1.54,1.32,5971,1148,379,293
77003,731,5140,2278,2862,1.92,1.95,5140,500,1585,693
77004,2761,14740,5095,9645,2.12,2.0,14740,2154,2934,2161
77005,624,9973,7075,2898,2.82,1.83,9973,456,4132,2943
77006,2276,13345,4741,8604,2.0,1.45,13345,946,3053,1688
77007,2475,21209,10877,10332,2.18,1.62,21209,556,8404,2473
77008,1312,17500,11046,6454,2.31,1.77,17500,825,8321,2725
77009,2272,14745,8365,6380,2.66,2.36,14745,1592,4116,4249
77010,196,536,25,511,,1.52,536,53,,25
77011,1069,6152,3079,3073,2.82,2.67,6152,776,735,2344
77012,1005,5942,2186,3756,3.37,2.78,5942,700,801,1385
77013,1020,5978,2529,3449,3.21,2.82,5978,523,973,1556
77014,1049,11862,6081,5781,3.53,2.75,11862,1338,4318,1763
77015,1875,18110,9514,8596,3.48,2.92,18110,845,4619,4895
77016,1198,9790,6083,3707,3.06,3.13,9790,869,1908,4175
77017,954,10440,5125,5315,3.46,2.98,10440,859,2038,3087
77018,1324,11641,8011,3630,2.6,1.97,11641,715,5373,2638
77019,1551,11326,5197,6129,2.28,1.74,11326,582,2802,2395
77020,1111,8885,4413,4472,3.03,2.87,8885,1177,1465,2948
77021,1723,10542,3906,6636,2.65,2.35,10542,1995,1577,2329
77022,1546,9097,4278,4819,2.86,2.95,9097,1291,1517,2761
77023,1423,10306,4705,5601,2.84,2.54,10306,1563,1809,2896
77024,2316,15846,9386,6460,2.7,1.87,15846,815,4388,4998
77025,1834,13601,5478,8123,2.52,1.92,13601,1671,3383,2095
77026,1585,7898,3410,4488,2.93,2.52,7898,1388,626,2784
77027,2193,10887,3199,7688,2.14,1.63,10887,183,1592,1607
77028,862,6288,3520,2768,3.32,2.82,6288,659,1100,2420
77029,825,5461,3763,1698,3.15,2.52,5461,418,1440,2323
77030,1166,5358,2177,3181,2.57,1.8,5358,537,967,1210
77031,797,5959,2579,3380,2.78,2.8,5959,379,1631,948
77032,343,4336,1705,2631,4.04,2.64,4336,645,703,1002
77033,934,9253,5530,3723,3.02,3.2,9253,953,1848,3682
77034,1679,12243,5809,6434,3.39,2.98,12243,612,3062,2747
77035,1837,13788,5836,7952,2.34,2.7,13788,1857,3164,2672
77036,5112,25658,4645,21013,2.4,2.73,25658,4567,1511,3134
77037,309,5149,3695,1454,3.39,3.83,5149,225,1434,2261
77038,348,8897,5013,3884,3.8,3.39,8897,490,2633,2380
77039,683,7931,4445,3486,3.75,3.1,7931,575,1829,2616
77040,886,18537,9660,8877,2.9,2.48,18537,1093,5865,3795
77041,822,10984,8072,2912,3.04,2.87,10984,92,4559,3513
77042,2241,18836,5091,13745,2.19,2.16,18836,1545,2474,2617
77043,932,9804,5616,4188,2.6,2.47,9804,391,3181,2435
77044,1069,15712,12184,3528,3.57,2.91,15712,494,8525,3659
77045,513,10053,6079,3974,3.34,3.09,10053,474,3270,2809
77046,166,751,371,380,1.19,1.48,751,55,260,111
77047,559,11891,8611,3280,2.64,3.18,11891,399,6008,2603
77048,612,6561,3526,3035,2.78,3.17,6561,778,2000,1526
77049,947,11422,7924,3498,3.75,2.79,11422,560,5626,2298
77050,111,1663,965,698,3.05,4.02,1663,67,253,712
77051,978,6570,2963,3607,2.88,2.91,6570,1109,1364,1599
77053,239,9175,6498,2677,3.14,3.83,9175,389,3830,2668
77054,2637,14448,1672,12776,1.58,1.63,14448,1731,808,864
77055,1521,15758,7199,8559,2.66,2.82,15758,1253,4109,3090
77056,2842,11805,4497,7308,2.14,1.69,11805,542,1853,2644
77057,3345,20858,6677,14181,2.09,2.12,20858,2158,3840,2837
77058,1221,9265,2777,6488,2.03,1.81,9265,781,1341,1436
77059,181,6239,5719,520,2.95,2.18,6239,146,3696,2023
77060,2033,14720,3426,11294,3.74,3.06,14720,2087,1786,1640
77061,1049,9147,3410,5737,3.26,2.5,9147,1309,1703,1707
77062,484,9442,7205,2237,2.65,2.55,9442,201,3875,3330
77063,2487,19672,4561,15111,2.1,2.0,19672,2322,2461,2100
77064,1273,15654,9746,5908,3.23,2.97,15654,375,5378,4368
77065,1015,15937,7039,8898,2.89,2.23,15937,644,4355,2684
77066,340,11855,8612,3243,3.37,3.4,11855,336,4651,3961
77067,1070,10005,4425,5580,3.78,2.98,10005,666,2492,1933
77068,423,3747,2629,1118,2.82,3.2,3747,172,1726,903
77069,608,8313,4939,3374,2.24,2.36,8313,141,2528,2411
77070,1662,21474,10377,11097,3.03,2.41,21474,950,6705,3672
77071,1037,9903,5162,4741,3.05,2.41,9903,1164,2969,2193
77072,1519,18997,8431,10566,3.33,3.35,18997,1670,4035,4396
77073,964,13288,8286,5002,3.26,2.36,13288,367,5940,2346
77074,2206,12941,4314,8627,2.73,3.05,12941,1504,2456,1858
77075,724,12287,7235,5052,3.57,3.35,12287,625,4053,3182
77076,842,9801,4832,4969,3.48,3.27,9801,1065,2035,2797
77077,3488,29031,10274,18757,2.52,1.98,29031,2109,6083,4191
77078,683,4625,2800,1825,3.14,2.67,4625,470,1247,1553
77079,2438,13372,7206,6166,2.86,2.28,13372,376,4245,2961
77080,1738,15248,7138,8110,2.66,3.23,15248,1042,3847,3291
77081,2396,18515,1197,17318,2.94,2.75,18515,2618,545,652
77082,2424,21398,8012,13386,2.85,2.21,21398,1993,5022,2990
77083,750,23129,14852,8277,3.5,3.09,23129,1384,8797,6055
77084,3279,34699,21208,13491,3.26,2.86,34699,1247,13840,7368
77085,137,5500,3729,1771,3.54,2.2,5500,184,2102,1627
77086,704,8660,4910,3750,3.8,3.03,8660,542,2611,2299
77087,1079,11344,6228,5116,3.35,3.04,11344,1019,2605,3623
77088,1399,17164,11072,6092,3.29,2.97,17164,1340,6126,4946
77089,1034,18118,12662,5456,3.38,2.95,18118,640,7493,5169
77090,2557,16174,3978,12196,3.1,2.21,16174,1531,2622,1356
77091,1680,11113,4036,7077,2.94,2.55,11113,1584,1751,2285
77092,1331,14368,5467,8901,2.37,2.55,14368,1283,2614,2853
77093,1153,13476,7920,5556,3.62,3.32,13476,1343,2341,5579
77094,367,3977,3314,663,2.88,2.38,3977,71,2130,1184
77095,1477,24622,17813,6809,3.1,2.32,24622,281,12431,5382
77096,2268,12819,6381,6438,2.7,2.4,12819,1061,3735,2646
77098,1178,8541,2754,5787,2.16,1.64,8541,346,1692,1062
77099,1474,16046,5742,10304,3.42,2.93,16046,1608,2779,2963
77204,,,,0,,,,0,,
77301,1001,10473,5965,4508,3.24,2.89,10473,828,2956,3009
77302,470,6394,5172,1222,2.94,3.25,6394,230,2792,2380
77303,659,7595,5619,1976,2.94,3.01,7595,139,3342,2277
77304,802,14903,8901,6002,2.74,2.01,14903,763,5633,3268
77306,570,5069,4328,741,3.37,2.76,5069,60,1959,2369
77316,815,9754,8742,1012,3.01,2.84,9754,129,5903,2839
77318,1123,6994,5588,1406,2.53,2.97,6994,165,2899,2689
77320,2375,9813,6095,3718,2.91,2.76,9813,428,2956,3139
77326,53,63,63,0,1.3,,63,0,8,55
77327,1941,9334,7393,1941,3.16,2.96,9334,665,3247,4146
77328,986,5891,4307,1584,3.12,3.06,5891,52,1755,2552
77331,1601,2930,2435,495,2.28,3.01,2930,87,976,1459
77334,,23,,23,,,23,0,,
77335,390,906,786,120,3.26,2.0,906,18,211,575
77336,704,4142,3201,941,2.9,3.13,4142,80,1683,1518
77338,869,16315,8652,7663,3.05,2.65,16315,927,6334,2318
77339,1497,17063,10014,7049,2.8,2.06,17063,1071,6248,3766
77340,1698,11979,5050,6929,2.47,2.15,11979,812,2396,2654
77341,,,,0,,,,0,,
77342,,,,0,,,,0,,
77345,658,9209,8155,1054,3.03,2.4,9209,181,4956,3199
77346,960,22385,18876,3509,3.06,2.77,22385,282,13853,5023
77350,38,40,29,11,3.55,1.45,40,4,5,24
77351,5128,11726,9137,2589,2.6,2.66,11726,537,3441,5696
77354,1504,12789,10185,2604,3.07,2.75,12789,162,6587,3598
77355,490,10032,8636,1396,3.12,3.01,10032,61,5716,2920
77356,2033,12040,10250,1790,2.44,2.06,12040,863,5870,4380
77357,1565,9258,7050,2208,3.21,3.33,9258,63,3770,3280
77358,595,1963,1547,416,2.75,2.32,1963,271,864,683
77359,40,82,27,55,1.41,1.89,82,21,,27
77360,1206,2350,1878,472,2.43,2.62,2350,102,808,1070
77362,160,2156,1902,254,2.89,3.34,2156,262,1151,751
77363,285,1227,1053,174,2.46,2.6,1227,21,398,655
77364,508,1048,934,114,2.22,1.75,1048,30,274,660
77365,1296,12145,10345,1800,3.04,2.91,12145,121,6684,3661
77367,79,176,106,70,1.8,1.04,176,0,55,51
77368,,,,0,,,,0,,
77369,169,215,166,49,2.22,2.22,215,17,28,138
77371,768,2154,1597,557,3.55,2.8,2154,46,626,971
77372,599,4157,3574,583,3.34,3.69,4157,10,1369,2205
77373,1267,21156,15118,6038,2.96,3.08,21156,264,10728,4390
77374,69,199,179,20,1.95,5.0,199,0,36,143
77375,847,22022,15584,6438,2.92,2.66,22022,627,10217,5367
77376,,309,303,6,1.77,2.5,309,55,8,295
77377,487,12618,10509,2109,3.15,2.62,12618,158,7385,3124
77378,521,5538,4338,1200,2.95,3.89,5538,131,2246,2092
77379,1324,27746,21549,6197,3.04,2.65,27746,664,14775,6774
77380,1517,13980,4852,9128,2.38,1.92,13980,469,2800,2052
77381,443,13441,10556,2885,2.71,2.49,13441,565,6159,4397
77382,419,13149,10459,2690,3.17,2.97,13149,360,7429,3030
77384,1284,9135,5209,3926,2.77,1.72,9135,217,3389,1820
77385,636,8464,6754,1710,2.99,2.67,8464,265,4613,2141
77386,555,20228,15970,4258,3.26,2.92,20228,158,13301,2669
77388,693,17511,12468,5043,3.05,3.06,17511,218,8601,3867
77389,642,13448,10790,2658,3.09,3.23,13448,14,7464,3326
77396,1178,19482,12884,6598,3.19,2.77,19482,159,8183,4701
77401,698,6256,5557,699,2.86,2.03,6256,82,2903,2654
77406,809,19349,16468,2881,3.07,2.0,19349,1245,11905,4563
77407,587,20776,16141,4635,3.62,3.15,20776,800,13475,2666
77412,,,,0,,,,0,,
77414,2882,9279,5885,3394,2.62,2.55,9279,793,1651,4234
77415,23,110,70,40,3.26,4.05,110,0,,70
77417,76,780,489,291,2.9,5.04,780,26,149,340
77418,482,3814,2840,974,2.71,2.42,3814,84,1505,1335
77419,110,294,278,16,2.9,,294,0,99,179
77420,149,835,613,222,2.83,2.84,835,33,243,370
77422,1460,4955,4248,707,2.56,2.63,4955,259,1557,2691
77423,405,4177,3414,763,3.47,3.0,4177,68,1866,1548
77426,208,788,559,229,2.36,3.03,788,0,270,289
77428,,,,0,,,,0,,
77429,1377,29886,25162,4724,3.02,2.6,29886,344,17780,7382
77430,136,665,643,22,2.65,3.32,665,11,349,294
77431,49,241,241,0,1.38,,241,0,,241
77432,15,,,0,,,,0,,
77433,1224,30506,24570,5936,3.46,3.02,30506,566,18680,5890
77434,482,1256,1007,249,3.47,2.55,1256,123,275,732
77435,309,1484,1207,277,2.52,2.49,1484,60,563,644
77436,22,,,0,,,,0,,
77437,655,6580,4202,2378,2.85,2.69,6580,390,1920,2282
77440,,51,16,35,6.0,,51,0,,16
77441,547,7108,6745,363,3.22,2.67,7108,0,5128,1617
77442,130,252,167,85,6.75,2.54,252,52,56,111
77443,56,62,,62,,2.13,62,0,,
77444,144,309,276,33,2.59,2.15,309,96,74,202
77445,783,5398,3201,2197,2.78,2.55,5398,261,1279,1922
77446,117,650,83,567,2.69,2.45,650,72,40,43
77447,330,5964,5195,769,2.91,3.9,5964,142,3453,1742
77448,50,72,16,56,4.25,,72,0,16,
77449,1347,37043,25936,11107,3.38,2.89,37043,1253,17619,8317
77450,1265,24737,17443,7294,2.98,2.78,24737,594,10404,7039
77451,69,193,145,48,3.26,2.4,193,12,48,97
77453,24,50,,50,,3.36,50,0,,
77454,,,,0,,,,0,,
77455,144,679,578,101,2.94,3.12,679,75,198,380
77456,96,366,290,76,2.65,3.87,366,25,,290
77457,646,257,209,48,1.78,2.06,257,7,47,162
77458,54,36,12,24,,1.92,36,0,12,
77459,926,24974,20989,3985,3.2,2.54,24974,212,14591,6398
77460,8,33,33,0,5.36,,33,0,11,22
77461,225,3878,2905,973,3.2,2.49,3878,207,1433,1472
77464,20,164,80,84,1.69,2.75,164,0,32,48
77465,1102,2638,2069,569,2.91,2.1,2638,45,641,1428
77466,19,190,136,54,1.47,2.96,190,5,47,89
77467,,,,0,,,,0,,
77468,,,,0,,,,0,,
77469,631,19346,15570,3776,2.96,2.54,19346,723,9741,5829
77470,133,178,143,35,2.35,3.49,178,0,52,91
77471,1438,14862,8258,6604,2.95,2.6,14862,586,5040,3218
77473,6,13,13,0,2.92,,13,0,,13
77474,506,5607,4682,925,2.46,2.67,5607,249,2143,2539
77475,311,331,310,21,2.04,3.24,331,0,188,122
77476,70,99,83,16,2.54,4.38,99,0,46,37
77477,932,12850,5500,7350,2.99,2.36,12850,638,2898,2602
77478,354,8777,6613,2164,2.78,2.19,8777,305,3370,3243
77479,1008,28515,23935,4580,3.25,2.7,28515,640,14997,8938
77480,749,2851,2361,490,2.84,2.94,2851,134,799,1562
77481,9,116,27,89,2.33,,116,0,6,21
77482,230,498,414,84,2.79,1.8,498,0,116,298
77483,142,133,133,0,2.51,,133,0,115,18
77484,519,4524,3147,1377,2.87,2.77,4524,166,1599,1548
77485,281,1464,1002,462,2.96,2.06,1464,68,357,645
77486,428,2682,1901,781,2.53,3.1,2682,112,837,1064
77488,884,5241,3308,1933,3.03,2.26,5241,473,1201,2107
77489,542,12720,9567,3153,2.98,3.16,12720,313,6347,3220
77493,935,14876,12216,2660,3.2,3.36,14876,301,8633,3583
77494,1722,40280,29747,10533,3.37,2.71,40280,961,21609,8138
77498,1321,16423,11545,4878,3.28,3.08,16423,353,6463,5082
77502,774,10845,6957,3888,3.44,3.51,10845,604,3158,3799
77503,778,8005,4131,3874,3.04,3.05,8005,388,2068,2063
77504,1154,9064,3728,5336,2.89,2.73,9064,868,2088,1640
77505,740,7848,5438,2410,2.93,2.73,7848,308,3148,2290
77506,1667,10434,3971,6463,3.62,3.51,10434,591,1672,2299
77507,108,240,,240,,1.68,240,0,,
77510,691,5214,4387,827,2.65,1.79,5214,191,2071,2316
77511,2318,16869,11600,5269,3.13,2.51,16869,550,6101,5499
77514,544,2106,1746,360,2.63,3.04,2106,21,538,1208
77515,1268,11596,8163,3433,2.78,2.23,11596,466,4282,3881
77517,51,2126,1976,150,2.99,1.45,2126,41,817,1159
77518,359,3544,2127,1417,2.72,3.38,3544,140,984,1143
77519,19,232,208,24,2.7,1.42,232,0,76,132
77520,1806,12833,7213,5620,3.0,2.52,12833,1262,3248,3965
77521,1266,21895,13350,8545,3.12,2.51,21895,854,7784,5566
77523,548,8554,7032,1522,3.1,3.01,8554,313,5513,1519
77530,1006,9052,6447,2605,3.41,3.42,9052,357,2814,3633
77531,1028,6005,3429,2576,2.84,2.36,6005,141,1831,1598
77532,916,10710,8722,1988,2.87,2.55,10710,548,4945,3777
77533,91,379,287,92,3.06,2.8,379,7,78,209
77534,157,902,827,75,3.5,3.08,902,11,475,352
77535,1225,10551,9002,1549,3.1,2.76,10551,280,4026,4976
77536,388,11485,8818,2667,2.92,2.8,11485,526,5583,3235
77538,64,276,249,27,3.12,3.19,276,12,78,171
77539,1869,16961,12842,4119,2.72,2.47,16961,565,7261,5581
77541,2564,6523,4370,2153,2.64,2.95,6523,246,1617,2753
77545,363,8199,6766,1433,3.07,3.46,8199,97,5172,1594
77546,953,18608,14004,4604,3.03,2.57,18608,930,9298,4706
77547,172,2671,1859,812,3.37,4.23,2671,99,567,1292
77550,4378,10940,4598,6342,2.13,1.87,10940,1760,2120,2478
77551,1565,9311,4374,4937,2.36,2.27,9311,799,1668,2706
77554,6019,4212,2810,1402,1.99,1.86,4212,80,1267,1543
77555,,,,0,,,,0,,
77560,21,339,309,30,2.11,1.9,339,0,206,103
77561,7,8,8,0,3.38,,8,0,,8
77562,516,3565,2734,831,2.78,3.21,3565,111,1046,1688
77563,661,4162,3088,1074,2.37,2.7,4162,196,1741,1347
77564,198,634,611,23,2.75,1.52,634,9,214,397
77565,369,2948,1753,1195,2.36,2.03,2948,35,1064,689
77566,925,11295,7384,3911,2.7,2.65,11295,308,3970,3414
77568,926,7287,5470,1817,2.73,2.6,7287,514,3338,2132
77571,718,13157,9560,3597,2.86,2.74,13157,605,5503,4057
77573,1240,34240,25918,8322,2.91,2.33,34240,598,18291,7627
77575,1065,5602,4248,1354,2.79,2.5,5602,322,1431,2817
77577,140,480,447,33,2.71,1.55,480,40,164,283
77578,785,8103,6615,1488,3.08,2.04,8103,214,5279,1336
77580,,,,0,,,,0,,
77581,1172,17078,13355,3723,3.21,2.07,17078,152,9303,4052
77582,2,174,174,0,2.15,,174,0,98,76
77583,1295,10883,9746,1137,3.26,2.57,10883,48,7018,2728
77584,1491,29822,22336,7486,3.2,2.36,29822,641,16983,5353
77585,63,422,383,39,2.91,,422,39,18,365
77586,818,9040,6073,2967,2.76,2.19,9040,176,3547,2526
77587,639,4880,2635,2245,3.65,3.01,4880,271,1117,1518
77590,1305,12764,6619,6145,2.69,2.49,12764,887,3340,3279
77591,796,5687,2982,2705,2.51,2.68,5687,394,1721,1261
77597,105,174,148,26,2.58,,174,0,66,82
77598,1059,12214,2513,9701,2.76,2.07,12214,744,1727,786
77611,642,3375,2571,804,2.96,2.76,3375,10,1537,1034
77612,708,3591,3190,401,2.74,1.8,3591,114,1193,1997
77613,31,385,333,52,2.29,2.56,385,16,100,233
77614,141,247,186,61,2.27,1.57,247,0,95,91
77615,27,133,100,33,2.83,2.48,133,8,61,39
77616,105,84,84,0,3.2,,84,0,58,26
77617,115,32,24,8,1.21,2.13,32,0,8,16
77619,667,5964,4425,1539,2.81,2.9,5964,219,1756,2669
77622,91,509,455,54,3.45,2.11,509,21,232,223
77623,73,290,269,21,2.43,1.62,290,0,129,140
77624,24,238,230,8,2.74,3.5,238,0,68,162
77625,779,3014,2462,552,2.68,2.04,3014,137,696,1766
77627,1067,8654,6387,2267,2.55,2.47,8654,288,3302,3085
77629,46,336,323,13,2.38,,336,0,109,214
77630,2377,10432,7131,3301,2.77,2.79,10432,774,3406,3725
77632,1459,8034,6439,1595,2.78,2.35,8034,348,3107,3332
77640,2214,6716,4456,2260,2.53,2.75,6716,776,1259,3197
77642,2531,13526,7047,6479,3.02,2.49,13526,1346,2383,4664
77650,1451,1116,985,131,1.72,3.04,1116,0,231,754
77651,565,4900,3813,1087,2.76,2.76,4900,95,1859,1954
77655,32,163,152,11,1.85,,163,0,47,105
77656,1358,6102,4868,1234,2.8,2.36,6102,445,1979,2889
77657,767,7951,6626,1325,2.7,2.72,7951,302,3739,2887
77659,224,1901,1615,286,3.42,2.46,1901,66,695,920
77660,143,419,377,42,3.45,,419,5,162,215
77661,,139,86,53,1.53,4.36,139,0,34,52
77662,2101,9543,7910,1633,2.71,2.56,9543,517,3412,4498
77663,159,386,234,152,2.68,1.49,386,0,91,143
77664,351,912,792,120,2.53,3.03,912,45,259,533
77665,581,2008,1604,404,3.17,3.26,2008,35,632,972
77701,1346,4610,2329,2281,2.93,2.59,4610,710,579,1750
77702,208,1470,819,651,2.46,2.07,1470,94,340,479
77703,991,4333,2135,2198,2.71,2.74,4333,407,460,1675
77705,1933,10760,6231,4529,2.63,2.47,10760,1103,2441,3790
77706,1311,12857,7354,5503,2.47,1.98,12857,922,4072,3282
77707,841,6293,4453,1840,2.92,2.63,6293,302,2611,1842
77708,494,5256,2620,2636,2.72,2.21,5256,408,1488,1132
77713,1108,5620,3481,2139,2.71,2.14,5620,64,1796,1685
77801,1284,5879,775,5104,3.16,2.37,5879,486,455,320
77802,940,10993,5838,5155,2.5,1.85,10993,837,3566,2272
77803,936,9635,5819,3816,3.27,3.11,9635,496,2927,2892
77807,801,4332,2667,1665,2.92,2.08,4332,183,1234,1433
77808,424,5531,5166,365,2.67,2.28,5531,51,3029,2137
77830,253,1125,959,166,2.97,1.62,1125,21,364,595
77831,688,1134,964,170,2.6,3.7,1134,163,313,651
77833,1672,10945,7698,3247,2.51,2.15,10945,480,3410,4288
77835,612,1318,1094,224,2.69,2.9,1318,46,540,554
77836,1031,4696,3702,994,2.54,2.04,4696,228,1275,2427
77837,259,596,430,166,2.5,2.94,596,48,144,286
77840,4551,19972,2247,17725,2.21,2.34,19972,2022,1002,1245
77843,,,,0,,,,0,,
77845,2573,27033,17911,9122,2.75,2.57,27033,478,11043,6868
77852,,,,0,,,,0,,
77853,165,471,384,87,2.44,1.78,471,77,61,323
77855,,21,21,0,1.62,,21,0,,21
77856,1078,1608,1225,383,2.83,2.49,1608,17,552,673
77857,97,401,352,49,2.31,1.86,401,5,137,215
77859,390,2839,2049,790,2.66,2.43,2839,281,593,1456
77861,240,841,724,117,2.64,2.23,841,13,256,468
77863,,29,,29,,12.38,29,0,,
77864,641,2535,1872,663,2.91,2.39,2535,214,641,1231
77865,380,704,577,127,3.04,4.11,704,32,223,354
77866,,,,0,,,,0,,
77867,22,97,93,4,3.17,1.75,97,32,20,73
77868,900,5467,3632,1835,2.72,2.59,5467,219,1487,2145
77871,364,1188,890,298,2.2,2.67,1188,18,187,703
77872,225,755,620,135,2.96,4.31,755,10,174,446
77873,162,515,479,36,2.43,2.94,515,9,169,310
77875,,12,12,0,,,12,0,,12
77876,,55,55,0,3.04,,55,0,,55
77878,51,236,144,92,2.47,2.27,236,23,51,93
77879,1037,2197,1684,513,2.3,2.52,2197,131,458,1226
77880,460,905,831,74,1.84,3.93,905,182,150,681
77882,,14,14,0,2.57,,14,0,,14
77901,2452,14916,8275,6641,2.81,2.52,14916,1439,4286,3989
77904,1024,11118,7859,3259,2.68,2.39,11118,352,4262,3597
77905,712,6307,5112,1195,2.5,3.06,6307,258,1842,3270
77950,69,73,60,13,1.63,2.62,73,0,6,54
77951,150,564,413,151,2.46,2.27,564,72,13,400
77954,1201,3348,2152,1196,2.84,2.51,3348,291,647,1505
77957,819,3070,2208,862,2.86,2.62,3070,186,890,1318
77960,,37,37,0,,,37,0,,37
77961,,133,71,62,1.45,,133,41,,71
77962,272,1124,783,341,2.87,2.86,1124,52,303,480
77963,672,1888,1474,414,2.9,2.01,1888,152,504,970
77964,1124,3165,2209,956,2.51,2.21,3165,173,736,1473
77968,129,1117,947,170,2.9,1.65,1117,0,366,581
77969,18,60,60,0,2.62,,60,0,38,22
77970,88,111,69,42,3.2,3.71,111,0,19,50
77971,138,297,226,71,4.01,3.25,297,0,116,110
77973,,11,,11,,2.73,11,0,,
77974,16,190,125,65,2.51,3.82,190,19,41,84
77975,356,646,458,188,2.21,2.61,646,20,125,333
77976,,19,19,0,2.16,,19,0,,19
77977,47,273,250,23,1.66,2.26,273,8,9,241
77978,58,188,97,91,2.21,2.56,188,0,37,60
77979,1363,6237,4674,1563,2.69,2.41,6237,209,1777,2897
77982,976,433,337,96,2.12,3.78,433,0,139,198
77983,420,877,708,169,2.64,2.24,877,12,266,442
77984,521,1625,1403,222,2.42,3.04,1625,30,573,830
77986,,9,9,0,2.0,,9,0,,9
77987,24,79,70,9,2.86,3.33,79,0,45,25
77988,42,44,44,0,2.27,,44,0,,44
77990,184,331,279,52,2.88,2.1,331,10,66,213
77991,82,90,71,19,5.85,4.05,90,4,51,20
77993,39,42,42,0,5.55,,42,0,,42
77994,135,132,105,27,2.97,2.37,132,3,59,46
77995,945,3887,2928,959,2.86,2.6,3887,151,925,2003
78001,,,,0,,,,0,,
78002,217,2447,1787,660,3.45,3.94,2447,76,800,987
78003,1347,3679,3154,525,2.41,2.97,3679,31,1361,1793
78004,,177,153,24,2.24,2.0,177,0,98,55
78005,19,828,454,374,2.09,2.66,828,0,77,377
78006,1062,14831,11052,3779,2.67,2.64,14831,341,6339,4713
78007,73,42,33,9,4.3,6.89,42,0,17,16
78008,145,121,75,46,2.68,1.8,121,0,19,56
78009,370,2653,2249,404,2.91,3.11,2653,81,1092,1157
78010,302,1535,1149,386,2.37,3.09,1535,36,510,639
78011,195,578,537,41,2.79,3.46,578,86,95,442
78012,64,109,73,36,2.38,2.11,109,19,15,58
78013,444,2156,1798,358,2.5,2.2,2156,6,920,878
78014,397,1531,1142,389,2.92,3.45,1531,0,488,654
78015,296,7364,6822,542,2.92,1.81,7364,13,5090,1732
78016,604,3508,2475,1033,2.9,2.71,3508,155,902,1573
78017,590,941,656,285,3.01,4.26,941,82,225,431
78019,149,420,377,43,3.68,1.23,420,39,32,345
78021,49,3,3,0,22.0,,3,0,3,
78022,753,1576,1214,362,2.5,3.84,1576,81,299,915
78023,215,9465,8498,967,3.05,2.84,9465,31,6127,2371
78024,426,514,387,127,2.03,2.35,514,0,115,272
78025,517,2143,1594,549,2.21,2.82,2143,58,640,954
78026,524,2520,1661,859,2.76,2.32,2520,168,657,1004
78027,89,169,169,0,2.63,,169,0,126,43
78028,1586,16905,11108,5797,2.21,2.45,16905,824,4684,6424
78029,,,,0,,,,0,,
78039,94,875,765,110,3.18,2.74,875,63,163,602
78040,2230,11316,4894,6422,3.39,3.16,11316,1949,1441,3453
78041,1208,14740,7570,7170,3.21,2.93,14740,858,3464,4106
78043,1335,12728,6782,5946,3.87,3.28,12728,627,2832,3950
78044,88,134,104,30,1.57,6.23,134,0,,104
78045,1029,19986,15235,4751,3.6,2.7,19986,253,10098,5137
78046,1593,16935,12883,4052,3.88,4.29,16935,778,7290,5593
78050,27,173,136,37,2.47,3.65,173,16,51,85
78052,316,1998,1710,288,2.97,2.91,1998,111,753,957
78055,408,754,682,72,2.14,2.38,754,9,234,448
78056,160,862,785,77,2.33,5.45,862,0,530,255
78057,327,496,496,0,1.09,,496,39,414,82
78058,253,387,350,37,2.06,2.08,387,1,80,270
78059,263,1996,1830,166,2.89,2.33,1996,102,828,1002
78061,597,2588,1623,965,3.43,3.64,2588,288,506,1117
78062,,,,0,,,,0,,
78063,934,3749,3407,342,2.47,2.53,3749,69,1630,1777
78064,730,5190,3884,1306,2.77,3.93,5190,260,1777,2107
78065,498,3583,2823,760,2.98,3.12,3583,108,1162,1661
78066,19,245,233,12,2.27,4.5,245,15,56,177
78067,294,186,186,0,3.65,,186,35,2,184
78069,315,1897,1623,274,3.58,2.64,1897,44,695,928
78070,721,6718,6231,487,2.61,2.1,6718,86,4072,2159
78071,478,1008,728,280,2.73,2.1,1008,62,223,505
78072,79,122,102,20,3.68,5.65,122,9,23,79
78073,408,2770,2214,556,3.94,2.84,2770,53,958,1256
78074,,44,44,0,1.89,,44,0,11,33
78075,7,94,62,32,2.69,,94,16,6,56
78076,1368,4191,3060,1131,3.28,2.78,4191,391,894,2166
78101,181,3188,2902,286,2.88,2.55,3188,80,1529,1373
78102,1568,7087,4696,2391,2.96,2.42,7087,429,1676,3020
78104,9,31,,31,,3.1,31,0,,
78107,36,220,153,67,1.78,1.87,220,22,64,89
78108,685,13889,11801,2088,3.15,3.62,13889,98,9084,2717
78109,598,16409,12200,4209,3.0,2.84,16409,293,9195,3005
78111,,,,0,,,,0,,
78112,126,3151,2795,356,3.19,3.27,3151,210,1317,1478
78113,97,1095,882,213,2.51,2.57,1095,28,260,622
78114,725,8002,6684,1318,2.91,2.39,8002,176,3618,3066
78116,99,116,116,0,2.02,,116,0,20,96
78117,64,301,279,22,2.32,1.27,301,3,40,239
78118,405,1241,898,343,2.64,1.97,1241,46,103,795
78119,731,1822,1127,695,2.5,2.85,1822,228,368,759
78121,478,4755,4304,451,2.86,2.98,4755,72,2645,1659
78122,27,157,144,13,1.47,2.92,157,0,53,91
78123,472,1028,925,103,2.4,2.92,1028,35,290,635
78124,219,2574,2350,224,2.87,2.38,2574,52,1079,1271
78125,16,10,10,0,1.7,,10,0,,10
78130,3381,32258,20333,11925,2.76,2.3,32258,959,12538,7795
78132,857,12813,10938,1875,2.98,2.04,12813,317,7083,3855
78133,2071,8912,7643,1269,2.31,2.49,8912,221,4201,3442
78140,168,1240,857,383,2.86,2.99,1240,92,247,610
78141,158,347,286,61,2.19,3.72,347,4,37,249
78142,17,34,29,5,3.24,,34,5,3,26
78143,13,55,55,0,3.98,,55,0,55,
78144,,18,,18,,,18,0,,
78145,8,26,16,10,2.63,4.3,26,0,7,9
78146,73,211,99,112,2.9,3.92,211,25,38,61
78147,99,546,340,206,3.06,3.15,546,10,150,190
78148,259,8170,4097,4073,2.76,2.76,8170,216,2612,1485
78150,,,,0,,,,0,,
78151,137,612,382,230,2.44,2.44,612,30,124,258
78152,35,926,905,21,2.57,2.57,926,4,327,578
78154,725,14512,10114,4398,2.81,2.51,14512,223,6947,3167
78155,1878,18594,13242,5352,2.75,2.58,18594,978,6387,6855
78159,89,306,234,72,2.78,2.92,306,4,82,152
78160,254,1775,1539,236,3.02,2.43,1775,67,759,780
78161,75,196,185,11,3.3,,196,13,92,93
78162,63,132,83,49,1.66,4.14,132,0,11,72
78163,359,5141,4903,238,2.85,2.09,5141,24,2931,1972
78164,509,1390,1133,257,2.56,2.47,1390,108,348,785
78201,1907,17249,8056,9193,2.9,2.38,17249,2442,3728,4328
78202,744,4245,2044,2201,2.61,2.22,4245,530,912,1132
78203,453,2285,1145,1140,3.51,1.7,2285,352,578,567
78204,1133,4727,2204,2523,2.72,2.21,4727,662,714,1490
78205,612,1118,58,1060,2.14,1.26,1118,437,43,15
78207,2177,16488,7311,9177,3.09,2.69,16488,3443,2065,5246
78208,397,1817,607,1210,2.32,2.19,1817,405,112,495
78209,2560,19257,9308,9949,2.55,1.73,19257,1003,5178,4130
78210,2225,12187,6988,5199,2.93,2.56,12187,1607,3313,3675
78211,1003,9702,6187,3515,3.11,3.21,9702,876,2120,4067
78212,1862,11670,5212,6458,2.46,1.78,11670,1338,2485,2727
78213,1354,16940,8215,8725,2.78,2.27,16940,1405,5084,3131
78214,505,8174,4732,3442,3.08,2.41,8174,1106,1919,2813
78215,448,2121,154,1967,3.08,1.33,2121,149,67,87
78216,2783,19294,6525,12769,2.44,2.11,19294,1712,3770,2755
78217,1472,14597,6180,8417,2.52,2.07,14597,1643,3505,2675
78218,914,13630,6472,7158,3.05,2.27,13630,1203,4149,2323
78219,597,5524,2849,2675,2.66,3.25,5524,543,982,1867
78220,595,5635,3173,2462,2.53,3.09,5635,635,991,2182
78221,1213,13185,8669,4516,3.19,3.14,13185,1097,4117,4552
78222,897,7884,5393,2491,3.14,2.63,7884,861,2870,2523
78223,1973,19398,11023,8375,3.07,2.38,19398,2459,6511,4512
78224,418,6231,3428,2803,3.33,2.96,6231,395,1609,1819
78225,393,5173,3518,1655,2.77,2.63,5173,557,1227,2291
78226,571,2324,887,1437,3.23,2.94,2324,517,307,580
78227,1125,15192,8642,6550,3.16,2.9,15192,1077,4239,4403
78228,1913,19593,11355,8238,2.76,2.89,19593,2088,5162,6193
78229,2610,16492,2463,14029,1.89,2.1,16492,1581,983,1480
78230,1486,19217,9225,9992,2.47,1.99,19217,921,4907,4318
78231,127,3841,2634,1207,2.76,2.35,3841,173,1630,1004
78232,685,15202,8723,6479,2.51,2.26,15202,583,5096,3627
78233,779,17579,10625,6954,2.6,2.66,17579,866,6445,4180
78234,102,945,3,942,4.0,3.91,945,5,,3
78235,117,1156,,1156,,2.04,1156,11,,
78236,106,470,,470,,4.1,470,15,,
78237,946,12450,7850,4600,3.14,3.05,12450,1434,2547,5303
78238,1046,10306,4955,5351,2.71,2.29,10306,1245,2637,2318
78239,791,9892,7115,2777,2.93,3.35,9892,463,4384,2731
78240,2767,24089,8633,15456,2.57,2.21,24089,1810,5702,2931
78242,689,10105,5447,4658,3.38,3.36,10105,554,2649,2798
78243,,,,0,,,,0,,
78244,545,11958,8543,3415,3.0,3.11,11958,111,6519,2024
78245,1889,28417,20544,7873,3.31,2.86,28417,709,15700,4844
78247,694,18466,14112,4354,2.75,2.63,18466,327,10064,4048
78248,114,5717,3972,1745,2.56,2.07,5717,63,2265,1707
78249,1359,21969,11278,10691,2.7,2.38,21969,528,8073,3205
78250,560,19931,14672,5259,3.01,2.99,19931,497,9760,4912
78251,1061,21540,11127,10413,3.3,2.43,21540,552,8585,2542
78252,178,4121,3481,640,3.17,2.74,4121,99,2644,837
78253,1375,19330,15340,3990,3.19,2.7,19330,300,12236,3104
78254,802,22486,18529,3957,3.34,3.17,22486,478,14515,4014
78255,417,6020,5135,885,2.95,2.68,6020,65,3779,1356
78256,865,4799,1491,3308,3.7,1.82,4799,324,1104,387
78257,753,4881,1914,2967,2.33,1.59,4881,88,1122,792
78258,1074,18077,10956,7121,3.02,1.96,18077,580,8091,2865
78259,634,9940,6787,3153,2.97,1.76,9940,354,4965,1822
78260,434,11365,10170,1195,3.02,2.81,11365,57,7647,2523
78261,522,8515,7039,1476,2.91,2.37,8515,39,5810,1229
78263,28,1877,1589,288,2.57,2.5,1877,4,750,839
78264,569,3926,3265,661,3.17,3.78,3926,125,1585,1680
78266,195,2706,2576,130,2.61,1.77,2706,21,1611,965
78330,34,216,193,23,2.65,3.7,216,4,59,134
78332,1929,8913,5922,2991,3.03,3.02,8913,647,2062,3860
78336,1926,4533,3036,1497,2.68,2.76,4533,387,1152,1884
78338,,,,0,,,,0,,
78339,55,135,135,0,2.58,,135,0,,135
78340,113,189,168,21,1.91,2.95,189,22,29,139
78341,393,383,241,142,3.29,4.02,383,46,85,156
78342,6,74,39,35,3.33,2.74,74,0,12,27
78343,425,1632,1404,228,2.74,3.31,1632,35,565,839
78344,47,139,125,14,2.94,3.36,139,0,60,65
78347,,24,24,0,,,24,0,,24
78349,144,161,159,2,4.81,1.5,161,22,40,119
78351,50,183,59,124,4.46,3.56,183,6,9,50
78352,36,51,51,0,5.69,,51,15,,51
78353,148,175,79,96,1.95,1.73,175,6,,79
78355,907,2345,1540,805,2.66,2.98,2345,332,285,1255
78357,310,878,630,248,3.04,3.63,878,31,166,464
78358,157,493,409,84,1.94,2.32,493,51,72,337
78359,120,634,394,240,3.7,3.22,634,41,64,330
78360,19,,,0,,,,0,,
78361,810,1423,958,465,3.32,3.55,1423,99,385,573
78362,536,3805,2663,1142,2.75,2.92,3805,106,1429,1234
78363,2088,10901,5796,5105,2.75,2.3,10901,637,2799,2997
78368,1188,3534,2789,745,2.34,2.68,3534,379,650,2139
78369,74,77,57,20,2.53,2.25,77,18,6,51
78370,326,1635,1211,424,2.98,2.95,1635,45,482,729
78371,72,49,42,7,1.74,5.0,49,7,,42
78372,583,1577,1233,344,3.42,3.02,1577,137,576,657
78373,3549,1552,1167,385,2.18,1.89,1552,113,559,608
78374,1168,6811,4327,2484,2.95,2.77,6811,220,2704,1623
78375,385,1067,712,355,2.8,2.79,1067,20,210,502
78376,149,93,65,28,3.03,2.71,93,0,9,56
78377,517,946,634,312,3.73,2.48,946,146,233,401
78379,228,649,568,81,2.43,2.41,649,18,177,391
78380,1108,8442,6353,2089,2.65,3.35,8442,484,2130,4223
78382,4119,8306,6679,1627,2.23,2.14,8306,304,2558,4121
78383,865,1715,1471,244,2.86,3.32,1715,159,679,792
78384,814,1481,1123,358,2.94,3.92,1481,223,252,871
78385,52,48,5,43,2.2,3.56,48,0,,5
78387,635,3247,2019,1228,3.14,2.58,3247,275,592,1427
78389,229,694,584,110,2.83,2.07,694,10,136,448
78390,503,1895,1227,668,3.06,2.96,1895,226,442,785
78391,12,50,19,31,3.32,3.0,50,0,6,13
78393,287,686,549,137,3.07,3.71,686,39,179,370
78401,616,1573,257,1316,2.73,1.63,1573,563,85,172
78402,333,116,86,30,2.36,,116,30,39,47
78404,1449,6009,2995,3014,2.56,2.52,6009,719,1163,1832
78405,901,5216,2933,2283,2.83,2.48,5216,814,604,2329
78406,26,370,139,231,3.24,4.79,370,26,32,107
78407,354,625,347,278,3.48,2.87,625,88,124,223
78408,737,3953,2139,1814,2.83,2.27,3953,474,871,1268
78409,123,854,456,398,3.21,2.12,854,36,187,269
78410,1050,9418,6312,3106,3.01,2.75,9418,499,4097,2215
78411,1367,9118,5686,3432,2.77,2.41,9118,582,2907,2779
78412,1223,15606,7270,8336,2.64,2.2,15606,625,3815,3455
78413,1144,14357,8001,6356,2.76,2.33,14357,500,5024,2977
78414,1207,17224,10996,6228,2.88,2.28,17224,474,8335,2661
78415,1380,14095,7891,6204,2.92,2.96,14095,1381,3517,4374
78416,458,5329,2996,2333,2.77,2.89,5329,392,996,2000
78417,144,1392,888,504,3.25,3.01,1392,63,481,407
78418,3228,12068,7644,4424,2.42,2.56,12068,920,4538,3106
78419,14,176,,176,,3.09,176,4,,
78501,3188,21666,11034,10632,2.94,2.61,21666,1800,4831,6203
78503,1482,6254,3822,2432,3.19,3.29,6254,451,1781,2041
78504,1749,18738,12677,6061,3.4,2.92,18738,591,7808,4869
78516,2037,10016,7677,2339,3.4,3.35,10016,393,2286,5391
78520,2617,18844,10677,8167,3.34,2.95,18844,2359,4813,5864
78521,2566,26194,15497,10697,3.4,3.36,26194,1894,4903,10594
78526,1015,16374,11441,4933,3.78,3.12,16374,488,6023,5418
78535,33,253,190,63,2.46,3.9,253,16,56,134
78536,59,134,123,11,2.55,3.55,134,5,40,83
78537,2630,13667,10101,3566,3.9,3.31,13667,710,3470,6631
78538,454,2840,2258,582,4.0,2.61,2840,185,877,1381
78539,1119,13310,7257,6053,2.68,2.71,13310,593,3647,3610
78540,11,,,0,,,,0,,
78541,1605,14304,7533,6771,3.64,2.59,14304,662,3944,3589
78542,2335,21034,15920,5114,3.9,3.55,21034,1047,7168,8752
78543,234,2566,1965,601,3.3,3.21,2566,105,569,1396
78545,179,205,199,6,1.98,2.0,205,26,,199
78547,50,185,155,30,1.27,2.0,185,0,,155
78548,145,456,388,68,3.24,2.29,456,79,8,380
78549,109,295,249,46,2.81,8.91,295,67,72,177
78550,2662,18778,9848,8930,2.79,2.88,18778,1334,3786,6062
78552,2409,13416,10169,3247,3.02,3.23,13416,654,4715,5454
78557,231,3746,2856,890,3.72,3.71,3746,165,2000,856
78558,31,187,157,30,2.22,2.7,187,0,14,143
78559,710,4185,3163,1022,2.87,3.65,4185,308,1349,1814
78560,301,1359,784,575,3.22,3.29,1359,130,418,366
78561,8,213,162,51,3.62,2.12,213,14,57,105
78562,95,513,381,132,3.54,2.05,513,32,105,276
78563,39,55,55,0,1.85,,55,0,4,51
78564,75,13,,13,,3.23,13,0,,
78565,77,52,42,10,,1.9,52,0,,42
78566,1098,6934,4989,1945,3.67,3.15,6934,436,2072,2917
78567,25,100,71,29,3.15,3.24,100,10,3,68
78569,257,1247,1001,246,3.62,3.04,1247,96,270,731
78570,1847,9137,6726,2411,3.74,3.36,9137,721,2169,4557
78572,6143,24561,17820,6741,3.17,2.96,24561,1661,6705,11115
78573,1202,11363,7861,3502,3.77,3.67,11363,773,3094,4767
78574,1624,16238,12379,3859,3.89,4.01,16238,759,4857,7522
78575,273,1665,1125,540,2.97,3.21,1665,41,392,733
78576,351,3048,2315,733,4.34,3.7,3048,249,998,1317
78577,3274,23279,13534,9745,3.45,3.33,23279,1661,4605,8929
78578,2367,4038,2775,1263,2.48,2.9,4038,178,1137,1638
78579,130,902,798,104,3.58,3.06,902,14,104,694
78580,758,3305,1987,1318,3.68,3.77,3305,109,354,1633
78582,2116,12139,9166,2973,3.64,3.58,12139,1115,2093,7073
78583,891,2035,1708,327,3.01,2.49,2035,206,672,1036
78584,1282,5253,3575,1678,3.64,3.04,5253,745,447,3128
78585,,,,0,,,,0,,
78586,1944,14410,11123,3287,3.41,3.24,14410,784,3507,7616
78588,52,48,37,11,2.41,2.91,48,0,,37
78589,1065,10970,8376,2594,3.58,3.77,10970,538,3264,5112
78590,55,127,93,34,4.97,4.71,127,3,20,73
78591,113,146,141,5,1.91,,146,5,9,132
78592,28,173,149,24,3.41,4.58,173,23,4,145
78593,121,1407,1012,395,3.35,3.71,1407,145,238,774
78594,91,516,395,121,3.16,1.64,516,42,104,291
78595,213,1999,1720,279,3.69,3.31,1999,205,189,1531
78596,3995,11323,7413,3910,3.31,3.07,11323,1264,2588,4825
78597,5047,1118,739,379,2.06,1.62,1118,39,324,415
78598,323,70,62,8,2.0,,70,0,22,40
78599,865,8519,6462,2057,4.18,3.63,8519,415,2870,3592
78602,1379,11077,8295,2782,2.75,2.84,11077,406,4882,3413
78605,177,2588,2350,238,2.54,3.86,2588,55,1154,1196
78606,690,2621,2043,578,2.64,2.54,2621,25,994,1049
78607,135,67,59,8,2.9,1.88,67,0,17,42
78608,99,114,114,0,2.85,,114,13,60,54
78609,496,841,679,162,2.24,2.73,841,25,175,504
78610,438,14937,11824,3113,2.81,2.7,14937,205,8481,3343
78611,2085,4728,3801,927,2.61,2.62,4728,231,1822,1979
78612,533,5655,4761,894,3.62,3.66,5655,124,3040,1721
78613,976,32007,21325,10682,2.86,2.32,32007,717,15628,5697
78614,86,184,139,45,2.12,2.93,184,0,54,85
78615,37,523,386,137,3.05,3.61,523,7,201,185
78616,385,2462,1977,485,3.5,3.38,2462,26,1094,883
78617,428,7662,6315,1347,3.42,3.28,7662,126,3498,2817
78618,208,129,108,21,1.78,3.43,129,1,23,85
78619,72,2159,1952,207,2.87,3.18,2159,9,1228,724
78620,499,6538,5583,955,2.89,2.5,6538,33,3769,1814
78621,936,8103,6628,1475,2.93,3.63,8103,166,3900,2728
78622,41,134,112,22,2.2,3.64,134,19,51,61
78623,92,564,518,46,1.98,2.28,564,0,224,294
78624,2200,9794,6828,2966,2.37,2.24,9794,461,2830,3998
78626,954,12337,7988,4349,3.05,2.52,12337,284,5791,2197
78628,486,14334,10992,3342,2.85,2.4,14334,522,7434,3558
78629,754,4518,2865,1653,2.68,2.46,4518,374,891,1974
78631,415,1018,854,164,3.02,2.67,1018,22,384,470
78632,84,559,500,59,2.5,1.69,559,40,337,163
78633,420,12911,11904,1007,2.1,1.42,12911,301,5707,6197
78634,380,13271,10698,2573,2.86,3.07,13271,71,8919,1779
78635,45,104,54,50,1.83,2.12,104,0,27,27
78636,495,1613,1137,476,2.17,1.74,1613,66,443,694
78638,160,769,708,61,2.39,4.74,769,66,283,425
78639,1556,3291,2526,765,2.52,2.03,3291,162,1538,988
78640,925,21074,14976,6098,3.08,2.84,21074,278,10431,4545
78641,1343,26921,21800,5121,3.01,3.08,26921,385,16749,5051
78642,240,6010,5048,962,2.94,3.54,6010,98,3686,1362
78643,1280,2714,2090,624,2.36,2.47,2714,96,964,1126
78644,745,6381,4530,1851,2.85,2.94,6381,231,2650,1880
78645,1069,6099,5270,829,2.39,2.1,6099,179,3106,2164
78648,362,2980,1907,1073,2.57,2.56,2980,351,669,1238
78650,211,781,692,89,3.25,3.29,781,51,253,439
78652,92,1632,1440,192,2.78,4.69,1632,0,1030,410
78653,559,8868,7793,1075,3.5,3.42,8868,103,6102,1691
78654,2236,7242,5192,2050,2.56,2.69,7242,256,2344,2848
78655,125,1336,911,425,2.98,2.31,1336,19,335,576
78656,19,883,527,356,3.2,2.57,883,46,242,285
78657,2233,3018,2616,402,2.26,2.23,3018,4,1098,1518
78658,,35,35,0,2.06,,35,0,27,8
78659,265,1151,1066,85,2.6,,1151,20,524,542
78660,1527,37699,27468,10231,3.1,2.45,37699,954,21003,6465
78661,13,104,99,5,2.96,8.6,104,8,42,57
78662,159,1074,824,250,2.5,1.98,1074,0,455,369
78663,71,291,274,17,2.43,1.82,291,0,175,99
78664,1118,22089,12166,9923,2.85,2.52,22089,614,9481,2685
78665,1384,21317,14305,7012,3.01,2.39,21317,338,11190,3115
78666,2762,31811,11253,20558,2.61,2.28,31811,1948,6752,4501
78669,1382,4097,3650,447,2.6,2.74,4097,24,2432,1218
78670,4,64,43,21,2.88,2.14,64,0,17,26
78671,66,334,213,121,2.58,1.27,334,0,82,131
78672,464,455,432,23,1.79,2.22,455,0,143,289
78674,3,47,31,16,3.39,4.0,47,5,7,24
78675,43,92,78,14,2.5,,92,0,29,49
78676,869,6473,5181,1292,2.32,2.43,6473,94,2999,2182
78677,,,,0,,,,0,,
78681,747,19661,14626,5035,2.99,2.69,19661,536,10371,4255
78701,859,6096,2848,3248,1.47,1.47,6096,771,1557,1291
78702,1190,11093,4829,6264,2.43,1.99,11093,2088,3014,1815
78703,1546,10865,5428,5437,2.38,1.68,10865,317,3522,1906
78704,2465,26619,8358,18261,2.15,1.66,26619,2413,5485,2873
78705,1886,8910,812,8098,1.76,2.18,8910,1447,268,544
78712,,,,0,,,,0,,
78717,452,12736,7268,5468,3.09,2.12,12736,252,5301,1967
78719,70,588,505,83,3.12,3.39,588,38,164,341
78721,337,4130,2213,1917,2.17,3.04,4130,446,1515,698
78722,208,3048,1461,1587,2.14,1.65,3048,238,993,468
78723,1215,14496,7060,7436,2.71,2.25,14496,1229,5028,2032
78724,261,7611,5099,2512,3.33,3.12,7611,292,2482,2617
78725,52,3503,3074,429,2.55,2.91,3503,0,2242,832
78726,301,5769,2582,3187,2.78,1.85,5769,38,1857,725
78727,903,13304,6071,7233,2.43,2.1,13304,447,4177,1894
78728,859,12665,3567,9098,2.39,1.85,12665,967,2598,969
78729,1366,14329,6085,8244,2.46,1.93,14329,374,4651,1434
78730,317,3997,2518,1479,2.74,1.73,3997,94,1855,663
78731,881,13148,7085,6063,2.32,1.66,13148,961,3829,3256
78732,174,7102,5200,1902,3.17,1.65,7102,412,3905,1295
78733,135,3076,2767,309,3.1,3.01,3076,36,1814,953
78734,1018,9164,7436,1728,2.34,2.37,9164,116,4905,2531
78735,819,8644,4213,4431,2.52,1.89,8644,224,2691,1522
78736,31,3854,2672,1182,2.66,1.94,3854,36,1584,1088
78737,145,7610,6794,816,3.32,2.7,7610,158,4965,1829
78738,670,10467,8112,2355,2.71,2.06,10467,135,5903,2209
78739,175,6574,6092,482,3.01,3.28,6574,13,4406,1686
78741,1633,21432,3946,17486,2.21,2.12,21432,2248,2141,1805
78742,18,307,202,105,3.32,4.09,307,19,33,169
78744,665,17126,8545,8581,2.98,2.68,17126,1018,5597,2948
78745,1538,28447,13477,14970,2.31,2.07,28447,1310,8979,4498
78746,813,10661,7252,3409,2.87,2.02,10661,303,4110,3142
78747,205,7143,5736,1407,2.8,3.3,7143,101,4264,1472
78748,1180,22407,12506,9901,2.58,2.12,22407,529,9503,3003
78749,729,15372,9818,5554,2.5,2.02,15372,479,7096,2722
78750,425,11634,7262,4372,2.6,2.43,11634,109,4557,2705
78751,970,8550,1944,6606,2.14,1.77,8550,874,1319,625
78752,481,9755,2020,7735,2.21,2.16,9755,1051,1337,683
78753,1284,22306,7786,14520,2.73,2.57,22306,1261,4602,3184
78754,425,10990,6829,4161,2.94,2.31,10990,374,4953,1876
78756,249,4389,1948,2441,2.29,1.58,4389,537,1319,629
78757,524,11082,6594,4488,2.29,2.29,11082,453,4174,2420
78758,2074,22641,5939,16702,2.47,2.14,22641,1751,3920,2019
78759,1191,21605,10142,11463,2.41,1.77,21605,771,6215,3927
78801,1173,7092,4981,2111,2.96,2.91,7092,506,1675,3306
78802,,,,0,,,,0,,
78827,121,382,278,104,2.29,2.68,382,77,49,229
78828,124,64,64,0,1.52,,64,0,,64
78829,144,272,187,85,3.34,5.48,272,20,47,140
78830,134,197,163,34,2.6,2.85,197,0,5,158
78832,456,1039,774,265,2.89,2.8,1039,56,147,627
78833,230,367,204,163,4.02,2.79,367,53,10,194
78834,769,2293,1373,920,3.16,3.1,2293,404,442,931
78836,19,30,19,11,3.84,,30,3,5,14
78837,83,88,88,0,1.81,,88,0,19,69
78838,184,60,60,0,1.52,,60,2,24,36
78839,346,2830,2018,812,2.92,2.23,2830,107,214,1804
78840,2156,15985,10402,5583,2.96,2.64,15985,736,4148,6254
78841,,,,0,,,,0,,
78842,4,,,0,,,,0,,
78843,,15,,15,,1.27,15,0,,
78850,154,287,243,44,4.14,3.95,287,0,100,143
78851,6,45,45,0,,,45,0,,45
78852,1983,17349,11481,5868,3.42,2.94,17349,1164,5431,6050
78860,107,,,0,,,,0,,
78861,633,4448,3264,1184,2.48,2.65,4448,318,1661,1603
78870,53,280,218,62,3.42,3.6,280,2,80,138
78871,27,9,9,0,2.78,,9,0,,9
78872,108,292,199,93,4.0,2.34,292,0,42,157
78873,514,470,426,44,2.16,8.55,470,0,69,357
78877,71,341,293,48,3.17,1.94,341,0,214,79
78879,174,70,50,20,3.6,4.55,70,0,2,48
78880,442,475,369,106,2.24,2.99,475,0,71,298
78881,238,592,448,144,2.56,2.78,592,125,61,387
78883,146,135,121,14,2.36,1.64,135,0,55,66
78884,297,461,367,94,2.57,3.06,461,0,57,310
78885,99,38,34,4,2.85,,38,0,9,25
78886,83,138,138,0,3.87,,138,0,23,115
78931,70,83,83,0,2.22,,83,0,18,65
78932,208,181,165,16,2.67,5.5,181,0,49,116
78933,123,597,460,137,2.09,2.88,597,0,99,361
78934,1162,2234,1848,386,2.78,3.27,2234,97,396,1452
78935,128,388,388,0,1.94,,388,0,85,303
78938,41,88,74,14,2.42,,88,0,49,25
78940,514,821,755,66,2.58,3.27,821,27,260,495
78941,538,1073,895,178,2.61,3.89,1073,53,215,680
78942,885,3245,2366,879,2.94,2.59,3245,155,1105,1261
78943,,191,118,73,2.17,2.18,191,84,,118
78944,67,295,295,0,2.55,,295,1,60,235
78945,1448,4019,3310,709,2.75,1.83,4019,210,1249,2061
78946,197,381,303,78,2.38,3.0,381,6,67,236
78947,428,1683,1482,201,2.8,2.18,1683,27,718,764
78948,124,262,186,76,2.96,2.42,262,36,103,83
78949,207,184,177,7,3.34,1.86,184,0,35,142
78950,405,871,790,81,2.48,2.25,871,0,276,514
78951,,,,0,,,,0,,
78953,64,508,322,186,1.87,1.76,508,0,153,169
78954,446,506,474,32,2.48,2.22,506,4,200,274
78956,946,1784,1304,480,2.8,3.36,1784,89,455,849
78957,935,3747,2896,851,2.39,3.12,3747,127,1730,1166
78959,239,674,541,133,2.38,2.23,674,47,135,406
78962,656,1756,1444,312,2.85,2.01,1756,108,640,804
78963,65,215,209,6,3.09,16.17,215,8,90,119
79001,50,54,38,16,2.79,3.5,54,0,7,31
79002,,24,24,0,2.08,,24,0,3,21
79003,32,75,44,31,2.36,4.42,75,0,4,40
79005,117,604,464,140,2.84,2.31,604,28,170,294
79007,2038,4520,3536,984,3.11,2.88,4520,203,1571,1965
79008,,,,0,,,,0,,
79009,97,562,358,204,3.09,3.51,562,20,94,264
79010,23,61,18,43,7.83,2.42,61,0,,18
79011,62,88,61,27,2.34,2.11,88,0,8,53
79012,,,,0,,,,0,,
79013,123,981,399,582,3.53,2.81,981,257,26,373
79014,288,1337,975,362,2.53,2.16,1337,72,381,594
79015,982,7923,5611,2312,2.81,2.4,7923,268,3243,2368
79016,,,,0,,,,0,,
79018,65,136,71,65,2.39,2.55,136,16,33,38
79019,122,680,579,101,2.75,2.72,680,3,282,297
79021,13,32,7,25,2.71,3.32,32,0,1,6
79022,667,3415,2452,963,2.71,3.1,3415,81,1188,1264
79024,37,135,91,44,2.73,2.05,135,6,45,46
79025,9,4,4,0,3.0,,4,0,,4
79027,400,1534,860,674,3.25,2.68,1534,101,369,491
79029,859,4942,3309,1633,3.36,2.84,4942,241,1940,1369
79031,164,460,345,115,2.49,3.1,460,40,57,288
79032,15,44,28,16,3.07,1.63,44,0,5,23
79033,,22,7,15,1.43,,22,0,,7
79034,105,181,135,46,2.42,3.28,181,6,22,113
79035,194,1906,1330,576,2.68,3.17,1906,61,648,682
79036,702,1781,1669,112,2.85,2.48,1781,28,555,1114
79039,81,308,249,59,2.37,2.9,308,7,96,153
79040,167,642,488,154,3.21,4.32,642,25,224,264
79041,223,1102,843,259,2.36,3.07,1102,116,247,596
79042,194,440,336,104,2.94,2.08,440,9,139,197
79043,98,500,270,230,3.27,3.33,500,26,52,218
79044,68,259,134,125,1.99,1.98,259,0,70,64
79045,932,6031,3951,2080,3.0,3.16,6031,205,1390,2561
79046,85,222,181,41,3.01,3.59,222,2,83,98
79051,,,,0,,,,0,,
79052,136,498,397,101,2.71,2.57,498,9,116,281
79053,18,11,11,0,2.45,,11,0,8,3
79054,72,190,143,47,3.23,3.04,190,15,37,106
79056,9,37,37,0,1.81,,37,0,5,32
79057,211,480,332,148,2.8,2.36,480,17,143,189
79058,29,,,0,,,,0,,
79059,76,264,236,28,2.04,2.86,264,21,59,177
79061,36,101,95,6,2.87,1.33,101,0,11,84
79062,35,97,80,17,3.66,3.24,97,0,45,35
79063,22,248,214,34,2.7,3.35,248,0,85,129
79064,204,788,564,224,3.21,2.53,788,72,127,437
79065,1868,7219,5268,1951,2.5,2.46,7219,257,2017,3251
79066,,6,6,0,2.67,,6,0,,6
79068,195,1261,984,277,2.45,2.88,1261,60,456,528
79070,640,3489,2546,943,2.99,2.26,3489,106,808,1738
79072,1811,8396,4955,3441,2.79,2.9,8396,284,2082,2873
79073,2,4,2,2,6.5,1.5,4,0,2,
79078,88,50,46,4,2.48,3.0,50,2,4,42
79079,430,1011,717,294,2.34,2.83,1011,96,197,520
79080,174,159,152,7,2.22,8.29,159,0,15,137
79081,410,1166,853,313,2.91,2.33,1166,67,279,574
79082,85,82,75,7,1.85,6.43,82,2,10,65
79083,462,714,576,138,2.89,2.91,714,34,187,389
79084,185,530,424,106,2.65,2.76,530,20,221,203
79085,14,,,0,,,,0,,
79086,295,1105,840,265,2.88,2.28,1105,45,287,553
79087,80,286,196,90,2.84,1.94,286,12,39,157
79088,332,1793,1213,580,2.46,2.74,1793,197,393,820
79091,21,17,17,0,4.24,,17,0,,17
79092,63,481,415,66,2.66,3.48,481,18,214,201
79093,46,39,39,0,2.92,,39,0,,39
79094,18,8,8,0,1.5,,8,0,,8
79095,327,976,737,239,3.09,1.58,976,88,223,514
79096,191,714,533,181,2.45,3.5,714,35,122,411
79097,81,413,378,35,2.52,3.46,413,0,170,208
79098,41,177,150,27,2.31,1.56,177,2,13,137
79101,267,1195,70,1125,1.91,1.66,1195,527,67,3
79102,351,4206,2107,2099,2.48,2.21,4206,361,943,1164
79103,142,3731,2543,1188,2.93,2.78,3731,219,1209,1334
79104,381,2288,1229,1059,3.13,2.7,2288,104,576,653
79106,1498,11800,5727,6073,2.52,2.11,11800,1109,2908,2819
79107,1625,10960,6208,4752,3.18,3.09,10960,984,2808,3400
79108,640,4350,3337,1013,2.41,2.47,4350,280,1518,1819
79109,2041,18539,10912,7627,2.49,2.08,18539,872,6718,4194
79110,719,6949,4641,2308,2.58,3.11,6949,113,2892,1749
79111,60,457,11,446,2.82,3.3,457,0,,11
79118,891,9883,8029,1854,2.59,2.48,9883,309,4892,3137
79119,708,8402,5352,3050,2.82,1.73,8402,63,3705,1647
79121,346,2511,1853,658,2.2,2.0,2511,84,970,883
79124,287,4189,3666,523,2.66,1.94,4189,31,2060,1606
79201,756,2091,1280,811,2.67,2.28,2091,28,384,896
79220,52,62,38,24,1.82,4.79,62,0,2,36
79223,8,19,19,0,4.26,,19,0,7,12
79225,162,283,219,64,3.27,2.56,283,6,78,141
79226,654,968,670,298,2.64,2.09,968,28,193,477
79227,270,495,371,124,2.27,2.09,495,50,77,294
79229,103,123,117,6,2.31,1.83,123,0,4,113
79230,21,36,34,2,4.35,1.5,36,0,,34
79231,,,,0,,,,0,,
79233,49,40,19,21,3.32,1.67,40,0,1,18
79234,9,30,19,11,2.68,2.64,30,0,1,18
79235,496,1151,801,350,2.8,2.9,1151,132,241,560
79236,46,75,27,48,2.52,2.67,75,0,4,23
79237,119,204,179,25,2.18,2.88,204,0,42,137
79239,85,63,57,6,2.07,,63,0,6,51
79240,7,26,20,6,5.95,2.0,26,6,6,14
79241,223,688,560,128,3.14,1.85,688,31,200,360
79243,9,9,4,5,1.5,2.6,9,2,,4
79244,192,293,198,95,2.94,2.93,293,2,71,127
79245,275,895,637,258,2.66,2.21,895,33,89,548
79247,8,20,18,2,1.39,5.0,20,0,,18
79248,354,610,361,249,2.22,2.62,610,50,107,254
79250,203,466,339,127,2.68,2.01,466,19,54,285
79251,16,17,17,0,2.41,,17,0,,17
79252,404,979,622,357,2.83,2.75,979,45,201,421
79255,148,213,139,74,2.29,2.08,213,21,65,74
79256,49,115,83,32,2.54,2.41,115,8,,83
79257,227,346,263,83,2.35,2.43,346,24,30,233
79258,,31,31,0,2.39,,31,0,,31
79259,30,14,14,0,3.5,,14,0,,14
79261,218,122,77,45,2.65,2.2,122,6,12,65
79311,157,1402,1054,348,2.78,2.39,1402,38,498,556
79312,77,319,259,60,4.12,2.33,319,7,35,224
79313,166,574,411,163,2.35,3.01,574,34,175,236
79314,28,39,14,25,2.71,3.76,39,0,2,12
79316,605,3655,2293,1362,2.54,2.63,3655,188,883,1410
79322,187,671,480,191,2.56,2.77,671,51,123,357
79323,185,2475,1660,815,3.3,1.88,2475,20,670,990
79324,11,12,12,0,3.0,,12,0,7,5
79325,203,596,392,204,3.07,4.86,596,0,146,246
79326,,3,3,0,11.33,,3,0,,3
79329,278,1227,921,306,2.68,2.0,1227,66,416,505
79330,298,41,36,5,1.89,,41,0,12,24
79331,625,3998,2781,1217,2.57,2.32,3998,349,949,1832
79336,908,5917,4143,1774,2.6,2.47,5917,448,1657,2486
79339,618,2373,1713,660,2.92,2.45,2373,86,538,1175
79342,29,121,114,7,2.75,,121,0,13,101
79343,122,567,453,114,2.67,4.25,567,53,196,257
79344,,,,0,,,,0,,
79345,42,304,216,88,4.43,2.39,304,19,72,144
79346,222,811,537,274,2.7,2.21,811,68,149,388
79347,577,1941,1418,523,3.56,3.25,1941,210,591,827
79350,40,218,209,9,2.25,4.22,218,17,43,166
79351,139,498,352,146,2.62,2.37,498,14,107,245
79353,,8,8,0,3.0,,8,0,3,5
79355,146,624,380,244,2.46,2.78,624,10,156,224
79356,226,1649,1193,456,2.46,2.73,1649,77,290,903
79357,190,757,559,198,2.56,2.44,757,56,120,439
79358,26,445,337,108,3.3,2.33,445,6,140,197
79359,230,1238,915,323,3.15,1.9,1238,40,201,714
79360,431,5013,3917,1096,3.49,2.57,5013,271,1821,2096
79363,192,2137,1775,362,2.72,2.76,2137,110,989,786
79364,343,2785,1867,918,2.71,2.73,2785,189,904,963
79366,73,457,438,19,2.39,3.21,457,3,238,200
79367,23,231,126,105,2.6,2.96,231,6,53,73
79369,,38,38,0,1.71,,38,0,10,28
79370,480,525,401,124,2.27,1.91,525,46,68,333
79371,153,630,515,115,2.55,2.5,630,53,180,335
79372,62,504,377,127,2.82,2.55,504,19,147,230
79373,248,1080,753,327,2.68,2.26,1080,78,320,433
79376,35,19,9,10,1.33,8.3,19,0,,9
79377,46,78,55,23,2.93,3.52,78,5,11,44
79378,39,74,51,23,3.65,3.09,74,15,28,23
79379,39,181,150,31,2.77,2.81,181,5,53,97
79380,12,23,19,4,2.74,5.25,23,6,6,13
79381,49,504,398,106,2.9,2.55,504,3,214,184
79382,146,3115,2385,730,3.02,2.91,3115,86,1571,814
79383,1,22,12,10,2.5,1.9,22,0,5,7
79401,1006,3782,377,3405,2.54,1.99,3782,554,165,212
79402,,,,0,,,,0,,
79403,658,5783,3348,2435,2.78,2.63,5783,393,954,2394
79404,831,3375,2192,1183,2.51,2.47,3375,410,858,1334
79406,,,,0,,,,0,,
79407,1223,9340,4202,5138,2.57,1.91,9340,521,2251,1951
79410,235,4345,1512,2833,2.32,2.38,4345,224,888,624
79411,516,3076,1130,1946,2.57,1.91,3076,361,503,627
79412,657,5732,2870,2862,2.64,2.79,5732,577,1097,1773
79413,729,8756,5026,3730,2.7,2.58,8756,476,3182,1844
79414,670,8436,3065,5371,2.28,2.05,8436,897,1359,1706
79415,796,6285,2439,3846,2.81,2.52,6285,573,913,1526
79416,1715,13587,6729,6858,2.65,2.45,13587,392,3736,2993
79423,1002,15931,11397,4534,2.64,2.6,15931,377,7232,4165
79424,1583,20086,13881,6205,2.72,1.92,20086,604,9153,4728
79501,399,1193,939,254,2.1,2.14,1193,50,383,556
79502,186,414,333,81,2.85,2.75,414,22,72,261
79503,23,79,57,22,1.67,1.5,79,0,22,35
79504,352,1103,875,228,2.98,2.22,1103,48,292,583
79505,94,81,59,22,3.34,3.45,81,0,1,58
79506,289,288,230,58,1.85,2.03,288,11,33,197
79508,92,445,378,67,2.23,2.75,445,3,100,278
79510,699,2906,2420,486,2.56,2.97,2906,119,1186,1234
79511,184,415,347,68,2.6,3.87,415,3,191,156
79512,1327,1964,1560,404,3.38,2.2,1964,58,402,1158
79517,,66,55,11,2.33,,66,2,6,49
79518,39,22,22,0,2.91,,22,0,5,17
79519,17,48,48,0,1.4,,48,0,25,23
79520,277,986,706,280,2.43,2.34,986,12,340,366
79521,721,1238,823,415,2.67,2.2,1238,63,164,659
79525,48,1068,1009,59,2.37,1.59,1068,27,321,688
79526,136,360,311,49,2.46,2.1,360,4,90,221
79527,78,103,97,6,2.28,2.0,103,0,32,65
79528,119,214,171,43,2.13,3.95,214,8,31,140
79529,164,470,352,118,2.48,2.06,470,11,72,280
79530,112,220,175,45,2.19,2.04,220,19,44,131
79532,137,233,195,38,3.96,2.11,233,5,60,135
79533,58,218,160,58,1.78,2.97,218,10,13,147
79534,15,73,73,0,2.21,,73,0,37,36
79535,23,70,66,4,2.18,2.75,70,0,8,58
79536,456,1937,1631,306,2.9,3.01,1937,72,929,702
79537,13,21,11,10,2.0,3.3,21,0,,11
79538,52,66,65,1,2.77,,66,2,16,49
79539,39,82,64,18,2.66,3.33,82,8,5,59
79540,14,21,21,0,2.57,,21,0,,21
79541,63,453,353,100,2.69,1.27,453,0,119,234
79543,118,490,385,105,2.69,2.31,490,31,97,288
79544,62,170,134,36,2.8,4.72,170,10,37,97
79545,193,742,649,93,2.58,1.92,742,5,182,467
79546,284,696,464,232,2.38,2.25,696,41,123,341
79547,169,345,273,72,2.26,1.96,345,14,92,181
79548,46,62,54,8,2.02,3.25,62,0,14,40
79549,826,5500,4331,1169,2.55,2.45,5500,172,1771,2560
79553,194,1322,1020,302,2.35,2.41,1322,98,301,719
79556,1340,4698,2894,1804,2.54,2.84,4698,425,847,2047
79560,37,54,27,27,2.44,2.67,54,0,3,24
79561,59,252,208,44,2.4,2.89,252,7,71,137
79562,76,1450,1322,128,2.81,3.37,1450,23,748,574
79563,104,424,347,77,2.61,3.14,424,21,97,250
79565,21,75,68,7,4.5,6.14,75,0,15,53
79566,51,72,55,17,1.75,5.41,72,9,2,53
79567,492,1101,817,284,2.69,3.13,1101,51,269,548
79601,1703,7748,3738,4010,2.39,2.31,7748,429,1878,1860
79602,1064,9454,7150,2304,2.78,2.47,9454,453,4300,2850
79603,1312,8755,5183,3572,2.74,2.66,8755,427,2380,2803
79605,1435,11493,6263,5230,2.52,2.3,11493,595,3266,2997
79606,870,11330,6171,5159,2.69,1.93,11330,459,3863,2308
79607,41,883,57,826,3.54,3.24,883,9,36,21
79699,49,,,0,,,,0,,
79701,1153,10769,6840,3929,2.83,2.61,10769,687,2437,4403
79703,409,8071,5238,2833,2.75,2.77,8071,217,2777,2461
79705,1530,16635,11599,5036,2.55,1.98,16635,470,6634,4965
79706,972,10450,8391,2059,2.95,3.07,10450,258,5059,3332
79707,642,14786,9017,5769,2.8,1.84,14786,928,5381,3636
79713,42,272,193,79,2.5,4.68,272,2,10,183
79714,607,6263,4570,1693,2.74,3.29,6263,168,2205,2365
79718,167,194,148,46,3.47,3.17,194,5,8,140
79719,67,135,111,24,2.5,1.79,135,3,5,106
79720,1703,11564,7736,3828,2.64,2.22,11564,604,3418,4318
79721,,,,0,,,,0,,
79730,40,47,47,0,3.83,,47,13,,47
79731,177,1557,1328,229,2.82,2.79,1557,149,405,923
79733,,123,64,59,2.45,4.14,123,3,2,62
79734,693,946,853,93,1.76,3.92,946,34,139,714
79735,572,4359,3031,1328,2.67,2.17,4359,458,1299,1732
79738,30,71,46,25,2.43,4.04,71,4,4,42
79739,42,372,231,141,2.67,3.09,372,0,43,188
79741,19,113,94,19,2.66,2.37,113,6,41,53
79742,31,230,180,50,2.26,3.56,230,12,47,133
79743,63,96,52,44,2.81,2.43,96,0,,52
79744,87,489,312,177,3.66,2.2,489,0,156,156
79745,381,2334,1825,509,2.68,3.08,2334,62,420,1405
79748,48,72,45,27,2.89,6.67,72,0,6,39
79749,14,168,129,39,3.5,2.59,168,0,28,101
79752,233,828,599,229,2.42,2.38,828,47,97,502
79754,17,33,16,17,3.56,1.53,33,1,,16
79755,14,37,4,33,2.5,1.79,37,0,,4
79756,644,3533,2695,838,2.62,2.79,3533,163,906,1789
79758,88,823,739,84,2.81,2.45,823,0,251,488
79759,,,,0,,,,0,,
79761,1124,12448,7097,5351,2.63,2.32,12448,1117,3232,3865
79762,1519,15322,8716,6606,2.83,2.41,15322,589,4679,4037
79763,1841,12967,9209,3758,2.85,2.51,12967,572,3154,6055
79764,788,9088,6532,2556,2.89,2.71,9088,328,2145,4387
79765,514,7788,5200,2588,2.92,1.88,7788,267,3918,1282
79766,50,3165,2551,614,3.15,3.47,3165,67,1113,1438
79769,,,,0,,,,0,,
79770,28,,,0,,,,0,,
79772,648,3868,2930,938,3.24,3.47,3868,237,498,2432
79776,,,,0,,,,0,,
79777,26,55,44,11,2.7,2.0,55,0,18,26
79778,47,537,411,126,2.34,1.79,537,66,166,245
79780,27,11,,11,,,11,0,,
79781,19,57,57,0,1.56,,57,0,7,50
79782,247,1608,1073,535,2.41,4.04,1608,0,335,738
79783,10,94,73,21,1.86,4.38,94,0,44,29
79785,33,13,13,0,6.69,,13,0,,13
79788,29,330,309,21,2.54,1.95,330,11,132,177
79789,82,389,314,75,2.71,2.91,389,19,97,217
79821,196,1716,1408,308,3.22,3.44,1716,87,662,746
79830,777,3887,2393,1494,2.11,1.87,3887,267,986,1407
79832,,,,0,,,,0,,
79834,19,163,5,158,3.8,1.24,163,0,,5
79835,551,4001,2949,1052,2.97,3.22,4001,286,1030,1919
79836,191,2405,1848,557,3.15,3.89,2405,22,773,1075
79837,104,84,40,44,1.7,2.43,84,2,,40
79838,338,1992,1392,600,3.0,2.51,1992,252,253,1139
79839,110,454,336,118,2.71,2.22,454,76,52,284
79842,202,289,197,92,1.63,1.43,289,20,46,151
79843,506,1064,658,406,2.31,2.31,1064,174,142,516
79845,586,1104,696,408,4.31,2.02,1104,45,21,675
79846,29,27,,27,,1.59,27,0,,
79847,30,30,24,6,1.5,9.83,30,0,3,21
79848,236,381,360,21,2.45,2.52,381,0,78,282
79849,501,3840,2659,1181,3.63,2.99,3840,134,937,1722
79851,44,136,111,25,3.0,11.32,136,29,15,96
79852,143,307,219,88,2.02,2.11,307,11,41,178
79853,76,880,839,41,3.24,3.37,880,60,134,705
79854,46,64,56,8,1.7,,64,0,,56
79855,274,617,461,156,2.81,5.17,617,59,93,368
79901,884,3516,266,3250,2.65,2.05,3516,1675,6,260
79902,1227,8724,3455,5269,2.4,2.03,8724,1690,1642,1813
79903,748,6125,3705,2420,2.52,2.66,6125,857,1580,2125
79904,1461,11609,4712,6897,2.73,2.79,11609,1666,2020,2692
79905,1248,7866,3776,4090,2.6,2.93,7866,1367,1278,2498
79906,262,1569,,1569,,3.24,1569,50,,
79907,1089,16389,9704,6685,3.1,3.06,16389,1213,3354,6350
79908,54,1098,,1098,,4.33,1098,0,,
79911,143,2854,2256,598,2.88,1.96,2854,0,1909,347
79912,3567,29596,16463,13133,2.84,2.39,29596,1458,9982,6481
79915,1184,13119,7603,5516,2.84,2.68,13119,1467,2584,5019
79916,,,,0,,,,0,,
79918,,,,0,,,,0,,
79920,,,,0,,,,0,,
79922,382,2686,2366,320,2.6,2.99,2686,47,956,1410
79924,1583,20922,12983,7939,2.95,2.64,20922,1241,6576,6407
79925,1279,14788,7898,6890,2.81,2.38,14788,993,3865,4033
79927,495,12952,10408,2544,3.19,3.49,12952,610,4107,6301
79928,1502,21374,18688,2686,3.61,3.32,21374,276,12696,5992
79930,1635,10479,4959,5520,2.58,2.5,10479,816,2359,2600
79932,1046,9682,6768,2914,3.16,2.46,9682,555,4239,2529
79934,1103,9565,6404,3161,2.95,2.55,9565,115,5180,1224
79935,440,6466,3346,3120,2.98,2.84,6466,325,1676,1670
79936,1367,35736,24329,11407,3.15,2.69,35736,1407,15071,9258
79938,1440,26423,20745,5678,3.44,3.15,26423,443,15550,5195
80002,314,9168,4850,4318,2.23,2.05,9168,306,3505,1345
80003,278,14298,9857,4441,2.63,2.42,14298,678,7636,2221
80004,637,14691,10488,4203,2.51,2.13,14691,844,7158,3330
80005,170,11210,9850,1360,2.58,2.52,11210,116,6902,2948
80007,120,6074,5775,299,2.86,2.08,6074,50,4706,1069
80010,967,13913,5629,8284,3.08,3.04,13913,1740,4296,1333
80011,904,17454,9331,8123,3.18,2.74,17454,1534,6230,3101
80012,928,18865,9223,9642,2.63,2.82,18865,1469,6648,2575
80013,745,25850,19829,6021,2.86,3.11,25850,600,15890,3939
80014,1058,18468,11018,7450,2.13,2.06,18468,1295,7617,3401
80015,618,24088,19823,4265,3.0,2.86,24088,462,15898,3925
80016,783,21874,17705,4169,2.98,2.46,21874,289,14398,3307
80017,605,14037,8582,5455,2.89,2.77,14037,549,6624,1958
80018,180,4701,4001,700,3.05,3.3,4701,20,3380,621
80019,117,1390,1146,244,2.88,3.52,1390,28,941,205
80020,378,20733,14356,6377,2.69,2.27,20733,609,10447,3909
80021,811,15839,8479,7360,2.52,1.86,15839,501,6439,2040
80022,759,17427,12640,4787,3.27,3.22,17427,425,9482,3158
80023,413,9321,7467,1854,2.82,2.08,9321,220,5471,1996
80024,,18,7,11,,4.09,18,0,7,
80025,30,15,15,0,,,15,0,9,6
80026,392,13439,9517,3922,2.47,2.32,13439,463,6966,2551
80027,387,13086,8535,4551,2.86,2.16,13086,441,6417,2118
80030,315,6634,3782,2852,2.85,2.02,6634,478,2677,1105
80031,625,14219,10504,3715,2.65,2.43,14219,467,7804,2700
80033,680,12488,6229,6259,2.26,2.07,12488,846,4371,1858
80045,124,698,,698,,1.71,698,71,,
80101,29,208,150,58,2.27,2.03,208,0,102,48
80102,69,2169,1825,344,3.04,2.59,2169,129,1346,479
80103,109,871,730,141,3.15,3.21,871,14,605,125
80104,302,12645,9898,2747,2.8,2.23,12645,181,8200,1698
80105,30,620,560,60,2.48,1.72,620,15,282,278
80106,37,1857,1782,75,2.59,2.39,1857,7,1377,405
80107,141,4843,4571,272,2.88,3.01,4843,53,3520,1051
80108,663,10760,9191,1569,3.01,2.4,10760,208,7110,2081
80109,99,8945,7279,1666,3.05,2.69,8945,253,6237,1042
80110,600,9839,5632,4207,2.54,2.23,9839,498,3821,1811
80111,767,12677,7967,4710,2.76,2.13,12677,347,5455,2512
80112,784,14946,8352,6594,2.41,2.04,14946,426,6271,2081
80113,683,10333,5461,4872,2.48,1.77,10333,979,3622,1839
80116,105,1749,1667,82,2.71,2.82,1749,17,916,751
80117,44,928,822,106,2.77,2.24,928,14,608,214
80118,97,2270,2168,102,2.73,2.14,2270,31,1529,639
80120,723,13342,7804,5538,2.46,1.84,13342,1115,5394,2410
80121,262,7134,6094,1040,2.5,2.33,7134,257,3855,2239
80122,375,12632,10787,1845,2.6,2.1,12632,265,7839,2948
80123,393,19186,14229,4957,2.51,1.95,19186,538,10616,3613
80124,545,9286,5132,4154,2.69,1.99,9286,337,3579,1553
80125,213,4073,3868,205,2.79,3.2,4073,0,3156,712
80126,409,15812,13457,2355,2.83,2.58,15812,305,10628,2829
80127,440,16950,14763,2187,2.61,2.64,16950,237,10786,3977
80128,304,14335,11896,2439,2.58,2.6,14335,314,8991,2905
80129,206,11882,8587,3295,2.74,2.07,11882,423,6646,1941
80130,198,9357,7153,2204,2.91,2.65,9357,118,5827,1326
80131,5,119,114,5,2.02,7.0,119,0,72,42
80132,365,9774,8466,1308,2.97,2.42,9774,114,6466,2000
80133,59,1069,984,85,2.37,2.12,1069,10,675,309
80134,748,26038,21010,5028,2.91,2.39,26038,477,17579,3431
80135,302,1501,1379,122,2.62,3.48,1501,48,861,518
80136,,1903,1711,192,3.07,3.44,1903,0,1340,371
80137,32,587,507,80,2.99,1.89,587,4,388,119
80138,519,11737,9650,2087,3.01,2.48,11737,173,7925,1725
80202,2301,10497,2641,7856,1.54,1.59,10497,2187,1520,1121
80203,824,15040,3037,12003,1.59,1.33,15040,3032,2134,903
80204,1286,15339,6108,9231,2.3,2.03,15339,2722,4791,1317
80205,1313,15924,6230,9694,2.29,1.9,15924,2761,5259,971
80206,1401,13925,6430,7495,2.03,1.55,13925,1524,4662,1768
80207,179,8887,6629,2258,2.53,2.57,8887,589,5066,1563
80209,1406,13534,6358,7176,2.1,1.49,13534,1325,4209,2149
80210,1179,16401,9671,6730,2.39,1.85,16401,813,6907,2764
80211,1187,18061,8958,9103,2.25,1.74,18061,1529,6981,1977
80212,588,9767,6369,3398,2.11,1.84,9767,836,4856,1513
80214,1032,11707,4291,7416,2.26,2.08,11707,1570,3241,1050
80215,337,8568,5201,3367,2.22,2.26,8568,452,3143,2058
80216,560,5524,1796,3728,2.73,2.45,5524,403,1449,347
80218,917,11649,3947,7702,1.9,1.44,11649,1858,2887,1060
80219,733,22222,12059,10163,2.87,3.21,22222,2020,8922,3137
80220,1053,16401,9317,7084,2.25,2.2,16401,1148,6956,2361
80221,639,13892,9162,4730,2.77,3.06,13892,812,6701,2461
80222,400,11011,4843,6168,2.27,2.03,11011,1194,3414,1429
80223,479,8688,4095,4593,2.52,2.13,8688,926,3249,846
80224,638,8013,4665,3348,2.28,2.39,8013,513,3214,1451
80226,847,13469,7252,6217,2.44,2.23,13469,898,4767,2485
80227,870,15312,10039,5273,2.28,2.34,15312,728,6519,3520
80228,659,14797,10081,4716,2.52,2.04,14797,448,7408,2673
80229,716,19251,12486,6765,2.99,2.81,19251,805,8858,3628
80230,287,4840,2611,2229,2.09,1.93,4840,503,2040,571
80231,1781,15965,6426,9539,2.23,2.18,15965,1003,4410,2016
80232,245,9314,6509,2805,2.48,2.2,9314,310,4705,1804
80233,567,17154,10534,6620,2.84,2.67,17154,683,7835,2699
80234,660,11714,6985,4729,2.64,2.19,11714,526,4701,2284
80235,242,3887,1974,1913,2.23,2.09,3887,138,1253,721
80236,238,6055,3713,2342,2.48,2.67,6055,458,2325,1388
80237,734,11300,4879,6421,2.14,1.82,11300,355,3073,1806
80238,378,10124,7153,2971,3.07,2.01,10124,373,6359,794
80239,430,13385,7893,5492,3.57,2.99,13385,728,6366,1527
80241,394,11834,9508,2326,2.89,2.84,11834,342,7638,1870
80246,751,7369,1606,5763,2.11,1.64,7369,560,1196,410
80247,1055,14878,5709,9169,1.7,2.11,14878,1782,3827,1882
80249,194,11655,9252,2403,3.13,3.21,11655,435,8133,1119
80260,484,12251,7273,4978,3.05,2.62,12251,644,3722,3551
80264,,,,0,,,,0,,
80266,,,,0,,,,0,,
80290,,192,,192,,1.46,192,72,,
80293,,,,0,,,,0,,
80294,,,,0,,,,0,,
80301,381,11750,6511,5239,2.14,1.99,11750,656,4112,2399
80302,958,12294,4786,7508,2.22,2.32,12294,1245,2782,2004
80303,1051,11128,5153,5975,2.33,2.03,11128,1151,3298,1855
80304,484,11072,7520,3552,2.33,2.09,11072,533,4469,3051
80305,306,6744,4247,2497,2.32,2.5,6744,306,2700,1547
80310,,,,0,,,,0,,
80401,784,16535,10964,5571,2.45,2.22,16535,645,7151,3813
80403,338,8435,7396,1039,2.48,2.37,8435,257,5310,2086
80419,,,,0,,,,0,,
80420,580,328,272,56,2.3,3.16,328,0,150,122
80421,978,3373,3127,246,2.57,3.01,3373,56,2395,732
80422,615,1992,1777,215,2.12,1.3,1992,102,1470,307
80423,144,44,44,0,3.14,,44,0,37,7
80424,7810,3727,2569,1158,2.4,3.93,3727,128,1945,624
80425,155,73,47,26,1.62,2.04,73,0,29,18
80426,13,46,46,0,1.59,,46,0,15,31
80427,104,375,167,208,1.88,1.76,375,11,110,57
80428,295,194,164,30,2.68,1.67,194,0,125,39
80430,9,55,55,0,2.69,,55,6,28,27
80432,843,159,159,0,1.79,,159,0,81,78
80433,210,3557,3209,348,2.39,2.45,3557,27,2273,936
80434,58,14,14,0,1.64,,14,0,4,10
80435,5104,2584,1601,983,2.65,3.66,2584,71,984,617
80436,52,179,179,0,2.25,,179,0,52,127
80438,162,372,232,140,1.95,1.3,372,9,97,135
80439,732,10271,9085,1186,2.47,2.3,10271,146,6309,2776
80440,1181,1178,895,283,2.28,1.82,1178,0,620,275
80442,2015,772,423,349,1.96,4.06,772,52,237,186
80443,3846,1849,1264,585,2.28,2.47,1849,50,991,273
80444,183,548,340,208,2.03,1.47,548,42,231,109
80446,1748,1468,989,479,2.45,2.48,1468,35,695,294
80447,2736,975,711,264,1.71,3.96,975,43,369,342
80448,196,,,0,,,,0,,
80449,646,489,489,0,2.23,,489,12,118,371
80451,60,305,251,54,3.26,2.2,305,11,194,57
80452,677,1561,1182,379,2.14,2.0,1561,89,862,320
80453,,108,81,27,2.57,2.56,108,0,81,
80454,14,640,615,25,2.45,,640,0,391,224
80455,88,213,174,39,1.93,2.46,213,0,87,87
80456,1048,179,172,7,1.74,,179,0,95,77
80457,32,206,169,37,1.67,3.57,206,0,105,64
80459,411,836,610,226,3.21,2.66,836,43,360,250
80461,1135,2651,2068,583,2.72,2.48,2651,64,1265,803
80463,18,68,63,5,1.94,3.0,68,0,44,19
80465,286,5927,5273,654,2.63,2.56,5927,125,3831,1442
80466,314,1650,1104,546,2.2,1.95,1650,38,807,297
80467,318,1004,757,247,2.32,1.72,1004,32,517,240
80468,39,152,38,114,6.0,1.54,152,0,17,21
80469,,136,107,29,2.36,3.48,136,0,79,28
80470,225,1560,1465,95,2.54,2.95,1560,9,991,474
80471,,,,0,,,,0,,
80473,33,40,7,33,2.57,,40,0,4,3
80474,,114,114,0,1.73,,114,0,114,
80475,112,9,9,0,,,9,0,9,
80476,104,87,62,25,2.76,1.12,87,3,39,23
80478,788,520,478,42,2.47,3.81,520,0,283,195
80479,54,,,0,,,,0,,
80480,489,523,396,127,2.15,2.27,523,24,165,231
80481,231,236,217,19,2.64,2.11,236,2,137,80
80482,2879,620,516,104,2.04,1.97,620,9,209,307
80483,99,237,209,28,2.48,2.32,237,0,103,106
80487,5314,7431,5599,1832,2.41,2.54,7431,186,3644,1955
80498,3147,3347,2490,857,2.4,2.88,3347,42,1974,516
80501,960,17570,10009,7561,2.46,2.45,17570,928,7187,2822
80503,688,14591,10159,4432,2.64,2.24,14591,698,6766,3393
80504,480,21219,17420,3799,2.75,2.81,21219,426,12680,4740
80510,495,176,136,40,2.42,3.13,176,0,112,24
80512,621,853,801,52,2.0,2.1,853,13,587,214
80513,110,5929,5232,697,2.62,2.36,5929,160,3717,1515
80514,20,2056,1589,467,3.01,2.83,2056,32,1363,226
80515,327,349,349,0,1.85,,349,0,248,101
80516,269,11227,9726,1501,2.98,2.84,11227,199,7938,1788
80517,2414,5071,3720,1351,2.1,1.78,5071,119,2448,1272
80520,27,670,560,110,2.86,2.46,670,0,475,85
80521,943,14179,5303,8876,2.21,2.24,14179,1097,3240,2063
80524,875,15527,10414,5113,2.47,2.18,15527,587,6586,3828
80525,705,23060,14158,8902,2.52,2.02,23060,848,9522,4636
80526,776,18546,10372,8174,2.59,2.15,18546,752,6911,3461
80528,174,8083,5844,2239,3.04,2.5,8083,187,4363,1481
80530,65,1820,1572,248,2.78,3.33,1820,58,1354,218
80532,175,107,107,0,2.22,,107,0,20,87
80534,27,6699,5413,1286,2.99,1.76,6699,345,4409,1004
80535,52,1092,824,268,1.99,2.34,1092,38,493,331
80536,277,892,872,20,2.34,3.0,892,0,597,275
80537,818,19064,12461,6603,2.34,2.09,19064,719,9035,3426
80538,604,20358,14292,6066,2.47,2.36,20358,1003,9445,4847
80540,517,2103,1816,287,2.44,2.43,2103,6,1258,558
80542,69,1475,1438,37,3.22,4.14,1475,9,1127,311
80543,74,3065,2690,375,2.76,1.97,3065,140,2218,472
80544,,16,16,0,2.06,,16,0,16,
80545,1388,603,597,6,1.73,2.17,603,0,320,277
80546,17,70,70,0,2.7,,70,0,70,
80547,130,1991,1898,93,3.15,3.43,1991,14,1610,288
80549,101,4994,4253,741,2.73,2.54,4994,131,3431,822
80550,443,14320,11713,2607,2.77,2.27,14320,464,9380,2333
80601,359,13120,9053,4067,3.12,2.6,13120,381,7135,1918
80602,315,12446,11490,956,3.12,3.48,12446,261,9665,1825
80603,84,5279,4790,489,2.8,3.52,5279,50,3746,1044
80610,59,1311,975,336,2.76,2.59,1311,10,543,432
80611,44,274,226,48,3.11,2.96,274,4,144,82
80612,27,115,105,10,2.46,,115,0,77,28
80615,222,3376,3005,371,2.57,3.26,3376,108,2107,898
80620,241,6318,4292,2026,3.43,3.0,6318,143,3552,740
80621,206,4611,3321,1290,3.03,2.69,4611,169,2261,1060
80622,,67,67,0,3.09,,67,0,67,
80623,33,339,293,46,3.23,4.87,339,0,201,92
80624,56,334,232,102,3.14,1.96,334,0,164,68
80631,1136,17183,8084,9099,2.85,2.9,17183,979,5053,3031
80634,1057,22988,16705,6283,2.64,2.53,22988,723,11668,5037
80640,41,4471,3536,935,3.11,2.29,4471,86,2938,598
80642,34,1688,1303,385,3.11,2.82,1688,66,784,519
80643,29,1256,1001,255,2.87,3.3,1256,39,651,350
80644,35,973,733,240,2.6,3.26,973,25,481,252
80645,39,1636,1346,290,3.16,2.88,1636,28,834,512
80646,,,,0,,,,0,,
80648,24,415,392,23,3.1,3.87,415,6,307,85
80649,5,197,137,60,2.29,1.92,197,3,60,77
80650,49,633,581,52,2.91,2.9,633,6,382,199
80651,102,1437,1195,242,2.95,2.55,1437,20,769,426
80652,18,101,101,0,2.05,,101,0,47,54
80653,177,307,216,91,2.55,2.77,307,1,89,127
80654,80,956,644,312,3.23,2.82,956,8,465,179
80701,321,6104,3672,2432,2.72,2.6,6104,387,2125,1547
80705,18,356,212,144,2.94,2.74,356,11,105,107
80720,166,1028,724,304,2.13,2.2,1028,57,382,342
80721,,120,88,32,4.55,2.41,120,25,28,60
80722,5,149,122,27,3.19,3.56,149,0,105,17
80723,240,2581,1810,771,2.66,2.4,2581,105,975,835
80726,41,179,95,84,2.36,1.96,179,5,26,69
80727,16,264,169,95,2.2,1.69,264,8,54,115
80728,34,384,318,66,3.07,2.3,384,20,183,135
80729,37,197,136,61,2.13,2.28,197,2,42,94
80731,92,582,445,137,2.42,1.63,582,12,217,228
80732,,4,4,0,4.0,,4,0,,4
80733,16,226,150,76,2.69,2.33,226,11,94,56
80734,230,1119,744,375,2.81,2.19,1119,57,412,332
80735,43,145,76,69,2.26,2.09,145,3,29,47
80736,15,218,178,40,2.34,2.83,218,5,112,66
80737,116,702,430,272,2.58,2.04,702,40,187,243
80740,2,35,21,14,1.9,2.21,35,1,4,17
80741,38,388,307,81,2.53,3.0,388,16,144,163
80742,32,129,85,44,1.98,1.89,129,2,38,47
80743,80,477,315,162,2.49,2.52,477,13,129,186
80744,15,182,160,22,2.61,1.95,182,1,85,75
80745,16,32,23,9,2.13,2.11,32,0,,23
80746,4,20,8,12,1.75,2.58,20,0,4,4
80747,14,180,138,42,2.53,2.5,180,1,93,45
80749,54,133,105,28,2.35,1.68,133,8,58,47
80750,29,77,58,19,2.62,4.11,77,0,41,17
80751,613,6421,4297,2124,2.7,2.4,6421,312,2454,1843
80754,18,58,40,18,2.43,3.0,58,2,12,28
80755,,38,24,14,2.83,2.5,38,0,3,21
80757,24,102,53,49,1.96,1.69,102,7,7,46
80758,197,1375,976,399,2.49,2.29,1375,68,553,423
80759,130,1736,1318,418,2.77,2.74,1736,42,703,615
80801,,54,50,4,1.72,,54,0,18,32
80802,24,48,27,21,1.67,5.57,48,0,8,19
80804,40,154,90,64,1.73,2.25,154,3,29,61
80805,7,149,123,26,2.39,3.85,149,2,35,88
80807,247,1890,1176,714,2.3,2.24,1890,193,589,587
80808,224,2441,1847,594,2.6,2.95,2441,57,1138,709
80809,152,436,389,47,2.24,1.4,436,0,303,86
80810,142,462,346,116,2.45,2.12,462,10,133,213
80812,6,114,84,30,1.93,4.2,114,0,23,61
80813,583,742,388,354,1.81,2.2,742,52,257,131
80814,464,1801,1433,368,2.03,1.68,1801,0,1089,344
80815,64,360,241,119,2.05,2.33,360,17,116,125
80816,1343,2998,2785,213,2.18,2.43,2998,0,2065,720
80817,400,10827,7619,3208,2.93,2.84,10827,202,6308,1311
80818,75,150,133,17,3.33,1.65,150,2,40,93
80819,269,393,257,136,1.92,2.13,393,0,192,65
80820,398,304,283,21,2.43,,304,0,194,89
80821,68,539,380,159,2.08,2.4,539,19,146,234
80822,15,114,83,31,2.17,1.39,114,2,24,59
80823,31,86,61,25,2.59,2.28,86,1,7,54
80824,17,152,117,35,1.79,4.86,152,0,28,89
80825,77,162,124,38,2.39,1.71,162,6,52,72
80826,,,,0,,,,0,,
80827,487,322,322,0,1.9,,322,0,83,239
80828,169,846,538,308,2.39,1.86,846,88,251,287
80829,286,2573,1444,1129,2.64,1.57,2573,91,909,535
80830,12,46,41,5,2.27,1.6,46,0,23,18
80831,438,9679,9001,678,3.18,3.28,9679,169,7435,1566
80832,37,353,315,38,2.39,2.61,353,1,185,130
80833,48,457,416,41,2.03,1.83,457,0,124,292
80834,45,130,93,37,1.99,2.97,130,0,43,50
80835,43,304,179,125,2.36,2.47,304,26,102,77
80836,70,387,258,129,2.67,3.12,387,4,120,138
80840,,643,,643,,3.36,643,0,,
80860,193,232,170,62,1.99,1.63,232,2,84,86
80861,39,83,68,15,2.68,2.27,83,2,36,32
80862,7,21,21,0,1.62,,21,0,,21
80863,524,5023,3862,1161,2.59,2.71,5023,0,2515,1347
80864,68,565,487,78,2.39,1.81,565,7,343,144
80902,361,3300,7,3293,2.86,3.46,3300,41,7,
80903,536,7427,3207,4220,2.2,1.75,7427,970,2481,726
80904,762,10552,6371,4181,2.11,1.79,10552,769,4158,2213
80905,628,8039,3997,4042,2.11,2.0,8039,541,2955,1042
80906,1246,15068,9395,5673,2.55,2.27,15068,505,5657,3738
80907,659,12512,6884,5628,2.22,2.22,12512,698,4094,2790
80908,390,7111,6579,532,2.95,2.22,7111,81,4725,1854
80909,393,16460,8340,8120,2.4,2.15,16460,1615,5460,2880
80910,913,12705,5792,6913,2.59,2.36,12705,910,4255,1537
80911,484,12224,9672,2552,2.9,3.25,12224,272,7230,2442
80913,,,,0,,,,0,,
80914,,,,0,,,,0,,
80915,360,8438,6097,2341,2.69,2.54,8438,165,4345,1752
80916,906,14249,7704,6545,2.76,3.03,14249,511,5753,1951
80917,245,13096,8072,5024,2.47,2.28,13096,692,5850,2222
80918,778,19196,12188,7008,2.57,2.25,19196,984,8640,3548
80919,474,11375,8314,3061,2.47,2.33,11375,172,5720,2594
80920,340,13880,9765,4115,2.84,2.73,13880,182,7023,2742
80921,495,8755,6916,1839,2.81,1.76,8755,330,5401,1515
80922,236,10496,7761,2735,2.81,2.86,10496,55,6566,1195
80923,352,11670,8306,3364,2.81,2.59,11670,164,7158,1148
80924,212,4339,2988,1351,3.34,2.69,4339,7,2521,467
80925,254,4261,3639,622,3.54,1.96,4261,22,3340,299
80926,,708,650,58,3.0,1.4,708,0,390,260
80927,143,1638,1471,167,3.14,3.69,1638,0,1260,211
80928,59,277,227,50,2.71,4.3,277,1,182,45
80929,5,29,29,0,1.34,,29,0,9,20
80930,42,557,222,335,2.45,3.42,557,0,93,129
80938,,188,188,0,3.01,,188,0,177,11
80939,,,,0,,,,0,,
80951,13,1649,1299,350,3.14,3.64,1649,86,1212,87
81001,1145,12628,6478,6150,2.41,2.32,12628,1437,3887,2591
81003,448,5774,2865,2909,2.13,2.2,5774,890,1743,1122
81004,1261,11169,5919,5250,2.35,2.33,11169,1370,3700,2219
81005,661,12975,9696,3279,2.47,2.41,12975,664,6074,3622
81006,363,4406,3569,837,2.55,2.64,4406,161,1946,1623
81007,345,11507,9698,1809,2.93,2.47,11507,216,7289,2409
81008,196,4844,2809,2035,2.64,1.87,4844,332,1797,1012
81019,120,721,470,251,2.55,2.96,721,11,363,107
81020,253,489,400,89,1.99,2.1,489,3,249,151
81021,1,3,3,0,2.67,,3,0,,3
81022,33,518,431,87,2.83,2.68,518,0,202,229
81023,223,642,538,104,2.02,2.6,642,5,218,320
81024,43,145,128,17,1.77,,145,0,76,52
81025,196,378,322,56,1.85,3.14,378,31,144,178
81027,53,63,32,31,1.28,3.06,63,0,5,27
81029,66,133,96,37,2.57,3.14,133,8,33,63
81030,11,67,55,12,1.89,2.25,67,0,28,27
81033,4,56,45,11,6.4,1.64,56,0,35,10
81036,98,463,371,92,2.29,2.13,463,14,167,204
81039,132,748,516,232,2.0,2.3,748,55,202,314
81040,294,125,125,0,1.52,,125,0,9,116
81041,85,242,178,64,2.51,2.69,242,0,74,104
81043,4,24,23,1,2.3,3.0,24,0,9,14
81044,30,67,59,8,2.29,1.63,67,5,27,32
81045,14,37,26,11,2.73,2.09,37,0,6,20
81046,,,,0,,,,0,,
81047,111,617,440,177,2.87,1.81,617,105,164,276
81049,39,96,62,34,1.77,1.62,96,0,15,47
81050,298,4281,2834,1447,2.15,2.43,4281,412,1515,1319
81052,842,3340,2312,1028,2.65,2.57,3340,223,1236,1076
81054,253,1482,825,657,2.32,2.36,1482,192,375,450
81055,985,703,598,105,2.34,2.5,703,19,166,432
81057,45,131,100,31,2.13,3.52,131,0,45,55
81058,92,428,329,99,2.54,4.09,428,22,174,155
81059,40,19,19,0,1.79,,19,0,7,12
81062,35,337,238,99,3.68,1.8,337,10,108,130
81063,106,760,484,276,3.84,3.19,760,51,219,265
81064,25,112,86,26,2.08,2.73,112,3,16,70
81067,571,1878,1249,629,2.72,3.14,1878,141,554,695
81069,456,885,793,92,2.58,1.85,885,0,388,405
81071,27,84,42,42,2.86,2.95,84,0,13,29
81073,153,774,544,230,2.42,1.52,774,34,238,306
81076,37,187,121,66,3.44,4.98,187,12,56,65
81077,55,309,263,46,2.13,1.26,309,0,119,144
81081,5,89,48,41,2.13,1.34,89,0,13,35
81082,983,5121,3522,1599,2.21,2.12,5121,579,1976,1546
81084,13,40,20,20,1.9,1.45,40,0,1,19
81087,19,69,37,32,2.54,2.34,69,11,9,28
81089,685,1862,1275,587,2.55,2.32,1862,173,448,827
81090,134,468,372,96,2.05,1.76,468,40,98,274
81091,290,378,264,114,2.21,3.38,378,12,120,144
81092,63,301,238,63,2.72,2.48,301,10,85,153
81101,637,5902,3243,2659,2.55,2.18,5902,503,1923,1320
81120,627,1061,792,269,1.99,2.2,1061,103,307,485
81121,75,160,144,16,2.23,2.56,160,4,80,64
81122,958,3432,2819,613,2.63,2.39,3432,11,1991,828
81123,105,346,266,80,2.2,2.94,346,0,72,194
81124,,59,59,0,2.73,,59,0,,59
81125,93,1459,856,603,2.32,2.64,1459,62,478,378
81126,135,74,74,0,5.23,,74,6,18,56
81128,80,30,17,13,1.71,1.23,30,0,5,12
81129,24,7,7,0,,,7,0,,7
81130,954,369,270,99,2.08,1.78,369,11,140,130
81131,184,604,442,162,1.7,1.79,604,25,260,182
81132,399,1513,1232,281,2.28,1.63,1513,97,679,553
81133,281,422,327,95,2.38,3.08,422,12,132,195
81136,13,112,49,63,2.63,3.16,112,0,24,25
81137,343,2250,1624,626,2.58,2.3,2250,62,762,862
81138,17,24,12,12,2.08,,24,0,,12
81140,96,797,627,170,2.57,1.97,797,29,241,386
81141,74,409,322,87,2.7,2.07,409,24,125,197
81143,149,340,270,70,2.33,2.0,340,15,86,184
81144,277,2551,1744,807,2.89,2.15,2551,188,1008,736
81146,43,336,233,103,2.69,4.0,336,29,91,142
81147,3554,5437,3864,1573,2.25,2.4,5437,108,2054,1810
81148,26,137,111,26,2.25,2.42,137,6,36,75
81149,145,418,324,94,2.31,1.8,418,9,158,166
81151,123,662,547,115,2.76,2.33,662,8,265,282
81152,365,492,324,168,2.31,2.04,492,35,69,255
81154,1480,474,393,81,2.18,3.05,474,2,231,162
81155,93,140,112,28,1.63,2.0,140,5,11,101
81201,724,4119,2969,1150,2.26,1.88,4119,142,1764,1205
81210,475,184,155,29,1.64,,184,0,12,143
81211,922,3280,2234,1046,2.02,2.35,3280,291,1236,998
81212,1179,11622,8297,3325,2.25,1.9,11622,661,4683,3614
81220,497,64,56,8,2.0,,64,5,34,22
81221,16,140,122,18,3.08,2.11,140,4,54,68
81222,28,210,210,0,2.02,,210,21,127,83
81223,676,951,874,77,1.86,2.58,951,13,369,505
81224,879,1564,1060,504,2.35,1.93,1564,29,688,372
81225,1328,488,342,146,2.19,2.08,488,14,226,116
81226,247,2510,1848,662,2.24,2.2,2510,112,983,865
81227,35,,,0,,,,0,,
81228,,,,0,,,,0,,
81230,947,4189,2349,1840,2.48,2.2,4189,263,1377,972
81232,,23,23,0,1.96,,23,0,,23
81233,148,434,352,82,2.45,1.73,434,8,244,108
81235,682,414,331,83,1.96,1.83,414,5,172,159
81236,572,626,549,77,1.81,1.34,626,54,187,362
81237,173,48,48,0,2.4,,48,0,31,17
81239,42,116,116,0,1.39,,116,0,55,61
81240,297,1434,1221,213,2.68,2.19,1434,34,794,427
81241,335,101,97,4,1.9,3.0,101,0,14,83
81242,37,522,411,111,1.89,3.32,522,25,361,50
81243,181,38,29,9,1.66,1.89,38,0,10,19
81244,50,219,201,18,2.41,1.56,219,0,119,82
81248,58,74,74,0,2.49,,74,0,,74
81251,192,144,128,16,1.45,2.5,144,5,37,91
81252,1845,1831,1562,269,2.05,2.69,1831,30,688,874
81253,71,198,198,0,2.05,,198,12,23,175
81301,3829,12202,8173,4029,2.33,2.17,12202,296,4977,3196
81303,407,3595,2748,847,2.59,2.65,3595,65,1738,1010
81320,30,207,207,0,2.43,,207,0,76,131
81321,787,5775,3994,1781,2.74,2.24,5775,208,2100,1894
81323,560,2182,1610,572,2.3,2.01,2182,169,960,650
81324,213,767,686,81,1.99,1.68,767,26,162,524
81325,38,71,58,13,1.66,,71,0,,58
81326,297,1045,907,138,2.61,2.95,1045,30,458,449
81327,79,200,164,36,1.96,,200,0,92,72
81328,443,1710,1487,223,2.18,2.09,1710,22,816,671
81330,35,75,,75,,,75,0,,
81331,17,66,66,0,1.77,,66,0,46,20
81332,102,217,186,31,1.42,3.61,217,2,120,66
81334,36,428,231,197,3.39,4.14,428,34,34,197
81335,,33,33,0,1.67,,33,0,33,
81401,1019,9486,6799,2687,2.49,2.31,9486,443,3458,3341
81403,451,4557,3739,818,2.52,2.23,4557,29,1881,1858
81410,19,783,657,126,2.19,2.64,783,16,320,337
81411,,20,18,2,1.83,,20,0,,18
81413,821,2265,1701,564,2.36,3.14,2265,65,913,788
81415,208,783,673,110,2.13,2.3,783,0,406,267
81416,656,5041,3411,1630,2.57,2.63,5041,354,1842,1569
81418,117,526,420,106,2.65,3.18,526,33,276,144
81419,415,1324,959,365,2.23,2.51,1324,9,413,546
81422,71,217,153,64,2.36,1.91,217,14,74,79
81423,123,699,509,190,2.23,2.84,699,11,236,273
81424,201,509,397,112,2.02,2.07,509,44,103,294
81425,228,1880,1427,453,2.82,3.04,1880,37,890,537
81426,21,71,57,14,3.04,1.79,71,0,48,9
81427,419,526,387,139,2.22,2.79,526,6,154,233
81428,410,1623,1272,351,2.28,1.68,1623,74,650,622
81429,19,36,36,0,3.19,,36,0,9,27
81430,306,326,273,53,2.08,2.77,326,0,103,170
81431,45,156,140,16,2.55,4.25,156,0,46,94
81432,403,1403,1044,359,2.15,2.13,1403,10,475,569
81433,238,307,169,138,2.18,2.04,307,11,60,109
81434,55,86,74,12,1.51,1.58,86,0,24,50
81435,2492,2492,1333,1159,2.17,2.25,2492,135,777,556
81501,640,10534,4648,5886,2.13,1.93,10534,1304,2991,1657
81503,433,6066,4550,1516,2.61,2.67,6066,199,3472,1078
81504,527,11942,9157,2785,2.56,2.74,11942,392,6847,2310
81505,72,4962,3562,1400,2.38,2.53,4962,109,2232,1330
81506,483,5076,3279,1797,2.4,1.93,5076,625,1806,1473
81507,489,6471,5838,633,2.47,2.33,6471,121,3613,2225
81520,332,5258,3269,1989,2.8,2.45,5258,280,2357,912
81521,219,5865,4525,1340,2.76,2.44,5865,349,3350,1175
81522,89,52,52,0,2.0,,52,0,,52
81523,119,442,368,74,1.55,1.32,442,0,271,97
81524,130,784,739,45,2.65,13.71,784,0,530,209
81525,49,498,349,149,3.12,2.13,498,38,177,172
81526,159,2193,1765,428,2.28,2.28,2193,90,991,774
81527,206,688,561,127,2.53,1.9,688,0,367,194
81601,687,5945,3844,2101,2.81,2.55,5945,282,2494,1350
81610,121,100,60,40,3.35,2.23,100,0,29,31
81611,3246,4218,2682,1536,2.79,1.9,4218,183,1640,1042
81612,18,31,,31,,2.94,31,0,,
81615,2006,1503,1090,413,1.91,2.4,1503,95,601,489
81620,4701,4037,2393,1644,2.43,3.23,4037,291,1602,791
81621,832,2357,1722,635,2.58,2.63,2357,9,1128,594
81623,885,6024,4001,2023,2.72,2.69,6024,218,2572,1429
81624,329,493,442,51,2.43,2.16,493,2,253,189
81625,744,4935,3275,1660,2.81,2.05,4935,303,1993,1282
81630,56,415,332,83,2.76,2.89,415,11,188,144
81631,242,2616,1998,618,3.09,3.21,2616,106,1577,421
81632,1852,3641,2626,1015,2.82,3.02,3641,31,1703,923
81633,18,,,0,,,,0,,
81635,450,2698,1827,871,2.66,2.51,2698,192,1200,627
81637,294,2875,2124,751,3.11,3.59,2875,0,1631,493
81638,44,34,28,6,2.18,,34,0,,28
81639,242,1041,818,223,2.65,2.35,1041,36,530,288
81640,49,27,19,8,3.74,5.88,27,0,14,5
81641,462,1578,1149,429,2.49,2.28,1578,37,781,368
81642,18,12,,12,,,12,0,,
81643,287,204,178,26,1.85,1.46,204,0,94,84
81645,157,379,237,142,2.59,3.41,379,0,147,90
81646,19,82,76,6,2.37,2.0,82,0,53,23
81647,138,2371,1794,577,2.77,2.82,2371,113,1354,440
81648,299,899,740,159,2.68,1.73,899,41,367,373
81649,57,99,57,42,3.19,2.36,99,0,45,12
81650,387,4586,3350,1236,3.18,2.62,4586,171,2228,1122
81652,66,1972,1552,420,3.1,2.9,1972,7,1173,379
81653,26,,,0,,,,0,,
81654,140,518,437,81,2.78,2.81,518,0,336,101
81655,82,147,130,17,1.64,5.53,147,0,130,
81656,105,158,158,0,1.89,,158,0,62,96
81657,5116,2327,1751,576,2.08,2.65,2327,161,976,775
82001,1371,16085,10094,5991,2.41,2.05,16085,874,7332,2762
82005,,,,0,,,,0,,
82007,582,8736,5756,2980,2.59,2.43,8736,540,3691,2065
82009,905,14092,11941,2151,2.55,1.8,14092,593,8081,3860
82050,4,127,117,10,2.36,2.2,127,0,90,27
82051,15,4,4,0,3.0,,4,0,,4
82052,16,38,38,0,2.03,,38,0,32,6
82053,8,502,420,82,2.23,2.13,502,20,290,130
82054,,270,254,16,3.25,7.0,270,0,208,46
82055,215,170,142,28,2.14,1.43,170,0,41,101
82058,86,16,16,0,,,16,0,,16
82059,57,124,124,0,2.25,,124,8,50,74
82060,,149,149,0,3.54,,149,0,100,49
82061,24,,,0,,,,0,,
82063,76,47,29,18,2.17,,47,0,29,
82070,1077,8405,4451,3954,2.27,2.0,8405,431,2747,1704
82072,796,7111,3329,3782,2.51,2.03,7111,381,1963,1366
82073,8,12,12,0,3.17,,12,0,6,6
82081,,28,18,10,2.0,4.1,28,0,,18
82082,98,738,633,105,2.44,2.58,738,5,410,223
82083,70,130,71,59,2.44,2.59,130,7,29,42
82084,22,42,42,0,1.86,,42,0,28,14
82190,234,219,,219,,1.34,219,0,,
82201,644,2941,2353,588,2.46,1.56,2941,71,1000,1353
82210,68,156,134,22,1.75,1.64,156,0,43,91
82212,112,263,203,60,2.97,2.1,263,2,76,127
82213,229,188,154,34,1.64,1.82,188,12,29,125
82214,86,515,419,96,2.22,2.28,515,5,173,246
82215,26,70,44,26,3.05,3.19,70,2,24,20
82217,25,32,32,0,1.63,,32,0,,32
82218,,6,6,0,2.67,,6,0,6,
82219,39,10,10,0,2.4,,10,0,3,7
82221,18,244,178,66,1.73,1.62,244,4,30,148
82222,15,62,57,5,2.63,1.8,62,0,31,26
82223,41,373,277,96,2.12,1.98,373,0,104,173
82224,21,2,2,0,,,2,0,,2
82225,255,745,522,223,1.96,2.75,745,31,215,307
82227,58,118,101,17,2.33,1.41,118,10,29,72
82229,,,,0,,,,0,,
82240,604,3764,2759,1005,2.47,2.23,3764,184,1435,1324
82242,2,27,27,0,2.67,,27,0,26,1
82243,,45,45,0,4.42,,45,0,6,39
82244,74,205,150,55,2.09,2.29,205,0,102,48
82301,801,3296,2189,1107,2.49,2.19,3296,170,1321,868
82310,38,12,12,0,2.0,,12,0,,12
82321,60,243,168,75,2.42,2.61,243,0,51,117
82322,27,72,68,4,2.34,2.5,72,0,16,52
82323,50,84,65,19,4.23,4.21,84,1,34,31
82324,94,78,48,30,1.67,3.9,78,0,16,32
82325,185,391,322,69,1.7,2.57,391,16,106,216
82327,323,304,206,98,2.45,2.96,304,26,90,116
82329,41,172,138,34,2.08,2.82,172,15,52,86
82331,418,1082,809,273,2.16,2.22,1082,11,406,403
82332,52,23,8,15,2.38,,23,0,,8
82334,118,226,191,35,2.68,2.54,226,2,104,87
82335,,,,0,,,,0,,
82336,126,81,28,53,2.75,3.13,81,4,7,21
82401,400,2997,2197,800,2.44,1.86,2997,106,1111,1086
82410,100,780,625,155,2.75,1.48,780,49,320,305
82411,36,202,139,63,2.6,3.48,202,0,48,91
82412,41,180,146,34,2.85,3.21,180,28,70,76
82414,1116,6881,4926,1955,2.39,2.14,6881,196,2689,2237
82420,30,233,212,21,3.04,6.19,233,0,105,107
82421,66,130,120,10,2.04,1.3,130,2,45,75
82422,,,,0,,,,0,,
82423,13,84,40,44,2.75,2.8,84,2,21,19
82426,179,1138,873,265,2.77,3.06,1138,20,447,426
82428,62,72,55,17,1.76,2.59,72,0,3,52
82430,6,29,29,0,1.66,,29,5,14,15
82431,375,1086,800,286,3.22,2.05,1086,40,392,408
82432,60,147,100,47,1.65,2.06,147,0,26,74
82433,132,525,315,210,2.21,2.22,525,5,83,232
82434,41,28,8,20,1.88,2.3,28,0,,8
82435,508,4919,3682,1237,2.35,2.19,4919,150,2184,1498
82440,,101,47,54,3.64,,101,0,47,
82441,64,92,83,9,1.87,,92,0,26,57
82442,74,436,286,150,2.09,2.17,436,26,127,159
82443,427,2048,1516,532,2.32,1.92,2048,89,679,837
82450,,80,80,0,1.66,,80,0,12,68
82501,1038,6946,4753,2193,2.62,2.71,6946,483,2364,2389
82510,38,245,155,90,4.34,4.66,245,26,30,125
82512,63,158,92,66,1.59,2.33,158,0,4,88
82513,629,791,598,193,1.74,1.63,791,7,210,388
82514,89,418,252,166,3.42,4.4,418,27,39,213
82515,35,160,125,35,2.76,2.6,160,1,65,60
82516,41,135,103,32,3.07,1.16,135,0,56,47
82520,756,4846,3544,1302,2.69,2.71,4846,212,1937,1607
82523,69,324,280,44,2.63,4.11,324,3,142,138
82601,1673,11183,7785,3398,2.61,1.86,11183,493,5241,2544
82604,848,10494,8503,1991,2.58,2.44,10494,385,5399,3104
82609,910,8359,5146,3213,2.29,1.98,8359,376,2919,2227
82620,339,111,74,37,1.93,2.7,111,0,46,28
82630,,,,0,,,,0,,
82633,621,4042,3260,782,2.41,2.02,4042,81,1738,1522
82635,18,43,23,20,2.09,2.3,43,7,3,20
82636,223,1491,1075,416,2.59,2.93,1491,16,636,439
82637,343,1599,1257,342,2.82,2.0,1599,3,705,552
82638,,17,17,0,6.47,,17,0,,17
82639,184,273,216,57,2.52,3.58,273,0,61,155
82640,,77,77,0,1.68,,77,0,,77
82642,31,27,24,3,1.5,2.0,27,0,5,19
82643,52,106,89,17,1.75,2.18,106,2,20,69
82644,75,766,613,153,2.11,1.91,766,42,312,301
82646,,13,13,0,2.08,,13,0,,13
82648,,35,35,0,2.49,,35,0,35,
82649,146,425,314,111,2.75,1.86,425,15,133,181
82701,541,1985,1777,208,2.61,1.79,1985,51,878,899
82710,32,98,90,8,2.72,,98,0,15,75
82711,35,10,10,0,,,10,0,,10
82712,23,140,109,31,2.47,2.55,140,0,31,78
82714,69,,,0,,,,0,,
82716,1170,6783,4825,1958,2.68,2.21,6783,395,3177,1648
82718,1035,8789,7238,1551,2.92,2.44,8789,166,5147,2091
82720,86,301,218,83,2.42,2.35,301,9,76,142
82721,405,1067,904,163,3.23,2.0,1067,12,470,434
82723,42,71,71,0,2.04,,71,0,,71
82725,,102,84,18,1.58,1.94,102,0,16,68
82727,97,679,597,82,2.51,1.45,679,0,320,277
82729,199,1135,816,319,2.35,1.74,1135,27,505,311
82730,88,801,635,166,2.07,1.77,801,48,381,254
82731,,85,13,72,1.62,2.76,85,0,,13
82732,359,738,625,113,2.69,1.88,738,0,397,228
82801,958,10771,7146,3625,2.51,1.81,10771,492,4022,3124
82831,40,104,97,7,2.59,1.71,104,0,11,86
82832,88,510,460,50,2.3,3.84,510,0,291,169
82833,174,139,44,95,1.93,,139,0,,44
82834,560,3398,2471,927,2.1,2.32,3398,83,1211,1260
82835,55,144,72,72,2.32,3.03,144,5,8,64
82836,133,380,302,78,2.93,2.1,380,3,150,152
82837,2,13,7,6,2.29,1.33,13,0,4,3
82838,89,235,217,18,2.3,1.22,235,0,183,34
82839,26,535,468,67,2.8,2.51,535,2,304,164
82842,272,233,178,55,1.8,2.07,233,0,62,116
82844,,20,8,12,2.5,,20,0,,8
82845,,26,26,0,2.12,,26,0,,26
82901,2291,10225,7577,2648,2.68,2.8,10225,251,4021,3556
82922,167,169,169,0,1.83,,169,0,86,83
82923,243,276,276,0,1.6,,276,0,56,220
82925,143,162,162,0,2.39,,162,0,67,95
82929,45,18,,18,,2.33,18,0,,
82930,1566,5629,4279,1350,2.67,2.34,5629,207,2502,1777
82932,178,301,191,110,2.56,1.96,301,0,88,103
82933,91,200,200,0,2.87,,200,0,158,42
82934,70,56,52,4,2.33,1.5,56,4,,52
82935,697,4494,3431,1063,2.84,2.45,4494,73,2064,1367
82936,,6,6,0,1.67,,6,0,,6
82937,127,1171,1012,159,2.95,1.97,1171,62,569,443
82938,76,99,99,0,2.29,,99,0,34,65
82939,63,583,393,190,2.38,1.88,583,7,175,218
82941,735,1781,1402,379,2.83,2.79,1781,0,978,424
82942,9,45,45,0,1.47,,45,0,10,35
82943,24,76,22,54,4.23,,76,0,22,
82944,90,114,114,0,5.24,,114,0,76,38
82945,87,62,54,8,2.5,1.88,62,0,16,38
83001,1642,7296,4200,3096,2.47,2.42,7296,206,2753,1447
83011,127,104,104,0,3.12,,104,0,33,71
83012,51,41,,41,,2.34,41,0,,
83013,216,65,65,0,1.97,,65,0,47,18
83014,1028,1225,944,281,2.18,2.04,1225,0,406,538
83025,512,435,134,301,1.64,1.57,435,50,44,90
83101,376,1439,1091,348,2.09,2.03,1439,99,577,514
83110,208,1750,1241,509,3.18,1.96,1750,0,675,566
83111,,189,153,36,3.44,2.22,189,11,89,64
83112,176,186,186,0,4.58,,186,0,151,35
83113,385,833,613,220,2.75,3.11,833,15,272,341
83114,55,272,228,44,2.88,3.39,272,0,89,139
83115,236,116,116,0,2.36,,116,0,59,57
83116,80,328,267,61,2.26,2.97,328,10,93,174
83118,39,339,339,0,1.83,,339,0,233,106
83119,,78,44,34,3.89,,78,34,44,
83120,49,136,101,35,2.58,3.97,136,0,62,39
83121,17,,,0,,,,0,,
83122,,184,147,37,5.3,3.65,184,0,79,68
83123,129,265,218,47,2.31,1.98,265,0,36,182
83124,51,51,45,6,2.02,3.5,51,0,18,27
83126,33,178,178,0,3.44,,178,0,122,56
83127,683,1515,1303,212,2.39,2.62,1515,101,812,491
83128,162,502,367,135,2.54,2.58,502,11,288,79
83201,1334,13995,9401,4594,2.88,2.37,13995,440,6105,3296
83202,405,8313,5959,2354,2.83,2.42,8313,563,3478,2481
83203,,13,,13,,,13,0,,
83204,537,7722,4909,2813,2.54,2.09,7722,629,2753,2156
83209,28,217,,217,,1.73,217,0,,
83210,145,1362,1061,301,3.28,2.73,1362,66,458,603
83211,146,2154,1436,718,3.2,2.13,2154,2,837,599
83212,10,126,113,13,2.95,3.54,126,0,55,58
83213,256,450,342,108,2.69,3.43,450,72,140,202
83214,8,233,164,69,3.23,2.17,233,8,100,64
83215,7,28,26,2,1.69,2.0,28,0,19,7
83217,87,320,268,52,2.89,2.31,320,0,127,141
83218,,151,123,28,2.83,3.32,151,11,75,48
83220,,44,25,19,1.88,1.16,44,7,,25
83221,732,9076,6944,2132,3.18,2.73,9076,353,4158,2786
83223,48,84,66,18,2.58,1.72,84,4,41,25
83226,435,832,547,285,2.72,1.58,832,52,226,321
83227,77,23,23,0,1.65,,23,0,,23
83228,24,314,262,52,3.34,4.25,314,4,132,130
83232,,130,121,9,3.21,1.22,130,0,83,38
83233,51,95,95,0,2.29,,95,0,64,31
83234,40,482,400,82,2.83,2.73,482,11,200,200
83235,27,92,92,0,3.91,,92,0,34,58
83236,8,884,730,154,2.45,2.64,884,0,273,457
83237,,381,327,54,3.42,3.13,381,0,205,122
83238,36,36,30,6,2.23,2.17,36,20,,30
83239,25,187,173,14,3.3,5.57,187,4,73,100
83241,51,775,658,117,3.01,3.4,775,2,364,294
83243,,16,16,0,,,16,0,16,
83244,23,177,129,48,2.64,1.08,177,0,92,37
83245,9,844,740,104,2.91,2.54,844,12,345,395
83246,302,359,308,51,2.56,2.14,359,4,170,138
83250,95,664,607,57,3.02,2.46,664,19,323,284
83251,375,518,452,66,2.78,2.91,518,4,176,276
83252,240,1736,1530,206,2.63,2.13,1736,18,900,630
83253,101,22,22,0,1.86,,22,0,12,10
83254,374,1335,976,359,3.04,2.16,1335,48,601,375
83255,137,382,318,64,2.64,2.88,382,7,110,208
83261,121,207,187,20,3.59,3.4,207,2,110,77
83262,65,308,278,30,2.88,4.13,308,0,109,169
83263,330,3218,2605,613,3.17,2.23,3218,58,1388,1217
83271,38,106,92,14,2.57,3.64,106,0,44,48
83272,247,84,77,7,2.64,3.14,84,0,32,45
83274,178,3310,2538,772,2.98,3.1,3310,95,1719,819
83276,410,1392,1096,296,2.82,2.18,1392,60,563,533
83277,,61,51,10,2.92,2.7,61,7,23,28
83278,376,197,190,7,1.43,3.43,197,0,2,188
83281,22,3,3,0,7.33,,3,0,3,
83283,16,54,54,0,4.65,,54,0,37,17
83285,133,7,7,0,2.14,,7,0,7,
83286,32,434,345,89,3.37,1.89,434,1,213,132
83287,715,117,117,0,2.07,,117,0,53,64
83301,1045,22622,15287,7335,2.72,2.45,22622,733,9954,5333
83302,85,83,48,35,3.71,2.57,83,0,15,33
83311,23,244,188,56,3.4,3.34,244,0,61,127
83312,30,46,41,5,2.27,4.6,46,0,6,35
83313,233,1249,1046,203,3.11,4.29,1249,53,653,393
83314,87,375,288,87,2.29,3.7,375,1,148,140
83316,413,3969,3168,801,2.67,2.58,3969,133,2217,951
83318,366,6215,4063,2152,3.07,2.81,6215,335,2354,1709
83320,66,342,289,53,4.71,3.32,342,2,191,98
83321,18,197,153,44,1.97,2.75,197,5,52,101
83322,28,33,11,22,4.18,1.41,33,0,8,3
83323,78,591,406,185,2.38,3.15,591,0,234,172
83324,35,197,132,65,3.39,3.69,197,5,72,60
83325,34,233,136,97,2.28,4.02,233,13,84,52
83327,295,267,185,82,2.86,4.54,267,5,111,74
83328,122,2011,1458,553,2.8,3.16,2011,74,943,515
83330,203,2355,1558,797,2.84,2.6,2355,165,943,615
83332,214,1196,907,289,2.08,2.21,1196,28,531,376
83333,1203,4333,3049,1284,2.53,2.67,4333,120,2210,839
83334,30,886,506,380,2.71,3.33,886,34,297,209
83335,62,632,428,204,2.86,3.02,632,7,256,172
83336,185,2015,1409,606,3.32,2.33,2015,13,836,573
83337,19,17,12,5,1.42,,17,0,6,6
83338,532,6947,4790,2157,3.09,3.0,6947,262,3130,1660
83340,3100,2234,1670,564,2.27,2.76,2234,85,780,890
83341,127,2498,2263,235,3.31,2.94,2498,36,1546,717
83342,173,436,375,61,2.91,4.3,436,0,200,175
83344,54,369,241,128,3.44,3.59,369,21,160,81
83346,133,412,330,82,3.35,3.23,412,3,198,132
83347,121,1141,852,289,2.92,2.81,1141,93,413,439
83348,,32,15,17,2.07,14.76,32,0,12,3
83349,44,420,316,104,3.12,2.6,420,1,190,126
83350,554,4261,3007,1254,2.79,3.1,4261,146,1761,1246
83352,190,1210,859,351,2.67,2.66,1210,4,526,333
83353,1943,503,465,38,2.01,2.24,503,0,161,304
83354,9,10,10,0,,,10,0,10,
83355,121,1517,1116,401,3.53,3.61,1517,109,637,479
83401,606,14702,10564,4138,3.22,2.83,14702,561,7166,3398
83402,972,10529,6340,4189,2.78,2.22,10529,446,3703,2637
83404,358,8948,6699,2249,2.95,2.41,8948,468,4219,2480
83406,367,6279,4662,1617,3.28,2.38,6279,556,3346,1316
83414,,227,209,18,2.03,,227,0,138,71
83420,274,865,698,167,2.61,3.04,865,4,297,401
83421,,169,169,0,2.25,,169,0,83,86
83422,683,1106,746,360,3.35,2.93,1106,34,457,289
83423,120,249,149,100,3.07,2.8,249,0,60,89
83424,,28,28,0,3.79,,28,0,28,
83425,64,162,131,31,3.75,3.97,162,4,69,62
83427,71,730,699,31,3.39,3.58,730,9,575,124
83428,258,237,217,20,2.46,1.7,237,3,123,94
83429,3048,380,376,4,1.98,1.75,380,0,185,191
83431,6,320,246,74,2.64,4.7,320,8,94,152
83433,528,28,28,0,1.79,,28,0,14,14
83434,25,622,497,125,2.89,3.0,622,0,195,302
83435,45,210,112,98,2.88,2.8,210,4,55,57
83436,2,228,196,32,3.38,4.19,228,3,119,77
83438,6,64,46,18,5.09,3.94,64,0,15,31
83440,2590,10436,5147,5289,4.95,4.12,10436,325,3076,2071
83442,262,7050,6043,1007,3.43,2.83,7050,78,4161,1882
83443,85,368,296,72,2.73,1.83,368,5,119,177
83444,44,412,244,168,2.84,2.01,412,0,103,141
83445,280,2245,1780,465,3.31,2.78,2245,44,901,879
83446,41,20,19,1,1.32,,20,0,1,18
83448,43,772,539,233,3.75,5.02,772,14,368,171
83449,122,92,80,12,2.35,2.0,92,0,55,25
83450,139,324,210,114,3.34,3.65,324,0,87,123
83451,69,327,265,62,3.18,2.55,327,8,140,125
83452,132,849,698,151,2.13,4.01,849,0,237,461
83454,22,77,65,12,2.97,5.5,77,0,35,30
83455,745,2216,1712,504,2.44,3.09,2216,23,1246,466
83460,,,,0,,,,0,,
83462,102,198,186,12,1.79,,198,0,58,128
83463,67,29,29,0,1.38,,29,0,,29
83464,116,110,69,41,2.32,2.73,110,2,13,56
83465,27,31,23,8,3.13,2.0,31,0,3,20
83466,61,111,83,28,1.22,,111,0,31,52
83467,649,2776,2291,485,2.41,2.31,2776,177,1346,945
83468,62,71,55,16,2.0,3.0,71,0,27,28
83469,45,,,0,,,,0,,
83501,1005,14818,10748,4070,2.54,1.99,14818,1204,7041,3707
83520,27,64,37,27,2.57,5.7,64,2,,37
83522,184,688,545,143,3.12,2.92,688,13,251,294
83523,55,358,319,39,2.26,3.31,358,11,155,164
83524,54,410,312,98,2.16,2.58,410,6,163,149
83525,393,142,113,29,1.84,,142,0,62,51
83526,14,109,92,17,2.74,3.53,109,0,45,47
83530,628,2238,1513,725,2.28,2.77,2238,39,774,739
83533,,76,52,24,2.46,4.83,76,0,22,30
83535,99,444,311,133,2.43,2.34,444,7,143,168
83536,357,1845,1444,401,2.62,1.95,1845,91,610,834
83537,192,418,355,63,2.51,2.51,418,14,185,170
83539,260,848,704,144,2.53,2.55,848,17,249,455
83540,103,835,525,310,3.26,3.12,835,18,153,372
83541,167,488,450,38,2.13,1.82,488,16,148,302
83542,23,74,53,21,2.34,1.33,74,7,10,43
83543,41,260,210,50,2.8,2.42,260,2,101,109
83544,577,2375,1772,603,2.34,2.37,2375,116,950,822
83545,38,187,171,16,1.95,3.25,187,2,57,114
83546,139,208,172,36,2.52,1.31,208,22,71,101
83547,97,160,131,29,2.17,1.93,160,0,57,74
83548,7,44,36,8,2.19,5.63,44,0,21,15
83549,208,288,217,71,2.01,2.1,288,8,84,133
83552,130,393,346,47,2.02,2.17,393,2,149,197
83553,49,544,452,92,1.81,2.11,544,27,103,349
83554,91,155,146,9,1.58,2.89,155,27,25,121
83555,110,169,139,30,1.99,2.5,169,5,71,68
83602,33,7,7,0,,,7,0,,7
83604,61,226,152,74,2.15,1.85,226,0,26,126
83605,597,12489,7927,4562,3.16,2.65,12489,700,5645,2282
83607,397,10712,8422,2290,3.23,3.0,10712,300,5830,2592
83610,131,372,270,102,2.76,2.76,372,13,128,142
83611,2170,853,762,91,2.82,2.49,853,5,378,384
83612,340,855,655,200,2.47,1.99,855,39,280,375
83615,1918,325,255,70,3.27,7.27,325,7,112,143
83616,555,12248,10593,1655,2.68,2.55,12248,342,6796,3797
83617,466,6378,4749,1629,2.61,2.47,6378,360,2952,1797
83619,115,3258,2483,775,2.39,2.56,3258,81,1245,1238
83622,800,948,827,121,2.17,1.97,948,9,453,374
83623,136,530,344,186,2.34,3.27,530,41,179,165
83624,72,575,298,277,2.98,2.38,575,25,184,114
83626,14,420,282,138,3.1,2.57,420,15,177,105
83627,63,230,187,43,2.13,2.21,230,11,37,150
83628,53,1676,1087,589,2.87,2.92,1676,71,651,436
83629,106,836,673,163,2.52,2.44,836,3,373,300
83631,485,552,424,128,2.01,2.23,552,5,73,351
83632,46,162,128,34,3.04,3.06,162,0,70,58
83633,19,239,170,69,2.33,3.75,239,0,95,75
83634,21,9016,7385,1631,3.06,3.64,9016,107,5585,1800
83636,,104,60,44,3.07,8.98,104,0,60,
83637,356,130,121,9,1.85,4.33,130,0,47,74
83638,4374,2477,1940,537,2.95,3.06,2477,130,1071,869
83639,78,1153,920,233,2.72,2.64,1153,37,488,432
83641,62,1232,1040,192,3.05,4.3,1232,37,646,394
83642,417,19115,13743,5372,2.81,2.28,19115,604,10491,3252
83643,27,41,41,0,2.54,,41,0,18,23
83644,74,4616,4099,517,3.12,2.98,4616,1,3182,917
83645,71,280,247,33,2.97,2.27,280,2,152,95
83646,755,24139,20183,3956,2.97,2.93,24139,218,14656,5527
83647,1050,8752,5919,2833,2.66,2.3,8752,520,3688,2231
83648,36,748,6,742,3.17,3.18,748,3,,6
83650,168,174,145,29,2.85,3.34,174,0,59,86
83651,571,13180,9212,3968,2.87,2.34,13180,572,6105,3107
83654,523,642,556,86,2.51,2.98,642,0,281,275
83655,110,1917,1564,353,2.94,1.98,1917,14,1187,377
83656,16,195,161,34,4.02,3.24,195,0,98,63
83657,114,55,55,0,4.78,,55,0,42,13
83660,55,2057,1477,580,2.59,3.63,2057,16,748,729
83661,151,3687,2278,1409,2.93,2.51,3687,202,1589,689
83666,44,31,26,5,1.96,,31,0,15,11
83669,79,4523,3886,637,2.83,3.06,4523,18,3010,876
83670,7,224,211,13,2.61,5.08,224,11,166,45
83672,215,3450,2452,998,2.61,2.05,3450,220,1332,1120
83676,95,1827,1352,475,3.11,2.64,1827,57,872,480
83677,149,55,55,0,5.55,,55,0,26,29
83686,617,18375,13511,4864,2.92,2.8,18375,798,10190,3321
83687,377,12317,8673,3644,2.86,2.73,12317,369,6191,2482
83702,814,11329,5825,5504,2.34,1.65,11329,888,3887,1938
83703,232,7624,4905,2719,2.45,2.13,7624,302,3467,1438
83704,770,16506,10150,6356,2.52,2.28,16506,633,6514,3636
83705,614,12249,6662,5587,2.46,2.24,12249,564,4458,2204
83706,960,14663,7003,7660,2.37,2.11,14663,840,4372,2631
83709,805,20640,16833,3807,2.71,2.85,20640,617,12185,4648
83712,185,4147,2568,1579,2.33,1.69,4147,185,1638,930
83713,236,11355,8811,2544,2.65,2.54,11355,517,6145,2666
83714,565,10670,7566,3104,2.34,2.35,10670,407,4465,3101
83716,739,7687,5999,1688,2.7,2.37,7687,299,4177,1822
83720,,,,0,,,,0,,
83725,,,,0,,,,0,,
83801,204,2620,2207,413,2.69,3.16,2620,98,1310,897
83802,78,15,8,7,1.75,,15,3,4,4
83803,382,381,320,61,1.98,,381,0,244,76
83804,229,734,690,44,1.96,3.02,734,0,398,292
83805,501,3047,2394,653,2.77,2.89,3047,128,1118,1276
83806,22,78,70,8,2.7,1.63,78,3,22,48
83808,123,46,42,4,3.48,5.0,46,0,13,29
83809,,147,147,0,2.3,,147,0,106,41
83810,55,669,607,62,2.55,1.44,669,8,260,347
83811,182,709,445,264,1.87,2.45,709,42,147,298
83812,32,15,15,0,1.47,,15,3,3,12
83813,308,313,313,0,3.09,,313,0,265,48
83814,2091,11604,6460,5144,2.43,2.07,11604,686,3929,2531
83815,604,15027,9874,5153,2.41,2.42,15027,696,5973,3901
83821,867,107,99,8,2.02,2.63,107,0,22,77
83822,148,917,782,135,2.31,2.53,917,15,297,485
83823,46,639,536,103,2.24,3.5,639,15,253,283
83824,36,117,99,18,3.64,2.83,117,0,33,66
83825,61,95,78,17,2.0,3.29,95,4,28,50
83826,74,36,36,0,,,36,0,,36
83827,79,70,61,9,1.85,2.0,70,0,20,41
83830,96,144,144,0,2.17,,144,0,94,50
83832,89,657,572,85,2.76,3.08,657,20,346,226
83833,866,772,715,57,1.99,2.12,772,10,214,501
83834,29,62,62,0,2.58,,62,0,36,26
83835,1102,9101,7930,1171,2.55,2.13,9101,277,5074,2856
83836,294,433,376,57,1.99,1.77,433,0,166,210
83837,360,1305,746,559,2.53,2.25,1305,106,328,418
83839,50,507,396,111,1.95,2.5,507,0,194,202
83840,33,270,231,39,2.38,3.31,270,7,205,26
83841,123,222,103,119,2.01,4.16,222,0,,103
83842,8,58,42,16,2.17,3.06,58,6,12,30
83843,769,11385,5403,5982,2.55,1.91,11385,653,3537,1866
83844,,22,,22,,,22,0,,
83845,107,876,643,233,2.56,1.97,876,4,338,305
83846,126,357,261,96,2.1,2.51,357,6,98,163
83847,158,533,389,144,2.48,1.69,533,0,201,188
83848,442,74,62,12,1.85,1.92,74,0,26,36
83849,74,895,749,146,2.53,2.2,895,37,363,386
83850,150,933,748,185,2.51,3.03,933,15,441,307
83851,230,640,459,181,3.21,2.56,640,23,220,239
83852,72,562,166,396,2.02,2.19,562,26,60,106
83854,1223,16984,12406,4578,2.8,2.93,16984,624,8755,3651
83855,194,810,655,155,2.33,2.41,810,3,428,227
83856,1377,2828,2372,456,2.49,2.38,2828,50,1361,1011
83857,,403,403,0,3.34,,403,0,287,116
83858,895,6249,5368,881,2.83,2.96,6249,82,3818,1550
83860,948,2695,2270,425,2.52,3.94,2695,67,1279,991
83861,645,2647,1980,667,2.52,2.44,2647,46,1139,841
83864,2030,7533,5475,2058,2.38,2.49,7533,449,3243,2232
83866,117,117,86,31,2.49,,117,0,,86
83867,28,221,207,14,2.58,,221,26,139,68
83868,69,321,247,74,1.96,2.34,321,15,79,168
83869,442,1825,1677,148,2.95,2.28,1825,11,1109,568
83870,32,126,91,35,3.65,1.83,126,6,49,42
83871,115,862,729,133,2.81,1.8,862,8,358,371
83872,46,235,203,32,2.89,1.72,235,8,120,83
83873,425,722,472,250,2.23,2.4,722,68,254,218
83874,28,34,34,0,1.62,,34,0,5,29
83876,834,679,556,123,2.44,2.73,679,15,287,269
84001,41,199,191,8,3.41,4.0,199,1,99,92
84002,10,105,86,19,2.1,4.58,105,0,52,34
84003,701,14430,11133,3297,3.81,2.91,14430,271,8116,3017
84004,96,2780,2391,389,3.83,2.71,2780,25,1502,889
84005,215,9731,8633,1098,4.42,3.72,9731,36,7716,917
84006,,336,211,125,2.81,3.59,336,4,156,55
84007,23,139,92,47,3.46,2.04,139,0,57,35
84008,5,,,0,,,,0,,
84009,407,10682,9991,691,3.55,3.3,10682,309,8042,1949
84010,1050,15337,11082,4255,3.22,2.69,15337,610,7422,3660
84013,7,211,203,8,4.49,2.0,211,1,166,37
84014,101,5688,4844,844,2.99,2.59,5688,81,3085,1759
84015,737,21039,15949,5090,3.35,2.96,21039,782,12632,3317
84017,623,1487,1194,293,3.44,3.33,1487,33,849,345
84018,,74,74,0,3.88,,74,18,35,39
84020,478,14910,11304,3606,3.38,2.56,14910,264,8574,2730
84021,683,1157,885,272,2.85,3.34,1157,32,448,437
84022,150,224,40,184,2.83,2.06,224,0,40,
84023,247,59,29,30,2.21,1.9,59,8,8,21
84024,62,14,11,3,4.45,,14,0,11,
84025,238,6758,5584,1174,3.62,2.57,6758,169,4065,1519
84026,174,277,200,77,3.57,1.44,277,33,30,170
84027,766,221,203,18,2.78,7.0,221,0,92,111
84028,1953,121,82,39,3.13,5.54,121,0,47,35
84029,307,3528,3061,467,3.69,3.08,3528,103,2369,692
84031,241,71,65,6,1.94,2.33,71,0,37,28
84032,1850,7204,5409,1795,3.49,2.91,7204,186,3831,1578
84033,11,335,265,70,3.42,2.37,335,15,183,82
84034,42,49,27,22,2.93,2.95,49,0,,27
84035,,256,237,19,1.68,4.16,256,0,120,117
84036,999,2590,2070,520,3.02,3.98,2590,7,1458,612
84037,127,10945,9714,1231,3.64,3.19,10945,196,6825,2889
84038,340,183,175,8,3.17,4.13,183,0,107,68
84039,76,191,173,18,2.73,1.89,191,10,69,104
84040,289,8424,7303,1121,3.18,2.79,8424,145,4971,2332
84041,665,17664,11444,6220,3.35,2.66,17664,708,8412,3032
84042,96,3000,2372,628,3.93,3.0,3000,111,1673,699
84043,547,19629,15572,4057,3.93,3.14,19629,252,12913,2659
84044,267,8906,7085,1821,3.33,3.01,8906,534,5478,1607
84045,432,8721,7392,1329,4.29,3.73,8721,140,6287,1105
84046,697,138,125,13,2.64,4.0,138,5,33,92
84047,1108,15321,7076,8245,2.35,2.36,15321,955,5194,1882
84049,1062,2238,1793,445,2.8,3.32,2238,62,1021,772
84050,155,3430,2971,459,3.46,3.49,3430,29,1927,1044
84051,16,158,137,21,3.14,4.67,158,0,82,55
84052,73,383,295,88,3.35,3.18,383,7,143,152
84053,6,207,198,9,3.32,4.11,207,11,95,103
84054,241,7206,4965,2241,3.1,2.69,7206,127,3508,1457
84055,1056,435,375,60,3.67,2.75,435,13,287,88
84056,40,998,7,991,1.71,3.17,998,0,,7
84057,655,11920,7545,4375,3.43,2.82,11920,335,5076,2469
84058,665,10263,4759,5504,3.56,2.83,10263,188,3164,1595
84059,161,4377,2309,2068,3.52,2.79,4377,187,2119,190
84060,6007,3029,2122,907,2.58,3.52,3029,44,1242,880
84061,33,159,111,48,2.59,1.48,159,0,47,64
84062,459,13789,9738,4051,3.64,2.89,13789,402,6869,2869
84063,121,97,79,18,1.99,3.61,97,0,,79
84064,42,193,98,95,5.87,4.17,193,0,50,48
84065,111,14448,12282,2166,3.37,3.49,14448,400,9486,2796
84066,511,4176,3186,990,3.33,2.68,4176,209,1942,1244
84067,480,12912,10867,2045,3.01,3.04,12912,310,8281,2586
84069,36,178,140,38,3.03,2.18,178,0,79,61
84070,871,10741,6513,4228,2.92,2.58,10741,568,4517,1996
84071,28,612,596,16,3.53,3.94,612,0,473,123
84072,182,156,127,29,2.52,2.55,156,3,80,47
84073,46,104,104,0,3.04,,104,0,57,47
84074,567,16301,13756,2545,3.39,2.74,16301,539,10883,2873
84075,267,8480,7781,699,3.68,4.06,8480,122,6507,1274
84076,24,92,83,9,5.24,3.22,92,7,29,54
84078,1781,9369,6770,2599,3.28,2.82,9369,268,4300,2470
84080,28,98,86,12,2.31,3.75,98,0,28,58
84081,234,14098,11844,2254,3.69,2.97,14098,249,10226,1618
84082,23,280,272,8,2.98,4.88,280,0,181,91
84083,134,386,106,280,4.67,2.38,386,28,12,94
84084,236,10516,7589,2927,3.24,2.66,10516,200,5614,1975
84085,64,92,65,27,3.38,3.3,92,0,,65
84086,25,164,159,5,2.81,4.8,164,0,61,98
84087,62,4861,4163,698,3.38,2.98,4861,40,3135,1028
84088,350,12432,9265,3167,3.21,2.95,12432,468,6981,2284
84092,793,9087,8435,652,3.1,2.68,9087,199,5605,2830
84093,227,7720,6810,910,3.13,3.3,7720,114,4587,2223
84094,152,9366,7268,2098,3.2,2.59,9366,281,5315,1953
84095,345,12578,9548,3030,3.36,1.89,12578,676,6612,2936
84096,580,18672,15751,2921,3.71,2.49,18672,266,13161,2590
84097,429,6703,4984,1719,3.48,2.7,6703,164,3140,1844
84098,3268,6304,5231,1073,3.0,3.25,6304,98,3786,1445
84101,609,3888,930,2958,1.85,1.54,3888,953,581,349
84102,946,9818,2256,7562,2.09,1.78,9818,1498,1587,669
84103,1202,11720,5473,6247,2.22,1.69,11720,834,3473,2000
84104,489,7713,4304,3409,3.08,3.31,7713,486,3024,1280
84105,658,9775,6102,3673,2.42,2.18,9775,242,4224,1878
84106,1215,14994,8736,6258,2.44,2.26,14994,901,5810,2926
84107,1019,15655,7388,8267,2.49,2.17,15655,1181,4703,2685
84108,467,7549,5931,1618,2.61,2.65,7549,133,3284,2647
84109,802,9011,6994,2017,2.99,2.34,9011,152,4449,2545
84111,1013,6854,1575,5279,1.95,1.7,6854,1694,950,625
84112,,236,,236,,2.42,236,44,,
84113,,,,0,,,,0,,
84114,,,,0,,,,0,,
84115,913,11684,4407,7277,2.29,2.43,11684,1426,3434,973
84116,822,12109,7011,5098,3.04,2.66,12109,1317,4806,2205
84117,907,10306,6996,3310,2.44,2.15,10306,556,4098,2898
84118,123,11518,9420,2098,3.41,4.42,11518,288,7025,2395
84119,944,15966,8478,7488,3.33,2.93,15966,1216,5548,2930
84120,497,13829,10012,3817,3.8,3.72,13829,604,7221,2791
84121,1426,15503,11529,3974,2.64,2.4,15503,482,7349,4180
84123,652,13798,7943,5855,2.89,2.49,13798,798,5281,2662
84124,453,8361,6369,1992,2.83,2.68,8361,209,3887,2482
84128,69,8429,7441,988,3.81,3.77,8429,99,6143,1298
84129,320,11854,9658,2196,3.29,2.96,11854,360,7146,2512
84138,,,,0,,,,0,,
84150,,,,0,,,,0,,
84180,,,,0,,,,0,,
84301,29,262,226,36,2.92,2.78,262,6,115,111
84302,412,8578,6032,2546,3.15,2.71,8578,626,3886,2146
84304,,29,29,0,3.66,,29,0,13,16
84305,27,265,252,13,2.62,1.69,265,10,173,79
84306,,124,124,0,2.59,,124,0,52,72
84307,31,367,328,39,3.13,4.08,367,8,270,58
84308,5,93,81,12,2.98,3.42,93,0,58,23
84309,103,144,140,4,2.99,4.25,144,0,78,62
84310,693,1735,1627,108,3.13,2.06,1735,0,1069,558
84311,54,227,165,62,3.96,4.79,227,7,66,99
84312,21,1579,1195,384,3.33,2.47,1579,108,750,445
84313,35,13,6,7,2.17,,13,0,,6
84314,16,348,303,45,3.52,3.33,348,0,225,78
84315,,2801,2786,15,3.34,,2801,17,2021,765
84316,14,101,89,12,3.39,3.08,101,2,43,46
84317,1498,1036,950,86,2.54,2.85,1036,2,647,303
84318,32,1435,1269,166,3.71,3.03,1435,83,803,466
84319,154,2758,2275,483,3.54,3.5,2758,37,1542,733
84320,31,765,607,158,3.36,3.51,765,18,319,288
84321,1393,15261,7463,7798,3.22,2.85,15261,660,5006,2457
84322,,,,0,,,,0,,
84324,33,297,284,13,3.65,2.92,297,4,173,111
84325,25,663,610,53,3.33,2.34,663,0,394,216
84326,29,715,633,82,2.9,3.12,715,21,442,191
84327,12,247,222,25,3.7,4.12,247,6,136,86
84328,64,468,450,18,3.17,3.89,468,2,270,180
84329,44,44,31,13,3.19,,44,0,11,20
84330,6,134,126,8,2.62,3.63,134,2,91,35
84331,51,91,74,17,2.51,4.88,91,1,41,33
84332,55,2548,2217,331,3.31,2.58,2548,66,1259,958
84333,43,924,749,175,3.3,3.18,924,18,509,240
84334,,64,64,0,5.28,,64,0,47,17
84335,176,4209,3497,712,3.87,2.9,4209,69,2460,1037
84336,54,74,70,4,4.16,2.0,74,0,30,40
84337,197,4611,3522,1089,3.29,2.58,4611,149,2371,1151
84338,13,174,125,49,3.25,3.16,174,3,70,55
84339,15,1562,1394,168,3.86,2.7,1562,22,953,441
84340,38,1093,948,145,3.08,3.16,1093,26,628,320
84341,405,8246,3798,4448,2.96,2.88,8246,345,2247,1551
84401,1272,15301,8998,6303,3.05,2.38,15301,1263,6790,2208
84403,865,13353,9165,4188,2.82,2.55,13353,821,6432,2733
84404,1271,21856,16131,5725,2.92,2.82,21856,980,10903,5228
84405,623,11700,8676,3024,3.04,2.52,11700,417,5935,2741
84408,,,,0,,,,0,,
84414,293,9607,8156,1451,3.39,3.22,9607,153,5904,2252
84501,609,4782,3312,1470,2.72,2.43,4782,238,1916,1396
84511,194,1332,973,359,3.48,2.7,1332,70,527,446
84512,163,215,186,29,3.72,3.34,215,21,6,180
84513,124,491,393,98,2.76,2.96,491,12,126,267
84515,,,,0,,,,0,,
84516,34,35,30,5,1.6,1.4,35,0,10,20
84518,27,301,229,72,3.68,1.89,301,0,127,102
84520,201,431,249,182,2.74,2.48,431,5,128,121
84521,25,214,177,37,2.55,3.05,214,7,53,124
84522,34,112,100,12,3.28,1.33,112,3,51,49
84523,75,579,436,143,2.94,2.97,579,55,209,227
84525,99,324,234,90,2.27,3.22,324,0,76,158
84526,813,1763,1242,521,2.41,2.31,1763,69,703,539
84528,112,982,727,255,2.8,3.13,982,3,429,298
84529,,59,35,24,1.86,,59,8,20,15
84530,25,65,46,19,,3.53,65,0,46,
84531,24,118,111,7,4.03,4.43,118,9,15,96
84532,864,4392,2891,1501,2.34,2.11,4392,118,1578,1313
84533,15,43,,43,,,43,0,,
84534,239,758,642,116,3.52,3.34,758,86,50,592
84535,220,952,773,179,2.83,3.2,952,26,336,437
84536,89,482,418,64,3.02,3.42,482,28,8,410
84537,145,412,328,84,2.64,2.57,412,20,156,172
84539,63,132,110,22,3.28,1.32,132,0,41,69
84540,55,22,22,0,4.73,,22,0,,22
84542,122,595,394,201,2.65,1.96,595,20,190,204
84601,441,11051,4826,6225,3.36,2.66,11051,674,3418,1408
84602,52,82,,82,,6.3,82,22,,
84604,1169,11652,6097,5555,3.35,2.92,11652,431,3559,2538
84606,630,10178,2389,7789,3.41,3.1,10178,365,1644,745
84620,56,402,378,24,3.0,2.04,402,4,274,104
84621,,42,42,0,1.36,,42,0,27,15
84622,51,460,395,65,2.72,2.72,460,8,270,125
84623,53,20,20,0,7.55,,20,0,13,7
84624,295,1959,1322,637,2.96,2.66,1959,90,807,515
84626,9,99,69,30,5.12,3.97,99,0,57,12
84627,90,1815,1025,790,3.29,3.07,1815,62,689,336
84628,69,227,215,12,2.83,1.75,227,5,91,124
84629,809,1163,1101,62,2.82,3.26,1163,0,625,476
84630,26,127,52,75,3.31,3.45,127,16,34,18
84631,116,886,674,212,3.62,2.02,886,21,349,325
84632,37,372,330,42,3.08,3.12,372,5,202,128
84633,24,328,245,83,2.85,3.67,328,27,120,125
84634,43,595,487,108,2.73,4.49,595,11,359,128
84635,63,296,187,109,2.79,2.89,296,14,85,102
84636,20,173,141,32,3.02,2.72,173,4,66,75
84637,71,203,138,65,3.66,3.77,203,12,93,45
84638,,97,91,6,3.42,1.67,97,0,62,29
84639,57,285,243,42,3.14,3.05,285,21,163,80
84640,13,66,44,22,3.68,2.45,66,0,27,17
84642,100,1181,795,386,3.28,2.38,1181,38,527,268
84643,39,198,161,37,2.55,3.14,198,0,111,50
84644,24,96,85,11,2.56,1.82,96,1,48,37
84645,57,695,612,83,4.28,5.06,695,0,406,206
84646,40,552,500,52,2.83,2.77,552,3,344,156
84647,202,1404,1177,227,3.07,2.85,1404,62,735,442
84648,80,2253,1633,620,3.02,3.07,2253,113,1144,489
84649,66,289,256,33,3.09,3.67,289,0,135,121
84651,385,7722,6428,1294,3.72,3.15,7722,228,4675,1753
84652,13,302,262,40,3.22,2.5,302,7,126,136
84653,56,2803,2577,226,3.82,4.57,2803,0,1820,757
84654,342,941,720,221,2.78,2.39,941,20,443,277
84655,84,4016,3504,512,3.88,3.28,4016,79,2847,657
84656,25,119,113,6,3.04,2.5,119,1,65,48
84657,13,164,127,37,3.23,5.08,164,0,65,62
84660,310,12118,9336,2782,3.78,3.23,12118,148,7397,1939
84662,84,493,450,43,3.16,2.26,493,4,222,228
84663,407,9904,6995,2909,3.63,3.29,9904,282,5018,1977
84664,143,2993,2633,360,3.87,2.78,2993,90,1825,808
84665,53,180,169,11,2.46,3.82,180,0,144,25
84667,5,111,67,44,3.61,2.41,111,0,50,17
84701,328,2726,1823,903,3.2,2.6,2726,107,1104,719
84710,170,51,34,17,9.32,6.29,51,0,16,18
84711,12,310,301,9,2.84,3.44,310,0,163,138
84712,93,63,59,4,1.86,3.5,63,0,19,40
84713,465,1242,1007,235,2.62,2.77,1242,39,701,306
84714,134,269,199,70,2.77,2.84,269,0,89,110
84715,50,170,147,23,2.1,1.91,170,5,41,106
84716,100,167,118,49,2.31,2.73,167,0,13,105
84718,31,124,93,31,2.63,4.16,124,3,23,70
84719,1569,30,24,6,1.21,,30,6,,24
84720,849,7563,4634,2929,2.94,3.04,7563,232,3076,1558
84721,631,8058,5642,2416,3.38,3.28,8058,162,3997,1645
84722,39,389,379,10,2.42,,389,0,187,192
84723,58,144,125,19,3.93,2.16,144,0,68,57
84724,57,416,374,42,2.52,3.05,416,0,168,206
84725,46,496,433,63,3.12,3.35,496,0,257,176
84726,143,382,264,118,1.84,1.76,382,18,93,171
84728,,20,6,14,3.0,2.21,20,0,,6
84729,76,125,118,7,3.45,,125,14,38,80
84730,16,230,212,18,2.78,2.11,230,0,91,121
84731,,9,9,0,,,9,0,9,
84732,24,18,18,0,3.11,,18,0,11,7
84733,,151,136,15,1.5,3.53,151,0,63,73
84734,36,137,66,71,2.11,2.41,137,13,21,45
84735,245,49,38,11,2.74,5.09,49,0,17,21
84736,23,99,83,16,3.08,3.06,99,0,38,45
84737,1145,7255,5027,2228,2.84,2.54,7255,214,3389,1638
84738,367,3713,3011,702,2.44,2.24,3713,66,2090,921
84739,48,183,124,59,3.89,2.97,183,0,80,44
84740,42,87,82,5,3.15,8.6,87,0,21,61
84741,538,2538,1941,597,2.38,2.02,2538,60,1144,797
84742,10,137,121,16,2.43,2.25,137,0,53,68
84743,28,85,78,7,3.33,2.86,85,0,68,10
84744,125,78,55,23,2.53,4.22,78,0,11,44
84745,116,1428,1055,373,3.01,2.98,1428,123,662,393
84746,122,438,395,43,2.72,2.58,438,0,200,195
84747,176,389,246,143,2.7,2.57,389,0,136,110
84749,34,86,86,0,2.6,,86,0,47,39
84750,147,190,162,28,3.26,1.64,190,26,51,111
84751,146,592,494,98,3.96,5.18,592,9,369,125
84752,58,283,244,39,3.66,3.67,283,0,169,75
84753,,,,0,,,,0,,
84754,221,1437,1305,132,2.86,2.2,1437,32,813,492
84755,67,10,10,0,3.1,,10,0,4,6
84756,13,113,81,32,2.46,2.25,113,0,20,61
84757,53,586,511,75,2.08,2.67,586,6,301,210
84758,97,176,158,18,2.96,3.78,176,6,78,80
84759,622,672,575,97,3.14,3.1,672,11,326,249
84760,105,333,292,41,2.99,2.68,333,8,180,112
84761,328,1086,697,389,3.01,2.06,1086,16,344,353
84762,2215,63,36,27,2.08,,63,0,,36
84763,61,120,94,26,1.66,1.65,120,0,36,58
84764,93,89,12,77,3.42,1.88,89,5,12,
84765,326,2343,1768,575,3.24,3.41,2343,17,1138,630
84766,45,66,47,19,2.98,4.84,66,0,47,
84767,126,227,170,57,2.54,1.58,227,3,91,79
84770,3919,16188,9319,6869,2.75,2.7,16188,895,5385,3934
84772,,97,44,53,3.11,1.96,97,32,21,23
84773,98,78,52,26,1.5,3.15,78,0,8,44
84774,107,506,478,28,3.6,2.64,506,0,305,173
84775,221,195,155,40,1.81,2.4,195,6,98,57
84776,90,187,163,24,2.37,3.17,187,6,52,111
84779,369,264,235,29,2.85,2.45,264,2,155,80
84780,1851,9155,6386,2769,2.97,3.17,9155,224,4020,2366
84781,475,116,104,12,2.78,5.17,116,0,47,57
84782,30,235,187,48,1.9,2.38,235,0,101,86
84783,36,444,367,77,2.39,2.16,444,0,233,134
84784,82,168,83,85,5.4,7.31,168,7,80,3
84790,1900,17191,12670,4521,2.83,3.21,17191,604,7616,5054
85003,748,4282,1443,2839,1.96,1.65,4282,529,910,533
85004,1248,4052,931,3121,1.88,1.63,4052,690,588,343
85006,1286,9286,3411,5875,2.98,2.4,9286,1254,2287,1124
85007,713,5333,2101,3232,2.73,2.46,5333,883,1506,595
85008,1714,22582,6467,16115,2.89,2.51,22582,2181,4108,2359
85009,949,14167,6915,7252,3.51,3.18,14167,1594,3019,3896
85012,545,4183,1820,2363,2.31,1.45,4183,286,1031,789
85013,939,10003,4463,5540,2.3,1.74,10003,870,3265,1198
85014,1788,12757,4753,8004,2.33,1.86,12757,1274,3719,1034
85015,1615,15938,5484,10454,2.41,2.71,15938,2741,3529,1955
85016,3182,18082,8943,9139,2.15,1.84,18082,1352,5547,3396
85017,944,11948,5353,6595,3.48,3.16,11948,1660,2904,2449
85018,2015,16966,9208,7758,2.46,1.9,16966,1602,6503,2705
85019,486,7898,4040,3858,3.76,3.59,7898,643,2467,1573
85020,1698,16169,8538,7631,2.04,2.08,16169,1327,5327,3211
85021,1536,16273,6386,9887,2.55,2.28,16273,2673,4397,1989
85022,998,23116,11888,11228,2.31,2.02,23116,1039,7938,3950
85023,796,13599,8001,5598,2.7,2.19,13599,898,4921,3080
85024,545,10054,6508,3546,2.62,2.23,10054,201,4887,1621
85026,,,,0,,,,0,,
85027,854,16102,8676,7426,2.45,2.26,16102,664,6200,2476
85028,684,7557,6412,1145,2.46,2.02,7557,172,4358,2054
85029,1034,18414,10192,8222,2.66,2.47,18414,1522,7324,2868
85031,499,8495,5102,3393,4.21,3.51,8495,803,3273,1829
85032,1555,28279,16105,12174,2.42,2.43,28279,1426,10620,5485
85033,703,16404,8649,7755,3.87,3.43,16404,803,5897,2752
85034,316,2331,406,1925,2.66,2.04,2331,720,242,164
85035,702,15445,6989,8456,3.79,3.31,15445,971,4819,2170
85037,695,14939,9155,5784,3.43,3.57,14939,527,6730,2425
85040,795,10761,4850,5911,3.16,3.11,10761,1537,3447,1403
85041,1213,17994,13023,4971,3.4,3.64,17994,907,8707,4316
85042,723,14847,9144,5703,3.11,2.88,14847,829,6557,2587
85043,337,10796,7079,3717,3.46,3.88,10796,208,5531,1548
85044,1361,17275,10898,6377,2.4,2.28,17275,460,7811,3087
85045,260,2609,2345,264,2.57,2.38,2609,19,1785,560
85048,767,13195,9269,3926,2.66,2.37,13195,262,7210,2059
85050,554,11738,8913,2825,2.69,2.55,11738,225,6591,2322
85051,845,15641,8397,7244,3.01,2.5,15641,1761,5971,2426
85053,544,11127,6693,4434,2.65,2.51,11127,586,4806,1887
85054,1113,4201,1522,2679,2.34,1.7,4201,281,771,751
85083,306,6476,5985,491,3.0,3.08,6476,82,4815,1170
85085,1003,10265,6253,4012,2.82,2.2,10265,194,5364,889
85086,1527,15500,12941,2559,2.6,3.19,15500,250,9608,3333
85087,70,3366,3166,200,2.53,2.53,3366,20,1981,1185
85118,2021,6303,5834,469,1.98,2.0,6303,56,2913,2921
85119,3074,10377,8123,2254,2.28,2.32,10377,472,3694,4429
85120,3544,13622,11111,2511,2.09,2.26,13622,748,4664,6447
85121,100,640,231,409,4.09,2.58,640,159,11,220
85122,3081,19441,12683,6758,2.81,2.79,19441,854,7107,5576
85123,864,3874,2763,1111,2.46,1.98,3874,164,1700,1063
85128,673,5062,3294,1768,3.16,3.54,5062,334,1681,1613
85131,864,3334,2127,1207,2.85,2.87,3334,316,982,1145
85132,1944,8913,7304,1609,2.7,3.43,8913,369,4502,2802
85135,105,141,121,20,2.8,1.75,141,31,20,101
85137,259,908,736,172,2.51,3.83,908,29,351,385
85138,2209,14714,12215,2499,3.14,3.33,14714,150,9799,2416
85139,1083,6265,4822,1443,2.85,3.34,6265,237,3515,1307
85140,1103,14790,11972,2818,2.98,3.45,14790,272,9695,2277
85141,26,140,114,26,2.28,2.08,140,0,7,107
85142,1478,23923,20568,3355,3.28,3.17,23923,254,17175,3393
85143,2500,12917,10002,2915,2.98,2.98,12917,535,8063,1939
85145,29,1124,1007,117,2.94,3.79,1124,0,662,345
85147,61,1237,706,531,3.28,2.93,1237,285,70,636
85172,19,618,299,319,2.94,3.04,618,0,128,171
85173,233,1284,962,322,2.11,2.0,1284,122,414,548
85191,,45,45,0,2.4,,45,0,45,
85192,140,956,849,107,2.29,2.78,956,31,192,657
85193,245,1489,1143,346,3.68,3.15,1489,40,401,742
85194,777,2966,2639,327,2.26,3.6,2966,42,1311,1328
85201,1850,21388,7470,13918,2.65,2.38,21388,2644,4726,2744
85202,1256,16480,7889,8591,2.42,2.27,16480,1190,5908,1981
85203,824,13093,7319,5774,3.18,2.64,13093,750,5101,2218
85204,1375,23207,13247,9960,2.95,2.82,23207,1205,8903,4344
85205,4384,18992,13373,5619,2.31,2.33,18992,831,7780,5593
85206,3166,15656,9858,5798,2.15,2.29,15656,1145,5026,4832
85207,3243,18678,15054,3624,2.64,2.69,18678,611,9808,5246
85208,3913,14686,11518,3168,2.35,3.01,14686,625,6224,5294
85209,4477,17164,12779,4385,2.3,2.36,17164,548,7287,5492
85210,1259,15326,6688,8638,2.54,2.63,15326,1068,4820,1868
85212,1061,13299,11032,2267,3.23,3.23,13299,99,9258,1774
85213,2241,13172,10598,2574,2.8,2.87,13172,373,6712,3886
85215,1577,7409,5859,1550,2.15,2.13,7409,340,3125,2734
85224,1479,20077,10555,9522,2.52,2.33,20077,783,7650,2905
85225,1325,27448,16560,10888,2.64,2.69,27448,1295,12091,4469
85226,524,16284,9898,6386,2.67,2.42,16284,410,7346,2552
85233,527,14552,10154,4398,2.65,2.42,14552,220,7865,2289
85234,764,17100,12310,4790,3.01,2.75,17100,353,9240,3070
85236,,,,0,,,,0,,
85248,2369,17310,13419,3891,2.15,1.89,17310,854,7854,5565
85249,1055,15533,13973,1560,2.83,2.74,15533,217,10443,3530
85250,1541,8212,6137,2075,1.95,1.9,8212,161,3912,2225
85251,4540,21337,9906,11431,1.94,1.77,21337,1123,6242,3664
85253,1460,7462,6267,1195,2.39,1.79,7462,94,3804,2463
85254,2018,18581,13169,5412,2.45,2.17,18581,627,9560,3609
85255,4014,17959,13303,4656,2.45,1.98,17959,487,8693,4610
85256,152,1380,1076,304,3.61,3.68,1380,121,233,843
85257,1248,14674,9208,5466,2.1,2.02,14674,733,5167,4041
85258,2817,12331,8895,3436,2.08,1.98,12331,381,5341,3554
85259,1175,9650,7298,2352,2.49,1.77,9650,424,4694,2604
85260,2372,17996,11032,6964,2.27,1.85,17996,736,8107,2925
85262,2359,6010,5703,307,2.07,2.97,6010,66,3264,2439
85263,663,1674,1595,79,1.84,1.85,1674,49,799,796
85264,18,370,334,36,3.77,3.19,370,28,162,172
85266,1260,5247,5079,168,2.34,1.43,5247,45,3092,1987
85268,2497,11048,9080,1968,2.2,1.92,11048,183,5456,3624
85281,3719,26312,5398,20914,2.15,2.16,26312,3619,2997,2401
85282,1734,23101,10228,12873,2.23,2.24,23101,1747,6358,3870
85283,1232,19006,8719,10287,2.49,2.34,19006,959,5736,2983
85284,309,7070,5756,1314,2.63,2.96,7070,53,3759,1997
85286,601,16256,11368,4888,3.09,2.35,16256,319,8956,2412
85295,557,17654,11770,5884,3.24,2.32,17654,421,9747,2023
85296,933,16227,11987,4240,3.14,2.69,16227,240,9625,2362
85297,391,10276,8054,2222,3.47,2.88,10276,167,6884,1170
85298,842,13223,12223,1000,3.04,3.71,13223,128,9558,2665
85301,1915,22028,8261,13767,3.39,2.86,22028,3058,4631,3630
85302,843,14502,7255,7247,3.1,2.46,14502,1485,4716,2539
85303,351,10001,5871,4130,3.33,3.61,10001,321,4145,1726
85304,559,9494,7360,2134,3.02,2.47,9494,537,5036,2324
85305,504,4631,2912,1719,3.45,2.57,4631,123,2152,760
85306,786,8985,5498,3487,2.73,2.31,8985,613,4135,1363
85307,231,4005,1800,2205,3.04,2.8,4005,365,1091,709
85308,874,24944,18108,6836,2.58,2.37,24944,605,12982,5126
85309,,,,0,,,,0,,
85310,188,6758,5697,1061,2.8,3.39,6758,147,4435,1262
85320,133,249,201,48,2.62,4.1,249,0,49,152
85321,750,1607,1157,450,2.37,2.2,1607,250,433,724
85322,59,186,177,9,2.21,4.89,186,0,95,82
85323,693,13468,8032,5436,3.3,3.29,13468,1108,6108,1924
85324,299,1233,1072,161,1.99,2.14,1233,10,541,531
85325,205,655,630,25,1.85,2.0,655,21,146,484
85326,1934,19376,15337,4039,3.35,3.53,19376,566,11686,3651
85328,69,117,117,0,1.21,,117,14,,117
85329,14,809,573,236,3.71,2.94,809,170,285,288
85331,1063,12124,11125,999,2.53,2.43,12124,160,7959,3166
85332,203,810,677,133,1.98,3.14,810,0,230,447
85333,193,236,143,93,2.02,2.28,236,9,48,95
85334,291,558,301,257,1.79,1.64,558,33,162,139
85335,712,11300,7541,3759,2.92,3.55,11300,320,5026,2515
85336,129,3085,1531,1554,3.54,3.15,3085,349,1113,418
85337,101,799,415,384,2.6,3.51,799,101,132,283
85338,1672,19110,14660,4450,2.96,3.14,19110,290,11690,2970
85339,503,14482,11113,3369,3.41,3.65,14482,363,8549,2564
85340,680,11398,9019,2379,3.12,3.13,11398,159,6783,2236
85341,23,16,,16,,2.56,16,0,,
85342,147,854,733,121,2.09,1.84,854,27,407,326
85343,,30,30,0,3.03,,30,0,22,8
85344,2219,4304,2826,1478,2.14,2.14,4304,144,918,1908
85345,1499,22323,14673,7650,2.65,2.66,22323,938,9794,4879
85346,1435,1341,906,435,1.52,2.09,1341,108,470,436
85347,78,180,44,136,2.34,3.68,180,0,4,40
85348,825,1261,1182,79,1.73,1.41,1261,54,103,1079
85349,251,6027,4279,1748,4.01,3.25,6027,340,3188,1091
85350,400,5730,4093,1637,3.33,3.16,5730,337,2711,1382
85351,3377,17400,14651,2749,1.62,1.56,17400,849,6564,8087
85352,111,156,90,66,2.17,3.21,156,0,,90
85353,396,11274,7574,3700,3.75,3.68,11274,373,5798,1776
85354,369,2432,2110,322,2.95,3.51,2432,8,1373,737
85355,116,3983,3713,270,3.16,3.65,3983,54,3046,667
85356,839,1896,1530,366,2.15,2.55,1896,104,553,977
85357,64,311,239,72,1.54,,311,0,109,130
85360,77,36,36,0,1.58,,36,0,7,29
85361,265,2319,2070,249,3.12,2.04,2319,17,1585,485
85362,198,437,290,147,1.39,2.05,437,41,95,195
85363,187,2588,1249,1339,2.95,2.27,2588,313,930,319
85364,4536,26634,15656,10978,2.77,2.52,26634,1949,9307,6349
85365,6537,18889,14101,4788,2.47,2.68,18889,660,7066,7035
85367,5945,9894,8276,1618,1.99,2.39,9894,198,3508,4768
85371,11,131,29,102,2.07,1.86,131,45,,29
85373,1372,9223,8018,1205,2.2,2.11,9223,410,4295,3723
85374,3575,18619,14243,4376,2.08,2.38,18619,820,7694,6549
85375,3530,15811,13993,1818,1.68,1.43,15811,856,6149,7844
85377,667,1797,1603,194,2.03,1.3,1797,0,813,790
85378,785,4018,2265,1753,2.22,2.54,4018,195,977,1288
85379,855,14871,10921,3950,3.11,3.55,14871,305,9326,1595
85381,846,10433,6844,3589,2.75,2.02,10433,652,4980,1864
85382,1988,17240,11902,5338,2.48,2.18,17240,1083,8104,3798
85383,1123,21972,20210,1762,3.01,3.25,21972,101,15192,5018
85387,509,6181,5731,450,2.33,2.65,6181,84,3738,1993
85388,579,10011,8118,1893,3.25,3.63,10011,66,7024,1094
85390,918,4424,3573,851,2.0,2.33,4424,372,1687,1886
85392,688,13267,8096,5171,3.15,2.57,13267,331,6440,1656
85395,1792,12412,10114,2298,2.65,2.38,12412,292,7054,3060
85396,1524,10599,9818,781,3.01,3.64,10599,379,7457,2361
85501,1112,5181,3746,1435,2.49,2.07,5181,335,1811,1935
85530,81,464,416,48,2.94,6.08,464,99,73,343
85531,12,243,67,176,2.99,1.33,243,0,28,39
85532,,111,98,13,3.05,,111,0,43,55
85533,451,1132,963,169,2.16,5.01,1132,41,408,555
85534,321,931,750,181,2.87,2.92,931,8,279,471
85535,,,,0,,,,0,,
85536,73,160,128,32,2.55,1.75,160,7,74,54
85539,612,1207,846,361,2.33,2.49,1207,89,264,582
85540,341,1158,,1158,,3.27,1158,0,,
85541,4976,10712,8618,2094,2.09,2.12,10712,390,4136,4482
85542,78,746,310,436,5.72,4.8,746,92,13,297
85543,264,1435,1029,406,2.84,2.82,1435,64,508,521
85544,2129,1419,1211,208,1.87,1.77,1419,43,551,660
85545,153,377,280,97,1.69,1.66,377,44,27,253
85546,1149,6231,4689,1542,2.95,2.56,6231,264,2977,1712
85550,155,1300,709,591,3.83,4.57,1300,260,162,547
85551,25,131,103,28,4.16,2.43,131,10,24,79
85552,263,2069,1451,618,3.21,2.71,2069,7,1017,434
85553,399,883,741,142,1.76,1.49,883,97,193,548
85554,373,276,222,54,1.44,1.69,276,14,99,123
85601,95,330,276,54,1.67,,330,18,43,233
85602,990,4131,3152,979,2.32,2.27,4131,322,1463,1689
85603,989,3229,2348,881,1.98,1.81,3229,142,1150,1198
85605,60,228,147,81,2.42,3.42,228,28,39,108
85606,223,361,290,71,2.35,2.3,361,8,118,172
85607,1171,5519,3717,1802,3.07,3.02,5519,504,1854,1863
85608,,,,0,,,,0,,
85609,38,195,195,0,2.1,,195,0,86,109
85610,311,311,276,35,2.42,3.06,311,26,93,183
85611,167,586,552,34,2.34,3.88,586,0,267,285
85613,115,882,,882,,3.59,882,7,,
85614,3539,13132,10788,2344,1.77,1.83,13132,535,5186,5602
85615,293,3781,3423,358,2.37,2.45,3781,0,1876,1547
85616,255,2271,1505,766,2.37,2.15,2271,130,824,681
85617,164,554,435,119,2.07,1.77,554,55,166,269
85618,244,541,419,122,2.68,2.64,541,37,154,265
85619,332,17,17,0,1.53,,17,0,9,8
85620,53,334,281,53,2.59,4.02,334,10,107,174
85621,964,7482,3797,3685,3.0,2.72,7482,835,1839,1958
85622,1170,3576,3254,322,1.69,2.11,3576,86,1283,1971
85623,435,2304,2030,274,2.0,3.14,2304,46,1034,996
85624,352,672,362,310,1.81,2.11,672,16,132,230
85625,439,969,853,116,1.87,2.32,969,21,336,517
85626,107,353,302,51,4.05,,353,28,123,179
85627,27,179,178,1,2.48,14.0,179,0,99,79
85629,672,9152,7690,1462,3.12,3.64,9152,148,5892,1798
85630,375,876,665,211,2.19,1.69,876,35,346,319
85631,97,1609,1259,350,2.02,2.76,1609,25,589,670
85632,289,384,316,68,2.04,2.06,384,14,78,238
85633,18,12,,12,,1.25,12,0,,
85634,594,1650,966,684,3.75,3.6,1650,445,136,830
85635,1944,15395,9204,6191,2.37,2.11,15395,976,5548,3656
85637,125,464,416,48,2.46,1.98,464,0,190,226
85638,321,793,586,207,2.04,2.28,793,38,291,295
85639,48,104,62,42,2.26,6.79,104,63,12,50
85640,84,43,43,0,2.0,,43,0,21,22
85641,448,9993,9311,682,2.97,3.61,9993,67,7282,2029
85643,983,3087,2150,937,2.64,2.37,3087,150,983,1167
85645,24,627,571,56,2.51,2.98,627,37,247,324
85646,441,660,569,91,2.01,1.46,660,0,321,248
85648,239,6669,5463,1206,3.14,3.17,6669,108,4131,1332
85650,528,5929,4933,996,2.39,2.65,5929,419,3083,1850
85653,495,6626,5462,1164,2.95,2.74,6626,155,3726,1736
85654,23,,,0,,,,0,,
85658,1043,6457,5704,753,2.38,2.57,6457,46,4045,1659
85701,600,2939,776,2163,1.93,1.71,2939,482,462,314
85704,1736,15821,9024,6797,2.27,1.98,15821,1086,4938,4086
85705,3553,24779,11674,13105,2.33,2.11,24779,3689,4825,6849
85706,1540,18211,10320,7891,3.16,3.18,18211,1723,5699,4621
85707,,,,0,,,,0,,
85708,42,1309,10,1299,1.9,2.99,1309,9,,10
85709,,,,0,,,,0,,
85710,2919,24664,13595,11069,2.22,1.97,24664,2627,8243,5352
85711,1855,17570,8563,9007,2.38,2.28,17570,2757,5651,2912
85712,1775,16437,6435,10002,1.95,1.74,16437,2465,3795,2640
85713,2716,16496,10378,6118,2.62,2.67,16496,1881,5998,4380
85714,621,5561,2927,2634,2.84,2.73,5561,728,1785,1142
85715,813,8581,5748,2833,2.21,2.03,8581,332,3870,1878
85716,2861,15729,6353,9376,2.19,1.81,15729,1782,3836,2517
85718,2218,12747,8379,4368,2.26,1.65,12747,460,4564,3815
85719,2487,18548,5289,13259,2.02,2.07,18548,2306,2666,2623
85721,,,,0,,,,0,,
85723,,,,0,,,,0,,
85724,,,,0,,,,0,,
85726,,,,0,,,,0,,
85730,1168,15441,10462,4979,2.53,2.4,15441,1016,7024,3438
85734,,,,0,,,,0,,
85735,490,4060,3637,423,2.61,3.06,4060,32,2257,1380
85736,234,1794,1529,265,2.34,3.4,1794,105,665,864
85737,777,9666,7392,2274,2.38,2.09,9666,320,4612,2780
85739,1094,8471,7630,841,2.02,2.16,8471,186,3974,3656
85741,759,14053,8442,5611,2.52,2.23,14053,572,5822,2620
85742,603,11516,8832,2684,2.53,2.42,11516,399,6306,2526
85743,742,11768,10016,1752,2.6,2.58,11768,340,6186,3830
85745,1472,16314,10244,6070,2.28,2.25,16314,1425,6355,3889
85746,1480,15645,10893,4752,2.96,2.97,15645,763,7336,3557
85747,590,8791,7026,1765,2.96,3.0,8791,117,5461,1565
85748,436,8082,6005,2077,2.51,2.25,8082,51,4241,1764
85749,687,7663,6481,1182,2.46,1.83,7663,94,3946,2535
85750,1729,11659,8684,2975,2.2,1.75,11659,438,4777,3907
85755,1479,7731,6865,866,2.27,1.9,7731,120,3820,3045
85756,1267,11200,8869,2331,2.93,3.46,11200,324,5489,3380
85757,389,6448,5213,1235,3.07,3.52,6448,322,3560,1653
85901,4452,7494,5502,1992,2.5,2.52,7494,136,2647,2855
85902,,,,0,,,,0,,
85911,29,333,172,161,3.79,4.82,333,69,60,112
85912,,98,98,0,1.64,,98,0,48,50
85920,656,293,255,38,2.0,1.34,293,0,111,144
85922,32,44,44,0,1.36,,44,0,,44
85923,53,229,208,21,2.06,,229,0,54,154
85924,653,892,856,36,2.12,,892,41,286,570
85925,560,1447,1204,243,3.19,2.59,1447,64,846,358
85926,10,251,66,185,4.27,3.08,251,68,8,58
85927,541,39,39,0,3.21,,39,0,,39
85928,298,211,133,78,2.69,2.65,211,9,72,61
85929,2086,3226,2402,824,2.39,1.93,3226,184,1043,1359
85930,119,306,161,145,6.2,3.64,306,45,102,59
85931,991,96,87,9,2.05,4.67,96,0,15,72
85932,301,181,181,0,3.51,,181,0,57,124
85933,3419,1373,1075,298,1.96,2.68,1373,9,513,562
85934,234,236,201,35,2.24,,236,0,140,61
85935,4025,2003,1676,327,2.28,1.84,2003,87,686,990
85936,576,928,798,130,3.53,5.17,928,61,430,368
85937,341,2786,2299,487,3.26,3.12,2786,72,1363,936
85938,388,873,629,244,2.71,2.69,873,40,333,296
85939,209,1445,1199,246,2.92,1.93,1445,20,591,608
85940,280,477,416,61,2.81,4.93,477,30,211,205
85941,280,2739,1620,1119,3.68,4.09,2739,646,164,1456
85942,,,,0,,,,0,,
86001,1462,12703,4848,7855,2.46,2.19,12703,768,2934,1914
86003,6,29,22,7,2.68,1.86,29,3,7,15
86004,2798,13863,8907,4956,2.65,2.53,13863,412,6021,2886
86005,2150,6607,3926,2681,2.59,2.14,6607,167,2522,1404
86011,,33,2,31,2.5,2.03,33,20,,2
86015,103,545,470,75,2.08,1.83,545,0,442,28
86016,12,19,19,0,2.21,,19,12,,19
86017,2654,493,479,14,1.57,1.86,493,0,227,252
86018,548,333,269,64,2.31,2.33,333,13,131,138
86020,199,635,570,65,3.6,3.54,635,77,37,533
86021,141,708,352,356,5.36,6.47,708,0,161,191
86022,252,752,569,183,2.66,2.87,752,1,217,352
86023,366,453,112,341,4.95,1.64,453,86,78,34
86024,1572,485,462,23,2.09,1.61,485,23,226,236
86025,262,1686,1076,610,2.84,2.69,1686,98,446,630
86028,,15,15,0,2.6,,15,0,15,
86029,146,27,27,0,2.22,,27,0,17,10
86030,167,278,230,48,3.4,3.02,278,44,8,222
86031,192,646,480,166,2.53,3.57,646,114,19,461
86032,83,578,415,163,3.75,3.33,578,4,232,183
86033,787,2584,1462,1122,3.11,3.17,2584,198,120,1342
86034,344,535,343,192,2.6,2.96,535,85,7,336
86035,99,572,444,128,3.41,3.23,572,80,38,406
86036,60,88,57,31,3.32,,88,3,3,54
86038,443,39,39,0,1.87,,39,0,9,30
86039,229,537,499,38,2.77,5.5,537,116,83,416
86040,762,3777,2391,1386,2.83,2.81,3777,225,895,1496
86042,135,628,329,299,4.32,2.63,628,90,52,277
86043,102,589,463,126,4.7,3.44,589,96,19,444
86044,365,1120,848,272,2.95,2.39,1120,341,55,793
86045,625,3300,1971,1329,3.94,2.97,3300,266,170,1801
86046,887,2438,1787,651,2.37,2.43,2438,122,881,906
86047,802,4118,2385,1733,3.08,3.06,4118,470,803,1582
86052,8,,,0,,,,0,,
86053,117,716,618,98,3.5,3.44,716,110,124,494
86054,291,578,409,169,2.99,2.41,578,132,26,383
86301,1683,11194,7962,3232,2.07,2.2,11194,677,4518,3444
86303,2499,9352,6381,2971,2.01,1.84,9352,599,3300,3081
86305,1513,8549,6899,1650,2.12,2.14,8549,293,3510,3389
86313,,,,0,,,,0,,
86314,649,15876,10156,5720,2.45,2.45,15876,393,6292,3864
86315,407,3689,3259,430,2.31,3.66,3689,0,2314,945
86320,349,1240,1144,96,2.4,2.39,1240,24,400,744
86321,156,878,108,770,2.62,3.2,878,20,4,104
86322,368,4308,3304,1004,2.69,2.86,4308,152,1438,1866
86323,870,8248,6730,1518,2.27,2.37,8248,248,3994,2736
86324,134,2375,1751,624,1.92,1.69,2375,28,752,999
86325,513,2502,1861,641,2.3,2.03,2502,46,1172,689
86326,562,11417,7054,4363,2.27,1.98,11417,907,4209,2845
86327,868,4726,4227,499,2.1,2.02,4726,20,2286,1941
86329,121,454,373,81,3.49,3.01,454,13,289,84
86331,73,226,144,82,2.28,1.43,226,10,63,81
86332,273,1030,919,111,1.86,2.77,1030,18,520,399
86333,578,2635,2036,599,2.36,1.76,2635,80,891,1145
86334,267,1773,1239,534,2.08,3.41,1773,72,783,456
86335,312,2462,1463,999,1.99,1.66,2462,120,881,582
86336,1944,5647,4169,1478,1.93,1.91,5647,152,2105,2064
86337,471,747,613,134,2.15,2.05,747,14,225,388
86338,86,261,175,86,2.01,1.99,261,8,70,105
86343,161,61,37,24,2.22,1.96,61,4,20,17
86351,1068,3407,2245,1162,1.84,1.8,3407,131,1114,1131
86401,1308,11657,8139,3518,2.32,2.32,11657,685,5182,2957
86403,3133,8197,5166,3031,2.24,2.12,8197,533,2635,2531
86404,2393,8365,6813,1552,2.07,2.49,8365,323,4150,2663
86406,2609,11683,9001,2682,2.11,1.82,11683,278,5599,3402
86409,1264,12832,8848,3984,2.29,2.2,12832,822,4298,4550
86411,62,202,188,14,2.52,3.14,202,0,138,50
86413,887,4914,4306,608,2.0,2.11,4914,78,2336,1970
86426,1097,6588,5292,1296,2.38,2.34,6588,139,3421,1871
86429,1459,3968,2589,1379,2.19,1.96,3968,207,1302,1287
86431,69,189,107,82,1.52,1.62,189,44,22,85
86432,681,1852,1330,522,2.07,2.39,1852,0,124,1206
86433,,26,26,0,1.65,,26,0,,26
86434,120,518,268,250,2.61,3.87,518,58,53,215
86435,1,,,0,,,,0,,
86436,915,763,429,334,1.45,1.4,763,52,228,201
86437,6,23,18,5,2.83,10.2,23,0,8,10
86438,302,338,324,14,2.0,,338,0,111,213
86440,1466,3255,2584,671,2.46,2.63,3255,129,1362,1222
86441,557,924,825,99,2.01,1.58,924,32,275,550
86442,4251,14982,9106,5876,2.11,2.4,14982,894,4446,4660
86443,135,,,0,,,,0,,
86444,623,786,721,65,2.01,,786,52,100,621
86445,89,129,129,0,1.96,,129,0,58,71
86502,169,300,285,15,2.95,5.2,300,73,12,273
86503,768,3005,2248,757,2.86,3.39,3005,360,107,2141
86504,567,1599,1163,436,4.09,3.65,1599,223,81,1082
86505,906,1963,1656,307,3.84,3.69,1963,493,71,1585
86506,192,422,405,17,3.43,2.88,422,86,25,380
86507,369,576,530,46,3.58,2.3,576,112,15,515
86508,79,182,171,11,2.92,1.45,182,48,4,167
86510,561,1323,1056,267,2.72,2.57,1323,212,47,1009
86511,646,951,890,61,3.85,2.98,951,160,85,805
86512,124,714,485,229,3.84,2.85,714,125,12,473
86514,449,873,632,241,3.72,4.09,873,75,56,576
86515,476,994,580,414,2.94,3.17,994,111,53,527
86520,330,706,646,60,3.13,4.08,706,242,49,597
86535,102,343,337,6,4.2,1.83,343,75,6,331
86538,136,554,401,153,2.85,2.22,554,77,,401
86540,144,228,180,48,4.29,5.56,228,42,13,167
86544,189,356,312,44,3.74,4.8,356,35,14,298
86545,77,340,299,41,3.85,2.83,340,51,8,291
86547,66,266,243,23,3.86,4.39,266,37,10,233
86556,272,560,370,190,4.35,3.93,560,160,10,360
87001,124,1061,724,337,4.09,2.65,1061,89,228,496
87002,1554,7501,5801,1700,2.77,2.58,7501,254,2695,3106
87004,378,4693,3504,1189,2.47,2.4,4693,217,1536,1968
87005,123,67,67,0,1.43,,67,17,50,17
87006,147,305,281,24,5.2,2.75,305,5,150,131
87007,180,309,187,122,3.53,5.52,309,52,25,162
87008,212,1157,1048,109,1.9,3.58,1157,26,773,275
87010,223,615,371,244,1.76,1.44,615,0,127,244
87011,6,,,0,,,,0,,
87012,104,190,136,54,1.9,3.28,190,0,12,124
87013,578,1557,1160,397,3.52,3.92,1557,126,140,1020
87014,62,259,223,36,1.84,2.47,259,0,,223
87015,434,5929,5360,569,2.49,2.24,5929,235,3083,2277
87016,293,1088,883,205,2.55,2.25,1088,37,191,692
87017,110,154,151,3,4.01,4.33,154,0,31,120
87018,52,196,129,67,4.04,6.13,196,15,,129
87020,855,3430,2268,1162,2.76,3.1,3430,222,1162,1106
87021,193,917,679,238,2.25,5.03,917,7,344,335
87022,114,217,211,6,1.96,5.0,217,17,29,182
87023,125,182,182,0,2.8,,182,31,61,121
87024,88,615,430,185,4.19,3.81,615,64,11,419
87025,539,629,588,41,1.92,5.15,629,16,332,256
87026,284,1124,902,222,3.75,3.81,1124,136,75,827
87027,51,157,73,84,1.93,2.6,157,39,27,46
87028,42,49,49,0,1.78,,49,0,,49
87029,78,160,138,22,1.7,1.18,160,3,29,109
87031,2247,14324,11832,2492,3.1,2.92,14324,418,6474,5358
87032,87,92,92,0,,,92,0,47,45
87034,412,705,666,39,4.6,4.03,705,59,102,564
87035,786,2301,1872,429,3.05,3.68,2301,103,916,956
87036,345,584,507,77,2.91,3.32,584,37,133,374
87037,125,441,366,75,4.0,4.11,441,74,25,341
87038,32,73,73,0,5.34,,73,11,6,67
87040,53,146,146,0,5.36,,146,30,,146
87041,44,319,271,48,2.6,2.58,319,2,104,167
87042,212,1376,1175,201,2.46,2.7,1376,0,726,449
87043,171,1909,1733,176,2.0,2.24,1909,13,838,895
87044,61,73,73,0,1.64,,73,0,23,50
87045,255,488,448,40,3.82,4.35,488,102,61,387
87046,130,74,74,0,2.89,,74,0,4,70
87047,327,1897,1665,232,2.44,2.11,1897,0,970,695
87048,373,3673,3371,302,2.39,2.16,3673,9,1973,1398
87049,21,68,68,0,3.66,,68,19,49,19
87051,183,424,424,0,4.45,,424,0,,424
87052,83,548,386,162,5.53,3.33,548,36,33,353
87053,73,345,241,104,3.78,3.28,345,29,52,189
87056,82,496,467,29,2.43,1.69,496,12,253,214
87059,361,4056,3724,332,2.37,2.57,4056,0,2259,1465
87060,,,,0,,,,0,,
87061,74,132,132,0,1.95,,132,0,30,102
87062,253,538,446,92,2.79,4.14,538,4,43,403
87063,46,110,80,30,3.88,1.9,110,18,47,33
87064,72,55,55,0,1.53,,55,0,,55
87068,140,1904,1789,115,2.7,4.37,1904,85,855,934
87070,,9,,9,,,9,0,,
87072,66,177,154,23,3.56,2.39,177,16,20,134
87083,56,238,217,21,1.61,2.38,238,5,104,113
87101,,,,0,,,,0,,
87102,1481,9798,3373,6425,2.4,1.61,9798,1794,2018,1355
87104,623,5856,3809,2047,2.51,1.91,5856,507,2423,1386
87105,1963,18886,13621,5265,2.86,2.82,18886,1383,7592,6029
87106,1482,11909,5009,6900,2.28,1.87,11909,1218,2811,2198
87107,1223,12334,7801,4533,2.36,1.96,12334,1108,4773,3028
87108,2022,17128,5941,11187,2.2,2.03,17128,3448,3325,2616
87109,1555,18919,9603,9316,2.2,2.02,18919,1676,5501,4102
87110,1273,18135,10939,7196,2.23,2.17,18135,1469,6632,4307
87111,1611,25998,15756,10242,2.33,2.0,25998,1331,9013,6743
87112,1129,18760,11212,7548,2.35,2.02,18760,827,6991,4221
87113,178,6417,4475,1942,2.72,2.4,6417,208,3039,1436
87114,916,26615,18207,8408,2.71,2.41,26615,887,13880,4327
87116,64,1384,54,1330,1.24,2.96,1384,20,,54
87117,,,,0,,,,0,,
87120,1180,25860,19962,5898,2.53,2.51,25860,988,15048,4914
87121,1054,25665,18570,7095,3.0,2.77,25665,711,13364,5206
87122,248,6559,5969,590,2.75,2.71,6559,155,3906,2063
87123,1414,18500,12035,6465,2.39,2.36,18500,1733,6988,5047
87124,880,21614,16458,5156,2.66,2.45,21614,699,11507,4951
87144,758,16204,13332,2872,2.92,2.85,16204,236,10241,3091
87151,,,,0,,,,0,,
87301,426,7428,4097,3331,3.21,2.73,7428,664,2141,1956
87305,216,601,567,34,3.53,3.62,601,66,79,488
87310,83,288,266,22,3.84,3.05,288,13,12,254
87311,339,1241,991,250,4.13,3.91,1241,136,105,886
87312,26,171,136,35,2.49,2.26,171,39,31,105
87313,402,1614,1017,597,3.41,2.91,1614,100,147,870
87315,17,56,56,0,2.52,,56,0,,56
87316,97,485,282,203,4.54,1.72,485,45,40,242
87317,12,329,284,45,4.51,,329,0,185,99
87319,301,735,640,95,3.76,5.08,735,74,137,503
87320,98,193,175,18,2.94,3.5,193,17,14,161
87321,339,725,546,179,3.05,1.85,725,22,163,383
87322,51,137,134,3,4.27,19.33,137,17,47,87
87323,652,1388,1234,154,3.01,2.87,1388,186,307,927
87325,298,672,571,101,3.85,3.66,672,60,44,527
87326,284,591,562,29,3.99,4.9,591,121,35,527
87327,348,1804,1509,295,4.77,4.03,1804,338,192,1317
87328,334,800,296,504,3.41,3.63,800,106,19,277
87347,,117,81,36,1.59,3.69,117,0,9,72
87357,219,327,175,152,3.01,3.64,327,45,18,157
87364,251,497,449,48,3.24,3.85,497,99,36,413
87365,2,22,19,3,1.58,,22,10,,19
87375,376,1155,1064,91,3.78,4.67,1155,144,133,931
87401,1933,15255,9694,5561,2.99,3.02,15255,1027,5324,4370
87402,424,3509,2654,855,2.78,2.83,3509,65,1586,1068
87410,928,5838,4380,1458,2.68,2.18,5838,196,2113,2267
87412,98,438,391,47,3.89,3.85,438,6,200,191
87413,627,5168,3888,1280,2.98,2.73,5168,260,1627,2261
87415,70,825,594,231,2.43,2.64,825,18,442,152
87416,372,1349,1087,262,3.08,4.69,1349,103,150,937
87417,420,1473,892,581,3.34,3.44,1473,105,438,454
87418,75,357,334,23,2.45,1.83,357,5,196,138
87419,158,161,123,38,2.4,3.58,161,0,34,89
87420,907,3201,1936,1265,3.73,3.15,3201,182,254,1682
87421,121,513,443,70,3.89,3.67,513,15,144,299
87455,291,520,453,67,2.9,3.78,520,98,27,426
87461,341,451,429,22,3.27,3.64,451,41,57,372
87499,67,293,247,46,3.58,2.87,293,36,,247
87501,2293,7913,5104,2809,1.95,1.66,7913,288,2574,2530
87505,2858,15273,9449,5824,2.08,1.9,15273,739,5392,4057
87506,1512,6710,5433,1277,2.32,2.25,6710,221,2416,3017
87507,975,19449,13355,6094,2.77,2.39,19449,817,7778,5577
87508,588,7333,6567,766,2.34,2.4,7333,102,3916,2651
87510,91,449,361,88,2.15,,449,0,41,320
87511,437,697,551,146,3.87,3.04,697,0,288,263
87512,114,84,84,0,2.11,,84,0,,84
87513,162,433,349,84,1.41,3.96,433,0,231,118
87514,557,542,542,0,3.35,,542,0,93,449
87515,139,82,66,16,1.74,,82,0,45,21
87516,38,28,28,0,1.79,,28,0,,28
87517,150,216,182,34,1.62,,216,44,62,120
87518,24,,,0,,,,0,,
87519,114,281,252,29,3.48,,281,0,68,184
87520,571,568,486,82,2.56,1.56,568,27,221,265
87521,79,335,261,74,2.66,1.53,335,47,25,236
87522,359,1276,1094,182,2.58,2.64,1276,57,343,751
87523,116,161,144,17,1.17,,161,17,28,116
87524,70,118,118,0,3.29,,118,0,99,19
87525,266,22,22,0,3.5,,22,0,13,9
87527,156,250,250,0,2.52,,250,0,66,184
87528,278,753,446,307,4.97,3.58,753,18,84,362
87529,848,1921,1639,282,2.62,2.16,1921,75,651,988
87530,275,436,436,0,2.06,,436,0,172,264
87531,73,91,91,0,1.92,,91,0,,91
87532,1934,7091,4804,2287,2.85,2.77,7091,406,1952,2852
87535,126,917,694,223,1.48,2.04,917,7,224,470
87537,362,841,619,222,2.9,2.38,841,11,191,428
87538,156,143,71,72,2.52,,143,0,41,30
87539,162,54,54,0,7.0,,54,0,23,31
87540,129,515,324,191,2.02,1.1,515,0,168,156
87543,158,45,45,0,,,45,0,,45
87544,228,5993,4012,1981,2.39,1.9,5993,145,2416,1596
87547,336,2036,1951,85,2.81,2.82,2036,0,1227,724
87548,30,233,174,59,1.6,1.64,233,29,79,95
87549,104,486,426,60,1.92,3.43,486,0,212,214
87551,216,109,109,0,1.26,,109,0,23,86
87552,267,915,704,211,2.87,1.77,915,44,227,477
87553,171,477,380,97,2.85,4.57,477,33,81,299
87554,34,,,0,,,,0,,
87556,643,922,758,164,3.4,2.01,922,11,290,468
87557,896,1965,1599,366,2.71,2.58,1965,116,636,963
87558,987,380,210,170,2.61,3.07,380,54,176,34
87560,181,563,450,113,2.84,2.59,563,94,108,342
87562,60,139,113,26,4.39,,139,0,,113
87564,101,44,44,0,1.77,,44,0,44,
87565,,190,190,0,1.71,,190,0,44,146
87566,258,644,565,79,4.56,3.05,644,50,117,448
87567,266,344,226,118,2.48,1.15,344,0,23,203
87569,45,282,270,12,2.19,,282,0,92,178
87571,2199,4372,3208,1164,2.63,2.59,4372,209,1568,1640
87573,251,14,14,0,,,14,0,14,
87575,378,318,187,131,3.34,2.7,318,44,,187
87577,95,136,136,0,1.18,,136,0,23,113
87578,130,143,80,63,3.38,1.65,143,0,45,35
87579,347,423,309,114,2.53,2.24,423,4,121,188
87580,93,222,222,0,1.21,,222,0,61,161
87581,75,15,15,0,1.67,,15,15,,15
87582,184,340,293,47,3.36,,340,0,57,236
87583,141,173,124,49,3.49,,173,16,,124
87701,1623,7799,5028,2771,2.25,2.06,7799,596,1831,3197
87710,2193,642,508,134,2.17,2.51,642,0,200,308
87711,172,260,237,23,3.94,,260,0,5,232
87712,47,174,174,0,1.72,,174,0,30,144
87713,85,176,151,25,1.33,1.96,176,0,5,146
87714,137,564,257,307,2.04,1.65,564,44,98,159
87715,,225,203,22,2.44,2.82,225,0,54,149
87718,508,272,226,46,1.68,2.24,272,3,58,168
87722,191,436,423,13,2.18,1.77,436,56,112,311
87723,82,177,177,0,1.8,,177,0,113,64
87724,31,22,,22,,,22,0,,
87728,46,182,125,57,3.3,3.23,182,9,48,77
87729,12,45,45,0,1.78,,45,0,9,36
87730,12,9,5,4,2.2,,9,0,,5
87731,48,132,113,19,2.54,4.37,132,0,,113
87732,316,434,364,70,1.64,3.21,434,39,63,301
87733,64,31,20,11,1.8,5.27,31,5,1,19
87734,56,107,92,15,2.49,,107,6,7,85
87735,27,43,24,19,,,43,0,24,
87736,,22,22,0,2.95,,22,0,,22
87740,625,3258,2267,991,2.1,2.08,3258,375,1082,1185
87742,177,145,145,0,1.81,,145,4,30,115
87743,118,123,83,40,2.78,2.08,123,13,12,71
87745,140,410,396,14,2.19,,410,14,98,298
87746,34,26,24,2,2.38,2.0,26,17,,24
87747,263,601,477,124,1.98,2.04,601,13,237,240
87749,156,39,39,0,2.36,,39,0,,39
87750,8,,,0,,,,0,,
87752,94,295,231,64,1.99,1.98,295,16,39,192
87753,63,24,24,0,1.92,,24,0,,24
87801,1355,2918,2008,910,3.07,3.26,2918,198,667,1341
87820,69,75,70,5,1.97,2.4,75,0,,70
87821,280,336,320,16,2.11,6.0,336,12,,320
87823,166,94,94,0,3.56,,94,6,8,86
87824,190,48,48,0,1.75,,48,0,,48
87825,603,780,671,109,3.17,3.66,780,45,84,587
87827,220,105,48,57,2.02,1.32,105,45,13,35
87828,49,139,126,13,6.16,,139,13,10,116
87829,469,358,327,31,1.92,4.55,358,29,16,311
87830,289,285,217,68,2.94,3.25,285,0,18,199
87831,40,81,75,6,2.84,,81,0,5,70
87832,160,67,67,0,2.18,,67,0,27,40
87901,1135,2708,1850,858,2.08,2.51,2708,209,888,962
87930,154,303,227,76,2.05,1.42,303,0,82,145
87931,142,404,272,132,1.43,2.95,404,44,81,191
87933,,55,55,0,3.65,,55,0,55,
87935,1002,1003,902,101,1.69,2.23,1003,89,214,688
87936,31,113,113,0,1.42,,113,24,,113
87937,143,1044,830,214,3.83,3.06,1044,130,209,621
87939,91,96,96,0,2.05,,96,0,19,77
87940,11,133,93,40,2.66,5.03,133,0,,93
87941,40,253,121,132,3.06,2.74,253,71,,121
87942,144,441,355,86,2.8,3.1,441,11,149,206
87943,54,107,107,0,1.68,,107,0,17,90
88001,1708,14806,6473,8333,2.65,2.34,14806,1514,3744,2729
88002,139,374,18,356,,3.14,374,7,,18
88003,10,,,0,,,,0,,
88004,,,,0,,,,0,,
88005,1317,10949,6309,4640,2.55,2.46,10949,1098,3373,2936
88007,924,8690,6965,1725,2.75,2.82,8690,251,3616,3349
88008,244,4001,3137,864,2.76,2.7,4001,0,2467,670
88009,72,,,0,,,,0,,
88011,1377,13486,7871,5615,2.47,1.87,13486,603,4325,3546
88012,945,10579,8354,2225,2.94,3.03,10579,201,5531,2823
88020,114,306,258,48,2.47,2.94,306,3,106,152
88021,551,5141,3735,1406,2.89,3.28,5141,173,1607,2128
88022,192,266,205,61,2.8,2.3,266,11,95,110
88023,360,898,569,329,2.35,2.62,898,74,146,423
88024,17,180,102,78,5.6,2.46,180,0,19,83
88025,30,40,40,0,2.5,,40,0,,40
88026,196,587,399,188,2.87,2.95,587,77,148,251
88027,46,245,188,57,2.65,3.68,245,19,35,153
88028,66,110,83,27,2.53,,110,0,11,72
88029,378,385,222,163,3.64,2.04,385,13,76,146
88030,2037,8662,5478,3184,2.88,2.5,8662,596,2524,2954
88034,,10,10,0,2.7,,10,0,,10
88038,40,107,74,33,5.01,,107,0,13,61
88039,270,292,273,19,2.19,,292,0,122,151
88040,58,32,23,9,2.35,,32,0,5,18
88041,135,463,375,88,2.63,3.15,463,0,173,202
88042,68,200,168,32,1.9,,200,0,30,138
88043,213,642,483,159,2.52,3.25,642,41,166,317
88044,302,912,801,111,3.22,1.91,912,8,339,462
88045,406,1151,782,369,2.71,2.79,1151,98,239,543
88046,56,358,208,150,2.63,1.41,358,80,92,116
88047,206,588,555,33,2.45,3.64,588,45,194,361
88048,71,1206,1040,166,2.59,2.53,1206,79,467,573
88049,256,376,321,55,1.99,1.71,376,32,143,178
88051,33,52,35,17,1.71,,52,0,,35
88052,23,96,56,40,1.61,1.95,96,0,52,4
88053,25,85,24,61,1.63,2.11,85,0,1,23
88055,33,21,21,0,1.95,,21,6,,21
88056,41,111,93,18,1.81,,111,0,53,40
88061,1757,7176,4758,2418,2.63,1.92,7176,306,1858,2900
88063,376,4074,2974,1100,2.92,2.57,4074,430,1172,1802
88065,102,284,234,50,2.59,2.66,284,0,188,46
88072,24,619,470,149,3.67,7.09,619,0,92,378
88081,1239,4139,2883,1256,3.28,3.68,4139,270,1027,1856
88101,2558,17171,9526,7645,2.66,2.59,17171,625,5572,3954
88103,,,,0,,,,0,,
88112,29,112,101,11,2.3,4.09,112,0,67,34
88113,21,38,16,22,6.19,4.36,38,0,1,15
88114,17,25,25,0,1.92,,25,0,11,14
88115,,15,15,0,,,15,0,7,8
88116,87,149,120,29,2.87,2.62,149,0,30,90
88118,26,141,111,30,2.32,1.73,141,0,76,35
88119,402,549,349,200,2.65,4.25,549,54,113,236
88120,23,174,93,81,2.33,1.52,174,1,39,54
88121,45,59,47,12,2.32,6.25,59,0,19,28
88124,147,365,299,66,2.32,2.47,365,7,90,209
88125,7,21,6,15,1.33,4.6,21,2,3,3
88126,8,7,7,0,1.71,,7,0,,7
88130,1411,6395,3755,2640,2.74,2.45,6395,478,2065,1690
88132,16,102,45,57,2.42,3.26,102,0,12,33
88134,15,36,14,22,1.43,4.45,36,0,14,
88135,76,523,374,149,2.43,2.34,523,76,133,241
88136,,13,8,5,2.63,,13,0,,8
88201,1415,9968,7119,2849,2.57,2.59,9968,531,3455,3664
88203,1513,10641,6610,4031,2.84,2.59,10641,568,3160,3450
88210,1084,6915,4481,2434,2.76,2.61,6915,329,2033,2448
88220,2247,14453,10582,3871,2.62,2.91,14453,697,4842,5740
88230,247,1706,1273,433,2.82,2.85,1706,35,301,972
88231,301,1226,966,260,2.8,2.97,1226,44,271,695
88232,190,638,492,146,3.06,3.23,638,41,167,325
88240,2100,13876,8677,5199,3.0,2.77,13876,827,3828,4849
88242,218,2606,2083,523,2.98,2.53,2606,126,1210,873
88244,,,,0,,,,0,,
88250,5,107,61,46,2.11,3.67,107,0,10,51
88252,221,840,641,199,2.41,3.07,840,24,47,594
88253,57,291,203,88,3.08,3.53,291,29,63,140
88254,,44,36,8,,2.0,44,8,,36
88255,50,27,27,0,1.96,,27,0,,27
88256,181,676,487,189,2.91,3.71,676,37,143,344
88260,685,4620,3436,1184,3.3,3.05,4620,162,1210,2226
88262,35,4,4,0,3.0,,4,0,4,
88263,,62,46,16,2.78,2.75,62,0,,46
88264,,,,0,,,,0,,
88265,18,70,70,0,2.04,,70,0,17,53
88267,154,584,419,165,2.74,1.69,584,16,69,350
88268,,,,0,,,,0,,
88301,301,630,540,90,1.83,2.12,630,69,94,446
88310,2825,15049,9689,5360,2.5,2.3,15049,742,5139,4550
88311,180,434,380,54,2.56,1.54,434,28,76,304
88312,1743,1181,1181,0,2.22,,1181,7,602,579
88314,42,59,59,0,3.76,,59,0,,59
88316,377,943,782,161,2.29,2.89,943,3,388,394
88317,2178,778,671,107,2.51,3.38,778,15,245,426
88318,117,170,140,30,1.91,1.53,170,3,29,111
88321,85,141,116,25,3.59,,141,25,12,104
88323,,,,0,,,,0,,
88324,61,47,47,0,2.13,,47,0,,47
88325,275,430,363,67,3.85,2.46,430,0,169,194
88330,63,1179,,1179,,2.92,1179,23,,
88336,67,171,150,21,1.78,2.9,171,0,11,139
88337,214,827,686,141,2.33,1.75,827,8,349,337
88338,,113,72,41,,2.37,113,0,47,25
88339,550,225,225,0,2.94,,225,11,90,135
88340,219,1041,603,438,4.29,3.14,1041,163,61,542
88341,113,270,259,11,2.38,2.27,270,10,81,178
88342,15,,,0,,,,0,,
88343,,13,13,0,,,13,10,3,10
88344,73,27,27,0,1.52,,27,11,7,20
88345,5592,3669,2749,920,2.48,1.71,3669,178,1177,1572
88346,325,1017,595,422,3.22,2.19,1017,18,210,385
88347,96,17,17,0,,,17,0,,17
88348,106,352,284,68,2.24,1.76,352,62,149,135
88349,56,,,0,,,,0,,
88350,356,51,51,0,3.43,,51,0,,51
88351,74,107,80,27,1.68,2.48,107,4,31,49
88352,788,1401,1221,180,3.05,4.26,1401,60,544,677
88353,149,124,68,56,2.21,4.16,124,8,7,61
88354,,57,57,0,1.96,,57,0,,57
88355,99,53,53,0,2.21,,53,0,,53
88401,1051,2563,1622,941,2.67,2.26,2563,232,518,1104
88410,31,60,60,0,2.28,,60,0,,60
88411,24,37,33,4,3.82,2.0,37,0,19,14
88414,36,33,13,20,2.85,3.0,33,0,,13
88415,521,999,694,305,2.74,2.3,999,119,250,444
88416,310,109,109,0,1.37,,109,0,9,100
88417,47,21,,21,,3.57,21,0,,
88418,65,118,79,39,4.73,3.79,118,2,24,55
88419,53,20,16,4,4.94,,20,0,6,10
88421,,19,,19,,,19,0,,
88422,13,38,23,15,3.48,,38,0,18,5
88424,109,19,15,4,3.33,3.0,19,0,11,4
88426,829,453,386,67,2.39,5.03,453,3,134,252
88427,34,42,37,5,2.27,4.0,42,0,5,32
88430,74,76,68,8,2.13,2.13,76,0,,68
88431,,43,43,0,3.23,,43,17,,43
88434,51,107,66,41,2.58,1.95,107,3,12,54
88435,683,888,710,178,3.39,2.44,888,65,223,487
88436,19,34,24,10,1.71,2.0,34,0,12,12
88439,24,,,0,,,,0,,
89001,84,510,368,142,2.81,2.38,510,0,219,149
89002,703,12737,10395,2342,2.86,3.22,12737,306,7764,2631
89003,125,514,200,314,1.95,1.18,514,129,99,101
89004,52,110,83,27,2.8,2.48,110,0,64,19
89005,1202,6163,4441,1722,2.29,2.56,6163,273,2287,2154
89007,45,235,186,49,4.52,2.22,235,30,86,100
89008,154,479,292,187,2.07,1.12,479,62,123,169
89010,71,171,112,59,2.19,2.95,171,3,13,99
89011,1993,11975,8000,3975,2.71,2.37,11975,439,5929,2071
89012,1038,15372,9399,5973,2.57,2.37,15372,651,6518,2881
89013,136,125,88,37,1.95,1.49,125,16,16,72
89014,1151,16801,8293,8508,2.51,2.4,16801,827,5936,2357
89015,1805,14698,9041,5657,2.82,2.41,14698,1227,6334,2707
89017,,22,22,0,1.59,,22,0,12,10
89018,104,255,200,55,2.85,4.09,255,16,91,109
89019,460,1122,849,273,1.94,1.73,1122,54,372,477
89020,48,644,376,268,3.1,1.98,644,0,143,233
89021,148,946,760,186,3.42,3.3,946,0,620,140
89022,46,,,0,,,,0,,
89025,158,359,225,134,2.59,2.12,359,13,112,113
89026,,,,0,,,,0,,
89027,2138,7172,5272,1900,2.37,2.65,7172,374,2865,2407
89029,1452,4286,2215,2071,1.89,2.08,4286,436,1187,1028
89030,1357,15547,5372,10175,3.76,3.13,15547,2212,2793,2579
89031,982,22927,16616,6311,3.19,3.08,22927,609,13654,2962
89032,848,15383,9477,5906,3.27,2.85,15383,972,7003,2474
89034,287,1350,1286,64,1.8,1.88,1350,0,689,597
89039,77,138,104,34,1.53,2.12,138,0,14,90
89040,347,1555,1091,464,2.91,2.61,1555,107,641,450
89042,101,328,260,68,3.26,3.4,328,9,157,103
89043,273,389,316,73,2.15,,389,32,176,140
89044,981,10165,8577,1588,2.45,2.92,10165,34,5906,2671
89045,354,993,624,369,2.22,2.6,993,0,156,468
89046,243,237,143,94,1.18,2.02,237,60,10,133
89047,34,59,33,26,1.64,5.42,59,0,5,28
89048,1175,9938,7095,2843,2.46,2.31,9938,480,3790,3305
89049,455,1286,596,690,2.15,1.46,1286,157,223,373
89052,1607,23531,14813,8718,2.57,2.28,23531,711,9766,5047
89054,26,94,94,0,3.6,,94,18,68,26
89060,549,4883,3908,975,2.31,2.53,4883,219,2033,1875
89061,585,3087,2608,479,2.22,2.04,3087,73,1779,829
89070,,,,0,,,,0,,
89074,1493,20496,11948,8548,2.65,2.3,20496,597,8429,3519
89081,800,12436,7826,4610,3.25,3.11,12436,282,6280,1546
89084,793,10271,6830,3441,3.13,3.13,10271,219,5352,1478
89085,56,1375,1222,153,2.86,2.46,1375,0,972,250
89086,146,2437,966,1471,3.04,2.42,2437,48,832,134
89101,2328,15669,2900,12769,3.6,2.26,15669,5000,1661,1239
89102,1733,15234,3992,11242,2.42,2.48,15234,3023,2480,1512
89103,4090,22333,7123,15210,2.42,2.28,22333,2971,3586,3537
89104,1879,14867,6451,8416,2.9,2.49,14867,2398,3450,3001
89106,1212,9353,2919,6434,2.88,2.58,9353,1865,1592,1327
89107,1022,13016,6447,6569,2.82,2.9,13016,1480,3922,2525
89108,1771,26508,12018,14490,2.86,2.65,26508,2517,8111,3907
89109,9916,3259,1076,2183,1.67,2.07,3259,879,499,577
89110,2658,21368,11352,10016,3.38,2.86,21368,2400,6576,4776
89113,1299,13607,7714,5893,2.55,2.47,13607,537,5128,2586
89115,2341,18947,6770,12177,3.58,3.31,18947,2842,4186,2584
89117,2461,22820,10742,12078,2.59,2.21,22820,1534,6912,3830
89118,1294,8737,3702,5035,2.53,2.52,8737,646,2487,1215
89119,2947,22229,4401,17828,2.41,2.18,22229,4813,3081,1320
89120,671,9254,5109,4145,2.67,2.56,9254,582,3351,1758
89121,4339,24244,11876,12368,2.82,2.65,24244,3386,6890,4986
89122,2413,18997,10919,8078,2.71,2.75,18997,1778,6607,4312
89123,2763,23534,13235,10299,2.72,2.4,23534,1252,9529,3706
89124,355,282,256,26,2.04,2.08,282,1,127,129
89128,1421,15000,7774,7226,2.43,2.52,15000,802,5431,2343
89129,1080,20417,13785,6632,2.66,2.69,20417,619,10260,3525
89130,890,12473,8776,3697,2.67,2.93,12473,541,6654,2122
89131,821,16970,12882,4088,2.92,3.26,16970,343,10200,2682
89134,1371,11252,9267,1985,2.0,2.23,11252,634,4894,4373
89135,1043,12782,9407,3375,2.36,2.2,12782,427,6268,3139
89138,477,7082,5610,1472,2.75,3.09,7082,63,4416,1194
89139,1227,13350,8101,5249,3.3,3.09,13350,108,6368,1733
89141,702,12596,9146,3450,3.06,2.78,12596,230,7831,1315
89142,1130,10548,6387,4161,3.13,3.37,10548,635,4218,2169
89143,211,4115,3076,1039,3.36,3.14,4115,86,2582,494
89144,591,7962,5135,2827,2.47,2.44,7962,118,3561,1574
89145,1005,9638,6219,3419,2.59,2.52,9638,541,4101,2118
89146,667,7635,3327,4308,2.63,2.47,7635,1103,2158,1169
89147,1601,21163,10927,10236,2.66,2.68,21163,1128,7416,3511
89148,1618,21838,12832,9006,2.9,2.68,21838,468,9236,3596
89149,970,15731,10703,5028,2.73,2.46,15731,336,7828,2875
89156,839,9750,5602,4148,3.19,3.1,9750,710,3608,1994
89158,576,288,179,109,1.36,1.49,288,42,57,122
89161,40,213,184,29,2.49,2.62,213,0,98,86
89166,471,9077,6262,2815,3.02,2.84,9077,284,5230,1032
89169,3367,9957,1884,8073,2.57,1.98,9957,2855,962,922
89178,757,13921,9894,4027,2.72,2.99,13921,266,8291,1603
89179,148,3736,3108,628,3.14,3.39,3736,90,2769,339
89183,1375,14375,7431,6944,2.83,2.89,14375,427,6086,1345
89191,,,,0,,,,0,,
89301,343,2652,1879,773,2.27,1.98,2652,75,982,897
89310,87,107,82,25,1.46,1.16,107,0,34,48
89311,26,78,48,30,2.15,3.37,78,0,9,39
89314,14,89,48,41,1.79,3.24,89,6,4,44
89315,,14,14,0,5.07,,14,0,14,
89316,241,278,182,96,3.72,3.94,278,20,50,132
89317,92,138,138,0,3.11,,138,0,72,66
89318,141,445,302,143,1.68,2.58,445,13,74,228
89319,76,137,137,0,1.54,,137,0,43,94
89402,42,82,54,28,1.98,1.96,82,0,22,32
89403,421,6219,5000,1219,2.66,2.65,6219,55,3456,1544
89404,25,17,17,0,,,17,0,,17
89405,69,53,,53,,2.94,53,0,,
89406,961,9753,6584,3169,2.58,2.37,9753,309,3636,2948
89408,469,8050,5977,2073,2.85,2.87,8050,257,4542,1435
89409,15,86,64,22,1.39,,86,22,,64
89410,270,4814,3348,1466,2.35,2.02,4814,145,2105,1243
89411,285,413,387,26,2.35,1.54,413,0,199,188
89412,152,48,30,18,2.0,,48,0,18,12
89413,393,359,332,27,1.98,1.96,359,13,102,230
89414,79,50,50,0,2.86,,50,0,28,22
89415,523,1267,948,319,2.12,3.4,1267,8,484,464
89418,37,92,92,0,2.3,,92,0,19,73
89419,270,1364,827,537,2.7,2.53,1364,78,397,430
89420,15,6,,6,,13.33,6,0,,
89421,130,228,196,32,1.94,1.25,228,12,12,184
89422,37,95,89,6,1.71,,95,6,1,88
89423,280,4501,3897,604,2.37,2.44,4501,84,2579,1318
89424,32,164,141,23,1.72,3.91,164,9,5,136
89425,25,215,160,55,4.06,2.71,215,0,85,75
89426,108,64,64,0,2.3,,64,0,18,46
89427,55,362,244,118,3.03,3.41,362,11,55,189
89428,,39,30,9,1.7,5.0,39,0,19,11
89429,485,3288,2666,622,2.21,2.48,3288,119,1657,1009
89430,42,58,44,14,1.55,,58,14,24,20
89431,1060,15340,6962,8378,2.72,2.59,15340,1008,4582,2380
89433,297,7257,4919,2338,3.22,3.33,7257,371,3107,1812
89434,719,10698,6687,4011,2.62,2.45,10698,574,4878,1809
89436,859,16844,12508,4336,2.81,2.57,16844,273,9397,3111
89437,,,,0,,,,0,,
89438,,13,13,0,2.46,,13,0,,13
89439,49,775,622,153,1.97,1.56,775,17,368,254
89440,196,259,259,0,3.0,,259,0,211,48
89441,192,4692,3948,744,2.71,2.72,4692,160,3173,775
89442,26,320,207,113,2.4,3.42,320,4,80,127
89444,129,1498,1265,233,1.98,2.26,1498,29,630,635
89445,597,6614,4619,1995,2.59,2.24,6614,230,2896,1723
89446,,,,0,,,,0,,
89447,275,3576,2406,1170,2.3,2.28,3576,179,1025,1381
89448,832,895,735,160,2.06,2.24,895,12,381,354
89449,867,1415,801,614,1.99,2.12,1415,65,363,438
89450,17,,,0,,,,0,,
89451,3715,4041,2867,1174,2.15,2.71,4041,29,1768,1099
89460,250,5533,4131,1402,2.49,2.75,5533,128,2456,1675
89496,,,,0,,,,0,,
89501,336,2647,631,2016,1.54,1.26,2647,886,371,260
89502,1235,18903,6334,12569,2.47,2.37,18903,2236,3886,2448
89503,824,12692,5643,7049,2.25,2.27,12692,1087,3794,1849
89506,666,15252,10228,5024,2.82,3.03,15252,417,7638,2590
89508,154,4942,4610,332,2.99,2.76,4942,10,3504,1106
89509,1326,16834,8958,7876,2.31,1.92,16834,1461,5671,3287
89510,53,522,475,47,2.41,1.68,522,5,259,216
89511,747,11854,8245,3609,2.51,2.17,11854,558,5180,3065
89512,865,11246,3264,7982,2.58,2.25,11246,2014,1758,1506
89519,204,3793,3026,767,2.35,2.34,3793,27,1786,1240
89521,883,14060,10245,3815,2.57,2.61,14060,282,7272,2973
89523,614,15139,9121,6018,2.48,2.18,15139,489,6060,3061
89557,,,,0,,,,0,,
89701,562,10605,6231,4374,2.53,2.55,10605,515,4042,2189
89703,128,4777,3384,1393,2.26,1.73,4777,239,1919,1465
89704,55,1815,1730,85,2.4,2.81,1815,13,1174,556
89705,59,2243,1727,516,2.25,2.53,2243,52,1161,566
89706,582,8474,4726,3748,2.46,2.34,8474,700,2509,2217
89801,953,9444,5865,3579,2.91,2.33,9444,533,3436,2429
89815,428,5012,4501,511,3.03,4.44,5012,87,3246,1255
89820,480,2207,1694,513,2.58,2.34,2207,45,991,703
89821,167,260,231,29,1.93,2.17,260,14,24,207
89822,226,778,474,304,2.78,2.82,778,0,281,193
89823,28,156,150,6,2.45,4.0,156,0,65,85
89825,269,329,111,218,6.23,2.01,329,58,51,60
89826,59,,,0,,,,0,,
89828,117,134,122,12,2.3,2.58,134,0,59,63
89830,66,15,15,0,2.27,,15,0,15,
89831,65,26,26,0,,,26,0,,26
89832,104,384,236,148,2.42,3.68,384,10,43,193
89833,52,51,21,30,4.33,1.73,51,0,,21
89834,,23,14,9,,4.0,23,0,,14
89835,257,476,348,128,3.25,2.71,476,33,167,181
89883,351,1884,855,1029,2.72,2.24,1884,402,501,354
90001,589,13421,4774,8647,4.42,4.29,13421,1284,3195,1579
90002,566,13011,5132,7879,4.61,3.89,13011,1659,3894,1238
90003,742,17759,4851,12908,4.53,4.1,17759,2737,3717,1134
90004,2869,22231,3632,18599,2.88,2.6,22231,3698,2554,1078
90005,2135,15993,1273,14720,2.58,2.26,15993,4785,1000,273
90006,2062,18850,1780,17070,3.31,2.94,18850,4575,1242,538
90007,1302,12211,1447,10764,3.5,2.81,12211,3314,895,552
90008,1475,14425,4801,9624,2.4,2.02,14425,2282,3652,1149
90010,585,2247,359,1888,2.34,1.83,2247,375,274,85
90011,928,24603,6733,17870,4.73,4.33,24603,3323,5181,1552
90012,1390,14361,882,13479,2.11,1.99,14361,3467,605,277
90013,1782,7724,643,7081,1.54,1.29,7724,3938,514,129
90014,1062,5803,160,5643,1.63,1.37,5803,2880,149,11
90015,1748,11746,847,10899,1.99,2.06,11746,2884,611,236
90016,1400,17387,6232,11155,2.94,2.44,17387,2147,4626,1606
90017,1716,12996,643,12353,1.34,2.22,12996,4463,491,152
90018,1260,16394,5298,11096,3.4,2.92,16394,2311,3800,1498
90019,2431,23584,6239,17345,2.67,2.5,23584,2954,4326,1913
90020,1905,16881,1590,15291,2.51,2.22,16881,3142,1108,482
90021,182,1454,120,1334,1.52,1.75,1454,855,94,26
90022,811,17266,6000,11266,4.18,3.55,17266,1709,3858,2142
90023,511,11832,3086,8746,3.77,3.88,11832,1697,1858,1228
90024,3846,16359,5428,10931,2.07,2.17,16359,2583,3216,2212
90025,1948,21470,5418,16052,2.25,2.01,21470,2033,3474,1944
90026,1845,25968,6222,19746,2.74,2.4,25968,3343,4574,1648
90027,2277,21133,4282,16851,2.55,1.9,21133,3101,2766,1516
90028,4633,16833,765,16068,1.88,1.67,16833,4610,437,328
90029,1569,13218,1498,11720,3.72,2.37,13218,2774,1028,470
90031,570,11868,3951,7917,3.22,3.21,11868,1860,2153,1798
90032,841,13314,6936,6378,3.32,3.28,13314,1042,4682,2254
90033,695,13240,2750,10490,3.74,3.44,13240,2452,1841,909
90034,3692,24938,5087,19851,2.5,2.01,24938,1918,3098,1989
90035,2385,11310,3747,7563,2.44,2.24,11310,987,2329,1418
90036,2401,18990,3022,15968,2.47,1.87,18990,1556,2051,971
90037,833,17772,4440,13332,4.61,3.55,17772,3301,3286,1154
90038,1879,12595,1127,11468,2.27,2.14,12595,2724,784,343
90039,965,11992,5298,6694,2.68,2.14,11992,529,3659,1639
90040,63,3424,1907,1517,3.74,3.07,3424,392,1097,810
90041,405,10001,5141,4860,2.86,2.54,10001,727,3794,1347
90042,948,20844,9439,11405,2.95,2.72,20844,1494,6812,2627
90043,1392,17052,9297,7755,2.75,2.32,17052,2536,7185,2112
90044,1293,28202,8259,19943,3.8,3.43,28202,4572,6256,2003
90045,1641,15666,7846,7820,2.59,2.19,15666,529,5520,2326
90046,3179,28249,6388,21861,2.04,1.61,28249,3702,4434,1954
90047,847,16853,9393,7460,3.26,2.76,16853,1915,7124,2269
90048,2284,11474,3450,8024,2.1,1.61,11474,953,2184,1266
90049,2040,16116,8674,7442,2.44,1.89,16116,817,5610,3064
90052,,,,0,,,,0,,
90056,220,3556,2035,1521,2.54,1.81,3556,233,1419,616
90057,987,17179,524,16655,2.82,2.71,17179,6189,375,149
90058,86,979,188,791,5.72,3.27,979,155,182,6
90059,462,10162,4720,5442,4.6,3.54,10162,1509,3815,905
90061,412,7844,3151,4693,3.97,3.65,7844,1236,2496,655
90062,460,9796,4621,5175,3.8,3.17,9796,1148,3348,1273
90063,694,13616,5113,8503,3.98,3.82,13616,1699,3196,1917
90064,1165,11144,5838,5306,2.5,1.96,11144,661,3808,2030
90065,955,16180,7556,8624,2.87,2.84,16180,1013,5371,2185
90066,1403,24647,9066,15581,2.45,2.08,24647,1551,5865,3201
90067,581,1531,1121,410,1.53,1.82,1531,183,556,565
90068,2885,11528,5451,6077,2.14,1.54,11528,789,4003,1448
90069,2248,12844,5117,7727,1.64,1.53,12844,1158,3775,1342
90071,,10,10,0,2.8,,10,5,,10
90073,20,,,0,,,,0,,
90077,602,2899,2491,408,2.58,2.88,2899,38,1843,648
90079,,,,0,,,,0,,
90089,12,5,,5,,2.2,5,5,,
90094,526,5560,1980,3580,2.46,1.83,5560,116,1549,431
90095,,,,0,,,,0,,
90201,479,23847,5459,18388,4.5,3.85,23847,1827,3353,2106
90210,1894,7947,5931,2016,2.62,2.04,7947,539,3996,1935
90211,562,3801,1315,2486,2.53,2.35,3801,266,760,555
90212,863,5503,1236,4267,2.62,1.82,5503,565,838,398
90220,511,13704,8548,5156,3.69,3.8,13704,923,5843,2705
90221,448,12531,6709,5822,4.39,3.62,12531,867,4972,1737
90222,279,8511,4478,4033,3.96,3.92,8511,983,3355,1123
90230,678,13792,7998,5794,2.49,2.34,13792,843,5765,2233
90232,642,7101,2872,4229,2.52,1.9,7101,647,1809,1063
90240,368,7670,4893,2777,3.54,3.3,7670,277,3499,1394
90241,698,14098,5795,8303,3.32,3.03,14098,844,4083,1712
90242,194,12729,6220,6509,3.5,3.22,12729,543,4336,1884
90245,354,7070,2969,4101,2.8,2.17,7070,225,2205,764
90247,869,16082,6350,9732,3.22,2.84,16082,1037,3851,2499
90248,220,3857,2582,1275,2.88,3.14,3857,196,1519,1063
90249,292,8869,5072,3797,2.99,2.76,8869,451,3441,1631
90250,1649,31962,10121,21841,3.24,2.9,31962,1791,7322,2799
90254,1243,8926,4535,4391,2.38,2.04,8926,570,3271,1264
90255,487,18168,5868,12300,4.48,3.74,18168,2244,4144,1724
90260,487,10281,4603,5678,3.41,3.15,10281,350,3412,1191
90262,376,15026,7294,7732,4.62,3.95,15026,1075,5367,1927
90263,,,,0,,,,0,,
90265,2770,6463,5120,1343,2.53,2.27,6463,120,3215,1905
90266,1580,13422,9096,4326,2.88,2.17,13422,236,6419,2677
90270,97,6320,1728,4592,4.1,3.96,6320,638,1119,609
90272,969,8074,6379,1695,2.71,2.33,8074,178,4388,1991
90274,916,8962,7983,979,2.79,2.67,8962,192,5148,2835
90275,1143,15397,12143,3254,2.64,3.05,15397,333,8058,4085
90277,1591,16590,7789,8801,2.34,2.01,16590,684,5368,2421
90278,910,15889,9310,6579,2.84,2.49,15889,350,7339,1971
90280,492,23824,10717,13107,4.31,3.58,23824,1821,7674,3043
90290,424,2003,1405,598,2.52,2.64,2003,28,1137,268
90291,2673,13535,5010,8525,2.13,1.74,13535,1236,3487,1523
90292,2471,13048,4277,8771,1.79,1.86,13048,1003,3103,1174
90293,408,6625,3082,3543,1.96,1.89,6625,102,2293,789
90301,769,12110,3220,8890,3.44,2.87,12110,1423,2348,872
90302,788,10456,3296,7160,3.07,2.65,10456,816,2457,839
90303,409,6844,2635,4209,3.34,3.45,6844,585,1961,674
90304,422,7067,2108,4959,4.21,3.47,7067,558,1491,617
90305,448,5880,3591,2289,2.7,2.38,5880,453,3023,568
90401,921,4678,279,4399,2.42,1.51,4678,1217,239,40
90402,899,4906,3555,1351,2.47,2.42,4906,155,2178,1377
90403,1748,13164,3355,9809,2.12,1.76,13164,1204,2163,1192
90404,897,10562,2294,8268,2.33,2.06,10562,1263,1609,685
90405,1561,14247,4519,9728,2.29,1.74,14247,1451,3011,1508
90501,1281,14423,6800,7623,3.05,2.94,14423,807,4334,2466
90502,436,6342,4282,2060,2.74,2.71,6342,280,2981,1301
90503,1133,17173,9043,8130,2.67,2.45,17173,1049,5734,3309
90504,752,11662,7136,4526,2.88,2.72,11662,674,4886,2250
90505,1064,14177,7889,6288,2.64,2.61,14177,565,5209,2680
90506,,,,0,,,,0,,
90601,331,10782,6443,4339,2.86,2.88,10782,580,4603,1840
90602,325,8032,3025,5007,3.35,2.91,8032,768,2177,848
90603,140,6490,5303,1187,3.33,2.86,6490,134,3672,1631
90604,386,11781,7793,3988,3.48,3.17,11781,434,5731,2062
90605,314,11107,7344,3763,3.75,3.93,11107,437,5284,2060
90606,194,8692,5999,2693,3.74,3.65,8692,424,4188,1811
90620,496,13124,9657,3467,3.58,3.48,13124,349,6824,2833
90621,364,10744,3939,6805,3.23,3.43,10744,594,2815,1124
90623,92,4944,3234,1710,3.26,2.99,4944,321,2036,1198
90630,559,16118,11005,5113,3.16,3.05,16118,584,7583,3422
90631,665,21886,13527,8359,3.08,3.27,21886,1379,9507,4020
90638,321,14803,11433,3370,3.17,2.8,14803,643,8179,3254
90639,,,,0,,,,0,,
90640,921,19191,8520,10671,3.22,3.28,19191,1410,5175,3345
90650,775,26353,17595,8758,3.9,3.68,26353,1287,12226,5369
90660,392,16996,11760,5236,3.77,3.36,16996,1178,7865,3895
90670,158,5212,3533,1679,3.48,3.04,5212,299,2499,1034
90680,296,9667,4771,4896,2.96,3.31,9667,738,2847,1924
90701,200,4417,2355,2062,3.43,3.83,4417,178,1584,771
90703,460,15687,11897,3790,3.11,3.38,15687,439,7266,4631
90704,841,1543,503,1040,2.35,2.58,1543,392,301,202
90706,1076,24018,9126,14892,3.42,3.17,24018,1502,6226,2900
90710,444,9150,4962,4188,2.78,3.37,9150,536,3111,1851
90712,267,10247,7676,2571,3.11,3.02,10247,494,5548,2128
90713,268,9583,8126,1457,2.97,3.36,9583,208,5708,2418
90715,163,6573,3666,2907,3.38,3.01,6573,303,2632,1034
90716,146,3659,1640,2019,3.56,4.06,3659,285,1018,622
90717,381,8255,3497,4758,2.62,2.59,8255,448,2300,1197
90720,177,8247,5338,2909,2.8,2.93,8247,252,3695,1643
90723,417,14360,5993,8367,3.88,3.63,14360,668,3714,2279
90731,1304,23155,7832,15323,2.72,2.55,23155,2587,5486,2346
90732,448,8680,6256,2424,2.34,2.7,8680,438,4387,1869
90740,1260,12836,9829,3007,1.9,1.92,12836,1111,3345,6484
90742,170,324,125,199,1.5,1.42,324,0,103,22
90743,164,200,142,58,2.78,1.59,200,10,60,82
90744,615,14995,5350,9645,4.09,3.63,14995,1308,3745,1605
90745,835,15337,10556,4781,3.81,3.59,15337,785,7219,3337
90746,143,8547,7234,1313,3.28,3.14,8547,171,4988,2246
90747,,,,0,,,,0,,
90755,319,4603,2242,2361,2.15,2.94,4603,223,1661,581
90802,2492,21450,4423,17027,1.62,1.83,21450,3336,3445,978
90803,1162,17502,7590,9912,2.03,1.72,17502,794,5204,2386
90804,937,14975,3208,11767,2.2,2.49,14975,1225,2422,786
90805,682,28175,11933,16242,3.66,3.22,28175,2323,8530,3403
90806,573,12555,4678,7877,3.44,3.17,12555,1439,3644,1034
90807,612,12788,6752,6036,2.79,2.27,12788,845,5237,1515
90808,410,14195,11729,2466,2.83,2.59,14195,322,8272,3457
90810,322,9871,5477,4394,3.9,3.51,9871,1047,3729,1748
90813,1204,17485,2259,15226,3.14,3.17,17485,3160,1746,513
90814,635,8817,3064,5753,2.02,2.22,8817,556,2229,835
90815,567,14998,9758,5240,2.69,2.72,14998,539,7219,2539
90822,,,,0,,,,0,,
90831,,,,0,,,,0,,
90840,,,,0,,,,0,,
91001,941,12330,9554,2776,2.97,2.9,12330,368,7252,2302
91006,768,10464,7499,2965,3.07,3.18,10464,193,4284,3215
91007,1279,11708,6086,5622,2.88,2.68,11708,637,3503,2583
91008,73,278,233,45,2.92,2.09,278,7,157,76
91010,371,8462,5453,3009,3.34,2.76,8462,768,3841,1612
91011,454,6447,5786,661,3.19,3.21,6447,100,4036,1750
91016,957,14701,7405,7296,2.68,2.94,14701,707,4939,2466
91020,226,3224,888,2336,3.03,2.14,3224,208,780,108
91024,568,4961,2857,2104,2.56,1.87,4961,114,1962,895
91030,742,10345,4926,5419,2.88,2.31,10345,274,3543,1383
91040,601,7412,5627,1785,2.92,2.49,7412,478,4183,1444
91042,780,9872,5379,4493,2.77,2.56,9872,918,3870,1509
91046,,98,15,83,2.0,1.98,98,54,,15
91101,1615,10391,1541,8850,1.92,1.82,10391,1764,1139,402
91103,778,8480,3847,4633,3.12,2.97,8480,1093,2847,1000
91104,838,13421,7063,6358,2.67,2.86,13421,1026,5053,2010
91105,1045,5463,3132,2331,2.47,2.06,5463,237,2010,1122
91106,1377,10442,3696,6746,2.24,2.24,10442,815,2444,1252
91107,1032,12753,7685,5068,2.64,2.48,12753,361,4880,2805
91108,579,4031,3378,653,2.95,4.09,4031,25,2020,1358
91125,,,,0,,,,0,,
91201,467,8147,2395,5752,3.09,2.66,8147,1123,1745,650
91202,497,8738,3610,5128,2.6,2.58,8738,898,2598,1012
91203,539,6748,1272,5476,2.5,2.44,6748,604,772,500
91204,354,6564,546,6018,3.41,2.71,6564,826,362,184
91205,1040,13709,1904,11805,3.1,2.55,13709,2711,1278,626
91206,1241,12610,4517,8093,2.68,2.49,12610,997,3360,1157
91207,238,4121,2445,1676,2.98,2.5,4121,174,1618,827
91208,500,5964,3860,2104,2.65,2.39,5964,146,2789,1071
91210,106,125,4,121,2.25,1.94,125,0,,4
91214,573,10577,7680,2897,3.14,2.69,10577,435,5808,1872
91301,713,9059,7399,1660,2.8,2.95,9059,241,5599,1800
91302,464,9761,6818,2943,2.76,2.53,9761,172,4941,1877
91303,567,9887,2215,7672,3.06,3.01,9887,840,1338,877
91304,589,18190,9146,9044,2.83,3.06,18190,1552,6334,2812
91306,555,14463,7832,6631,3.34,3.44,14463,869,5812,2020
91307,329,8562,7098,1464,2.93,3.2,8562,205,5304,1794
91311,395,14156,9122,5034,2.83,2.88,14156,444,6418,2704
91316,790,12372,6302,6070,2.4,2.14,12372,829,4304,1998
91320,528,14902,11164,3738,2.91,3.13,14902,342,8220,2944
91321,374,11240,6482,4758,3.04,3.09,11240,609,4622,1860
91324,961,10045,4875,5170,3.2,2.59,10045,654,3482,1393
91325,793,12590,5786,6804,2.89,2.68,12590,767,4160,1626
91326,626,12518,9372,3146,3.03,2.43,12518,388,7022,2350
91330,,,,0,,,,0,,
91331,915,23182,14856,8326,4.7,3.87,23182,1623,10521,4335
91335,1054,24289,11698,12591,3.3,3.06,24289,1788,8665,3033
91340,432,8829,5439,3390,4.2,3.82,8829,414,3816,1623
91342,1316,24793,16742,8051,3.73,3.6,24793,964,12043,4699
91343,664,17977,8972,9005,3.41,3.7,17977,1309,6824,2148
91344,780,17529,12755,4774,3.06,3.06,17529,1054,9357,3398
91345,165,5448,4016,1432,3.54,3.0,5448,226,2808,1208
91350,324,12914,10588,2326,3.3,3.0,12914,549,8647,1941
91351,182,10380,7746,2634,3.1,3.39,10380,268,5688,2058
91352,695,12040,6562,5478,4.08,3.43,12040,789,4343,2219
91354,198,10766,8570,2196,3.17,2.85,10766,151,7244,1326
91355,510,12052,7577,4475,2.68,2.34,12052,697,5820,1757
91356,668,11803,6794,5009,2.67,2.28,11803,940,5083,1711
91360,414,15260,10341,4919,2.76,2.59,15260,1038,7589,2752
91361,505,8005,5658,2347,2.51,2.18,8005,225,3790,1868
91362,591,13859,9642,4217,2.69,2.49,13859,638,7295,2347
91364,799,10254,6834,3420,2.86,2.49,10254,455,5219,1615
91367,1488,17953,8987,8966,2.76,2.22,17953,826,6654,2333
91371,,,,0,,,,0,,
91377,203,5018,3589,1429,2.71,2.69,5018,186,2723,866
91381,182,6590,4317,2273,3.27,2.66,6590,144,3888,429
91384,137,6982,6004,978,3.35,2.81,6982,153,4887,1117
91387,814,13789,8576,5213,3.25,3.34,13789,431,6659,1917
91390,471,6288,5515,773,3.12,2.98,6288,93,3804,1711
91401,685,14596,5007,9589,2.63,2.67,14596,1391,3620,1387
91402,550,20133,6899,13234,3.62,3.22,20133,2315,5281,1618
91403,893,11867,5244,6623,2.48,1.97,11867,860,4221,1023
91405,1023,18374,4960,13414,3.35,2.88,18374,1990,3802,1158
91406,808,18686,7196,11490,3.05,2.82,18686,1524,5246,1950
91411,711,9037,2578,6459,2.51,2.62,9037,801,1859,719
91423,1339,14925,5702,9223,2.37,1.98,14925,472,4282,1420
91436,233,6011,4686,1325,2.88,2.55,6011,283,3233,1453
91501,507,7834,2817,5017,2.6,2.43,7834,810,2095,722
91502,460,5530,589,4941,2.42,2.15,5530,1190,492,97
91504,551,10151,5421,4730,2.85,2.49,10151,454,3982,1439
91505,1058,13042,6102,6940,3.02,2.08,13042,663,4422,1680
91506,529,8125,4615,3510,2.72,1.87,8125,360,3393,1222
91601,2075,17086,2851,14235,2.76,1.87,17086,1397,2278,573
91602,553,10124,3256,6868,2.3,1.89,10124,402,2429,827
91604,1139,14350,6700,7650,2.59,1.96,14350,821,5096,1604
91605,1021,16304,6101,10203,3.4,3.06,16304,1204,4279,1822
91606,1012,15255,5252,10003,3.33,2.56,15255,1566,3910,1342
91607,745,13384,4251,9133,2.48,2.18,13384,1122,2955,1296
91608,,8,,8,,2.0,8,0,,
91701,418,12845,10069,2776,3.04,2.98,12845,445,7216,2853
91702,819,16175,9310,6865,3.39,3.64,16175,721,6517,2793
91706,522,17857,10658,7199,4.11,4.09,17857,807,7414,3244
91708,567,4096,1757,2339,3.22,2.98,4096,364,1495,262
91709,1222,24961,17899,7062,3.2,2.97,24961,706,12574,5325
91710,1194,22214,14764,7450,3.38,3.31,22214,828,10950,3814
91711,597,12452,8405,4047,2.81,2.19,12452,768,5834,2571
91722,348,10321,7111,3210,3.52,3.27,10321,390,5180,1931
91723,149,6250,2499,3751,3.03,2.82,6250,270,1887,612
91724,337,8987,6305,2682,3.3,3.12,8987,257,4418,1887
91730,841,24460,11850,12610,2.94,2.76,24460,872,8654,3196
91731,463,7928,2926,5002,3.66,3.45,7928,1038,1542,1384
91732,361,15260,6616,8644,3.73,3.97,15260,980,3909,2707
91733,380,10786,4977,5809,3.86,4.21,10786,843,2657,2320
91737,356,7760,5462,2298,2.99,3.24,7760,211,4215,1247
91739,726,11336,7978,3358,3.62,2.84,11336,192,6673,1305
91740,269,8449,5543,2906,3.2,3.03,8449,238,3809,1734
91741,473,8856,6502,2354,2.95,3.03,8856,171,4394,2108
91744,685,18303,12139,6164,4.4,4.47,18303,680,8069,4070
91745,767,16309,12511,3798,3.31,3.51,16309,582,7631,4880
91746,257,6981,5346,1635,4.25,4.09,6981,319,3748,1598
91748,540,13720,9031,4689,3.22,3.4,13720,527,5523,3508
91750,465,12191,8675,3516,2.81,2.31,12191,618,5771,2904
91752,412,9157,5549,3608,4.15,3.48,9157,350,4320,1229
91754,816,11689,6325,5364,2.93,2.87,11689,1229,3279,3046
91755,516,8604,3956,4648,3.04,3.23,8604,818,2105,1851
91759,219,175,146,29,2.18,1.66,175,0,57,89
91761,439,17624,11515,6109,3.4,3.45,17624,352,8557,2958
91762,1087,18012,9727,8285,3.31,3.52,18012,605,6935,2792
91763,298,9896,5353,4543,3.82,3.76,9896,539,3571,1782
91764,623,16291,7429,8862,3.67,3.25,16291,628,5410,2019
91765,635,15119,11774,3345,3.03,3.12,15119,401,8001,3773
91766,797,19134,9974,9160,3.72,3.69,19134,1219,6733,3241
91767,652,14712,7834,6878,3.49,3.23,14712,1248,5584,2250
91768,318,8635,4846,3789,3.57,3.73,8635,428,3269,1577
91770,909,16192,8311,7881,3.52,3.76,16192,932,4602,3709
91773,483,11705,8202,3503,2.96,2.68,11705,491,5574,2628
91775,626,7992,5122,2870,2.98,3.0,7992,349,3212,1910
91776,843,11470,4698,6772,3.51,3.13,11470,821,2720,1978
91780,693,11656,7163,4493,3.15,2.85,11656,239,4426,2737
91784,204,8992,7734,1258,2.94,2.82,8992,101,5740,1994
91786,588,19456,8148,11308,2.81,2.82,19456,1082,5236,2912
91789,767,12695,10489,2206,3.23,3.57,12695,285,6515,3974
91790,558,12465,8084,4381,3.78,3.3,12465,417,5492,2592
91791,637,10674,7132,3542,3.41,2.82,10674,734,4528,2604
91792,305,9184,5248,3936,3.31,3.57,9184,400,3729,1519
91801,1457,20080,6991,13089,2.7,2.63,20080,1620,4181,2810
91803,381,10002,4859,5143,2.94,2.89,10002,524,2872,1987
91901,278,6313,4651,1662,2.96,2.65,6313,170,3544,1107
91902,327,6041,4761,1280,2.93,2.91,6041,74,3199,1562
91905,122,562,399,163,2.64,2.58,562,28,249,150
91906,180,1343,945,398,2.92,3.55,1343,53,571,374
91910,2463,25531,13095,12436,3.0,2.88,25531,1699,9145,3950
91911,2111,25756,13283,12473,3.41,3.41,25756,1477,8149,5134
91913,891,15469,10952,4517,3.53,3.32,15469,254,8705,2247
91914,98,4744,3646,1098,3.81,3.5,4744,146,3044,602
91915,385,9713,6912,2801,3.69,3.26,9713,116,6043,869
91916,109,671,568,103,2.67,3.84,671,39,353,215
91917,65,198,128,70,3.25,4.31,198,0,112,16
91931,49,304,268,36,2.58,2.03,304,0,83,185
91932,1163,9187,2920,6267,2.55,2.86,9187,458,1868,1052
91934,,271,152,119,2.54,3.45,271,0,84,68
91935,120,2980,2720,260,3.17,3.16,2980,24,1875,845
91941,541,12486,7949,4537,2.69,2.72,12486,337,6093,1856
91942,985,16960,7203,9757,2.64,2.18,16960,1575,4911,2292
91945,366,9162,4863,4299,3.24,2.74,9162,623,3819,1044
91948,105,59,59,0,2.32,,59,0,31,28
91950,1080,17769,5958,11811,3.76,2.91,17769,2117,4044,1914
91962,220,971,854,117,2.57,2.67,971,19,503,351
91963,41,112,63,49,5.67,2.94,112,30,49,14
91977,561,19730,12135,7595,3.32,3.27,19730,1314,9078,3057
91978,63,3320,2130,1190,3.31,3.28,3320,71,1443,687
91980,13,,,0,,,,0,,
92003,34,1627,1009,618,2.71,2.34,1627,0,752,257
92004,1663,1336,1049,287,2.03,2.24,1336,0,370,679
92007,448,4289,2627,1662,2.56,2.84,4289,86,1812,815
92008,1334,11976,5646,6330,2.44,2.19,11976,641,3576,2070
92009,912,16512,11515,4997,2.78,2.87,16512,327,8934,2581
92010,367,6388,4118,2270,2.58,2.29,6388,289,2787,1331
92011,974,9474,5869,3605,2.55,2.65,9474,138,4088,1781
92014,1183,5452,3785,1667,2.38,2.28,5452,48,2370,1415
92019,821,15091,10176,4915,3.0,3.02,15091,585,7453,2723
92020,521,19997,8414,11583,2.9,2.99,19997,1857,6186,2228
92021,640,23331,12157,11174,2.92,3.07,23331,1692,7476,4681
92024,1790,19480,12651,6829,2.74,2.32,19480,854,8184,4467
92025,647,16799,7110,9689,2.89,3.0,16799,1431,5342,1768
92026,1137,18432,11064,7368,2.83,2.71,18432,1002,8051,3013
92027,506,17263,10443,6820,3.34,3.14,17263,1105,7180,3263
92028,1345,16649,11617,5032,2.9,3.31,16649,646,8226,3391
92029,303,7459,5619,1840,2.59,2.61,7459,317,3762,1857
92036,976,1360,1195,165,2.06,2.44,1360,17,745,450
92037,2995,16342,10422,5920,2.38,2.08,16342,662,6107,4315
92040,800,15446,10407,5039,2.99,2.75,15446,532,7161,3246
92054,2866,14910,6034,8876,2.62,2.42,14910,758,3879,2155
92055,,,,0,,,,0,,
92056,982,19344,12434,6910,2.78,2.79,19344,741,8816,3618
92057,808,18440,12652,5788,3.08,3.36,18440,713,9378,3274
92058,1127,14201,3706,10495,2.77,3.14,14201,469,2561,1145
92059,52,491,330,161,2.82,3.19,491,14,153,177
92060,85,99,88,11,4.33,,99,0,7,81
92061,326,647,547,100,2.07,5.6,647,15,247,300
92064,620,16282,12438,3844,3.01,2.86,16282,367,9138,3300
92065,659,12229,9012,3217,2.83,3.45,12229,220,7078,1934
92066,38,177,115,62,2.04,1.98,177,26,77,38
92067,978,2991,2668,323,2.91,4.02,2991,14,1530,1138
92069,614,14824,8398,6426,3.19,3.02,14824,726,6181,2217
92070,82,355,182,173,2.57,2.32,355,17,73,109
92071,643,20678,14954,5724,2.79,2.86,20678,702,10449,4505
92075,1016,4978,3233,1745,2.39,2.58,4978,191,1956,1277
92078,1042,17988,12624,5364,2.87,3.03,17988,719,9032,3592
92081,270,10420,5329,5091,2.72,2.82,10420,331,3953,1376
92082,427,6134,5256,878,3.26,3.5,6134,80,3374,1882
92083,522,11316,5401,5915,3.47,3.3,11316,724,3813,1588
92084,635,14672,8758,5914,3.21,3.54,14672,454,6396,2362
92086,209,524,447,77,2.18,2.38,524,6,245,202
92091,155,609,527,82,2.15,2.44,609,40,320,207
92092,,,,0,,,,0,,
92093,,,,0,,,,0,,
92096,,,,0,,,,0,,
92101,4076,25702,6569,19133,1.68,1.5,25702,5215,5076,1493
92102,1195,14420,4773,9647,3.03,2.57,14420,1147,3579,1194
92103,1688,18550,6306,12244,2.1,1.63,18550,1484,4154,2152
92104,1600,21951,6038,15913,2.27,2.01,21951,1389,4628,1410
92105,1235,22779,7361,15418,3.23,3.16,22779,2834,5045,2316
92106,333,7678,4551,3127,2.42,2.32,7678,253,3086,1465
92107,794,13507,5014,8493,2.47,1.97,13507,604,3270,1744
92108,859,11847,3551,8296,1.93,1.81,11847,447,2982,569
92109,3732,21942,6883,15059,2.14,2.02,21942,982,4654,2229
92110,807,11875,4410,7465,2.23,2.25,11875,1072,2841,1569
92111,586,16870,9000,7870,2.63,2.95,16870,864,6091,2909
92113,794,13757,3830,9927,4.16,3.45,13757,1430,2737,1093
92114,672,18163,12647,5516,3.61,3.8,18163,969,9214,3433
92115,2196,20892,7656,13236,2.58,2.84,20892,2126,5732,1924
92116,1671,16356,5529,10827,2.07,1.84,16356,914,4122,1407
92117,799,20681,11651,9030,2.62,2.72,20681,792,7275,4376
92118,2617,7147,3803,3344,2.21,2.64,7147,282,2277,1526
92119,305,9224,7001,2223,2.71,2.41,9224,464,4748,2253
92120,707,11544,7494,4050,2.55,2.46,11544,366,5319,2175
92121,97,1694,914,780,2.39,2.6,1694,25,721,193
92122,1653,19242,6346,12896,2.34,2.38,19242,1621,3957,2389
92123,907,12035,5511,6524,2.5,2.82,12035,379,3658,1853
92124,541,11201,5210,5991,2.51,3.09,11201,86,3732,1478
92126,597,24903,13417,11486,3.14,3.1,24903,1081,9918,3499
92127,344,15909,10785,5124,3.34,2.8,15909,591,9123,1662
92128,739,20465,13149,7316,2.49,2.34,20465,701,9510,3639
92129,581,18049,12851,5198,2.94,3.06,18049,525,9399,3452
92130,1445,20632,13277,7355,2.9,2.54,20632,407,10373,2904
92131,323,12550,10083,2467,2.87,2.88,12550,362,7623,2460
92132,,,,0,,,,0,,
92134,,,,0,,,,0,,
92135,,,,0,,,,0,,
92136,,,,0,,,,0,,
92139,727,9929,5647,4282,3.51,3.54,9929,284,4158,1489
92140,,,,0,,,,0,,
92145,,,,0,,,,0,,
92147,,,,0,,,,0,,
92154,742,22724,13876,8848,3.74,3.33,22724,929,10125,3751
92155,,,,0,,,,0,,
92161,,,,0,,,,0,,
92173,325,8064,2420,5644,4.15,3.46,8064,779,1755,665
92179,,,,0,,,,0,,
92182,,,,0,,,,0,,
92201,3403,25316,16082,9234,2.53,2.32,25316,1171,9224,6858
92203,3167,12228,9908,2320,2.66,2.77,12228,219,6889,3019
92210,2809,2517,1934,583,2.05,1.47,2517,51,819,1115
92211,7343,12946,9135,3811,2.0,2.02,12946,470,4874,4261
92220,920,11617,8103,3514,2.44,3.3,11617,833,3747,4356
92222,,9,9,0,3.44,,9,0,,9
92223,726,18462,14747,3715,3.27,3.16,18462,482,11019,3728
92225,2577,5036,3027,2009,2.85,2.84,5036,473,1689,1338
92227,1481,7597,4116,3481,3.62,3.59,7597,677,3036,1080
92230,150,807,582,225,2.94,2.8,807,130,228,354
92231,2156,9005,4733,4272,4.66,3.91,9005,693,3359,1374
92233,509,1014,714,300,2.75,4.41,1014,80,407,307
92234,4477,18827,11772,7055,2.66,2.85,18827,1050,7299,4473
92236,247,15722,11056,4666,2.77,2.5,15722,385,7165,3891
92239,181,139,113,26,2.01,2.5,139,2,11,102
92240,2283,13962,7164,6798,2.94,2.64,13962,1035,4384,2780
92241,2562,3498,2868,630,2.13,1.86,3498,211,752,2116
92242,902,599,498,101,2.05,2.31,599,17,104,394
92243,2213,13080,6612,6468,3.84,3.57,13080,820,3510,3102
92249,226,1869,1307,562,4.64,4.06,1869,33,788,519
92250,414,2031,1104,927,3.64,4.05,2031,118,529,575
92251,1386,5907,4112,1795,3.8,3.85,5907,87,2999,1113
92252,1610,3597,2130,1467,2.48,2.31,3597,273,1269,861
92253,9149,15358,11179,4179,2.48,2.41,15358,520,7531,3648
92254,641,3251,2566,685,2.46,1.69,3251,299,713,1853
92256,406,1515,1100,415,2.15,1.9,1515,71,516,584
92257,574,479,201,278,2.13,2.05,479,66,72,129
92258,107,231,141,90,2.81,1.49,231,21,12,129
92259,253,140,96,44,1.61,1.5,140,22,13,83
92260,7236,14717,9661,5056,2.07,2.19,14717,754,4990,4671
92262,6674,13062,7896,5166,1.9,2.05,13062,1054,4560,3336
92264,6295,11005,7393,3612,1.75,1.92,11005,581,3536,3857
92266,142,123,39,84,1.85,1.32,123,27,,39
92267,56,22,,22,,,22,0,,
92268,155,279,205,74,1.81,1.77,279,0,82,123
92270,6181,8817,7072,1745,1.87,2.15,8817,353,3581,3491
92273,161,444,276,168,4.24,3.63,444,42,125,151
92274,1775,5746,5117,629,2.14,2.99,5746,66,1238,3879
92275,211,629,599,30,1.6,2.83,629,7,266,333
92276,948,2879,2134,745,2.46,3.73,2879,114,1084,1050
92277,2624,9873,3590,6283,2.37,2.89,9873,377,1994,1596
92278,,,,0,,,,0,,
92280,,,,0,,,,0,,
92281,114,562,261,301,4.51,4.55,562,50,152,109
92282,171,430,359,71,2.79,3.72,430,25,224,135
92283,585,531,276,255,3.88,3.2,531,90,9,267
92284,1490,10285,7122,3163,2.54,2.38,10285,726,4560,2562
92285,1309,1062,889,173,2.19,1.9,1062,80,314,575
92301,782,8605,5111,3494,3.89,4.21,8605,677,3670,1441
92304,,,,0,,,,0,,
92305,337,149,107,42,2.66,3.64,149,5,62,45
92307,819,13224,8813,4411,3.1,2.95,13224,375,6223,2590
92308,1061,13856,9591,4265,2.97,3.37,13856,437,6993,2598
92309,54,229,70,159,2.46,2.62,229,38,41,29
92310,246,2790,14,2776,4.5,2.66,2790,29,14,
92311,1815,11526,5441,6085,2.91,2.97,11526,1102,2685,2756
92313,373,4721,2981,1740,3.0,2.3,4721,177,1945,1036
92314,5030,4399,2927,1472,2.35,2.73,4399,115,2150,777
92315,7624,2212,1347,865,2.28,2.46,2212,158,856,491
92316,713,7550,5101,2449,3.88,3.5,7550,111,3498,1603
92317,606,385,297,88,1.99,1.67,385,0,134,163
92320,239,3653,3187,466,2.68,3.15,3653,95,1635,1552
92321,805,440,317,123,2.18,2.6,440,0,222,95
92322,325,399,399,0,2.12,,399,0,260,139
92324,1819,17955,9428,8527,3.35,3.06,17955,944,6227,3201
92325,2873,3317,2593,724,2.3,3.21,3317,71,1783,810
92327,56,379,67,312,1.84,2.03,379,28,,67
92328,102,474,98,376,2.8,1.54,474,0,7,91
92332,81,65,17,48,3.06,2.15,65,10,,17
92333,822,237,185,52,1.9,2.04,237,7,123,62
92335,906,24921,12017,12904,4.17,3.64,24921,1072,8298,3719
92336,306,26519,21178,5341,3.7,3.79,26519,619,17876,3302
92337,304,9720,7125,2595,3.75,4.36,9720,158,6244,881
92338,,,,0,,,,0,,
92339,240,506,353,153,2.14,2.56,506,0,260,93
92341,881,155,132,23,2.29,1.61,155,0,98,34
92342,587,2467,2039,428,2.57,2.44,2467,0,1070,969
92344,371,5629,4438,1191,3.65,3.85,5629,240,3243,1195
92345,1233,25960,16112,9848,3.38,3.38,25960,1230,11403,4709
92346,520,17966,12099,5867,3.33,3.33,17966,658,8475,3624
92347,102,303,214,89,2.21,3.16,303,42,117,97
92350,,54,,54,,1.89,54,0,,
92352,5214,2021,1714,307,2.53,3.34,2021,22,1224,490
92354,785,8515,3757,4758,2.83,2.46,8515,696,2261,1496
92356,792,2428,1658,770,2.72,3.02,2428,326,836,822
92358,109,351,289,62,2.37,2.23,351,8,178,111
92359,76,3251,2161,1090,3.17,2.44,3251,200,1480,681
92363,1757,2079,1160,919,2.66,2.42,2079,225,513,647
92364,17,12,,12,,,12,0,,
92365,374,1019,730,289,2.52,2.01,1019,53,249,481
92368,87,289,151,138,3.41,3.64,289,10,68,83
92369,,,,0,,,,0,,
92371,343,5745,4381,1364,3.43,4.44,5745,207,3075,1306
92372,238,1823,1423,400,3.23,2.75,1823,32,987,436
92373,1638,12793,6771,6022,2.71,2.2,12793,651,4841,1930
92374,702,14568,8515,6053,2.93,2.98,14568,594,5822,2693
92376,994,22101,12953,9148,3.97,3.82,22101,1098,8913,4040
92377,165,5257,4373,884,3.79,4.06,5257,73,3235,1138
92378,175,143,112,31,2.43,5.48,143,0,101,11
92382,2149,1696,1274,422,2.44,2.88,1696,76,899,375
92384,8,18,,18,,1.5,18,0,,
92385,179,101,101,0,1.74,,101,0,85,16
92386,2232,876,558,318,1.77,3.01,876,0,307,251
92389,93,126,112,14,1.74,,126,10,5,107
92391,784,884,535,349,2.23,2.25,884,126,334,201
92392,1057,16641,10711,5930,3.51,3.93,16641,724,8127,2584
92394,325,9636,6109,3527,3.77,3.52,9636,628,4968,1141
92395,973,15252,8298,6954,3.08,3.11,15252,905,5699,2599
92397,783,2262,1752,510,2.28,2.38,2262,50,968,784
92398,53,646,303,343,2.93,1.57,646,27,87,216
92399,1085,18504,12965,5539,2.96,2.91,18504,1323,8324,4641
92401,94,740,129,611,3.69,2.6,740,152,93,36
92404,733,18591,8792,9799,3.67,3.15,18591,1359,6642,2150
92405,452,9226,4463,4763,3.2,3.47,9226,626,3266,1197
92407,970,17574,10768,6806,3.78,3.5,17574,916,8740,2028
92408,431,3633,1483,2150,3.82,2.88,3633,353,1071,412
92410,1344,12949,5633,7316,3.48,3.39,12949,1517,3264,2369
92411,554,6683,3568,3115,3.99,3.98,6683,498,2142,1426
92415,,,,0,,,,0,,
92501,548,6562,2868,3694,3.51,2.87,6562,367,2271,597
92503,857,24338,16271,8067,3.68,3.65,24338,932,12722,3549
92504,754,15659,9610,6049,3.61,3.31,15659,1053,7116,2494
92505,567,14152,7215,6937,3.97,3.35,14152,488,5286,1929
92506,588,14415,10812,3603,2.98,3.07,14415,373,8141,2671
92507,1703,16875,5957,10918,3.36,2.73,16875,1341,4353,1604
92508,281,9763,7839,1924,3.58,4.11,9763,178,5962,1877
92509,1014,18749,13343,5406,4.3,4.04,18749,445,9483,3860
92518,220,488,8,480,,2.15,488,90,,8
92521,,,,0,,,,0,,
92530,980,16083,10465,5618,3.61,3.77,16083,588,7724,2741
92532,337,7684,5794,1890,3.61,3.13,7684,202,4853,941
92536,495,965,813,152,2.41,2.75,965,18,339,474
92539,801,1545,1190,355,3.01,3.48,1545,58,520,670
92543,1304,13145,7145,6000,2.92,2.94,13145,1131,3855,3290
92544,1439,16058,10921,5137,3.18,3.33,16058,695,6968,3953
92545,1099,15347,10687,4660,2.88,2.68,15347,990,5773,4914
92548,169,2232,1565,667,3.64,2.93,2232,60,762,803
92549,2928,1308,923,385,2.14,2.28,1308,49,491,432
92551,309,8171,5343,2828,4.36,4.26,8171,101,4235,1108
92553,925,19158,9571,9587,3.98,3.67,19158,922,7286,2285
92555,457,11493,8741,2752,4.04,3.74,11493,118,7489,1252
92557,706,14516,9475,5041,3.62,3.92,14516,460,7486,1989
92561,400,694,613,81,2.27,2.96,694,60,226,387
92562,1328,20226,14034,6192,3.3,2.81,20226,834,11036,2998
92563,1185,21383,15075,6308,3.55,3.44,21383,376,12422,2653
92567,192,2592,1931,661,3.92,4.41,2592,130,1445,486
92570,1421,14230,9620,4610,4.22,4.05,14230,654,6705,2915
92571,525,13351,9282,4069,4.47,4.2,13351,450,7086,2196
92582,384,5066,3958,1108,4.08,3.95,5066,214,3167,791
92583,748,9984,6167,3817,3.12,3.67,9984,587,3782,2385
92584,1134,15668,12667,3001,3.47,3.63,15668,200,10344,2323
92585,321,7180,6242,938,3.53,3.37,7180,123,4764,1478
92586,738,9155,6574,2581,2.21,2.08,9155,705,4090,2484
92587,410,5888,4379,1509,3.04,3.39,5888,91,3369,1010
92590,79,1919,774,1145,2.84,2.76,1919,178,518,256
92591,1132,13382,8191,5191,3.11,2.97,13382,617,6276,1915
92592,1183,24499,18874,5625,3.32,3.44,24499,410,15790,3084
92595,416,10286,7769,2517,3.46,3.05,10286,429,5959,1810
92596,508,8824,7120,1704,4.04,3.81,8824,212,6085,1035
92602,987,9125,4025,5100,2.97,3.03,9125,87,2808,1217
92603,896,7131,4222,2909,2.71,2.63,7131,288,2877,1345
92604,222,10407,6580,3827,2.8,3.0,10407,515,4050,2530
92606,487,9018,3511,5507,3.14,2.56,9018,549,2312,1199
92610,193,4229,3196,1033,3.0,2.85,4229,33,2713,483
92612,1460,14122,4117,10005,2.36,2.38,14122,1546,2303,1814
92614,517,11223,4192,7031,2.63,2.6,11223,468,2876,1316
92617,383,4092,1140,2952,3.06,2.65,4092,819,887,253
92618,2340,20890,8039,12851,2.91,2.37,20890,885,5654,2385
92620,1459,21158,11841,9317,2.87,2.82,21158,529,8070,3771
92624,609,2555,1579,976,2.38,2.62,2555,118,973,606
92625,953,5860,3630,2230,2.29,2.14,5860,246,2180,1450
92626,883,19364,8025,11339,2.8,2.4,19364,787,6066,1959
92627,959,22141,8681,13460,2.73,2.81,22141,1036,6506,2175
92629,2124,11642,7210,4432,2.25,2.4,11642,269,5271,1939
92630,1192,23246,15971,7275,2.88,2.75,23246,809,11846,4125
92637,1480,11933,8172,3761,1.49,1.4,11933,1632,2343,5829
92646,857,21399,16330,5069,2.56,2.75,21399,570,11119,5211
92647,1050,21002,9224,11778,2.84,2.89,21002,529,6011,3213
92648,1686,19726,9014,10712,2.56,2.07,19726,977,5943,3071
92649,523,14696,8320,6376,2.45,2.47,14696,546,5369,2951
92651,3444,10976,7305,3671,2.32,1.92,10976,408,4519,2786
92653,587,10738,7512,3226,2.84,2.61,10738,390,5343,2169
92655,174,2505,714,1791,3.42,3.31,2505,615,414,300
92656,1190,19701,11392,8309,2.76,2.56,19701,978,9149,2243
92657,551,3648,2817,831,2.71,2.07,3648,0,1798,1019
92660,1680,15806,7978,7828,2.63,1.93,15806,291,5557,2421
92661,1160,1652,635,1017,2.52,1.63,1652,97,334,301
92662,753,1217,763,454,1.94,2.18,1217,55,375,388
92663,2054,10552,4957,5595,2.15,1.88,10552,653,3021,1936
92672,2561,15185,7651,7534,2.49,2.35,15185,454,5304,2347
92673,431,9774,7976,1798,3.1,3.35,9774,263,5972,2004
92675,858,12460,9249,3211,2.67,3.27,12460,587,6154,3095
92676,48,760,684,76,2.56,2.97,760,8,494,190
92677,1874,25361,17000,8361,2.54,2.53,25361,876,12322,4678
92678,21,242,214,28,2.41,2.11,242,0,170,44
92679,456,10493,9488,1005,3.02,2.69,10493,47,7640,1848
92683,1025,27611,14407,13204,3.44,3.14,27611,1842,9299,5108
92688,366,15446,10726,4720,2.93,2.75,15446,688,9199,1527
92691,562,16400,12502,3898,2.88,2.84,16400,639,9685,2817
92692,1041,16588,13029,3559,2.75,2.91,16588,235,9723,3306
92694,248,11292,8402,2890,3.17,2.85,11292,231,7182,1220
92697,,,,0,,,,0,,
92701,471,12341,3547,8794,3.91,3.93,12341,1258,2592,955
92703,401,13543,6573,6970,4.72,4.44,13543,491,4123,2450
92704,528,19686,10117,9569,3.96,4.11,19686,938,6354,3763
92705,779,14959,9504,5455,3.04,3.33,14959,402,6886,2618
92706,209,10076,5508,4568,3.45,3.79,10076,735,4428,1080
92707,545,14142,7109,7033,4.4,4.1,14142,618,5024,2085
92708,366,18852,12753,6099,3.0,3.02,18852,764,8066,4687
92780,824,17420,8007,9413,2.88,3.31,17420,932,5451,2556
92782,402,10988,6686,4302,2.87,2.55,10988,271,4781,1905
92801,1080,18522,6849,11673,3.56,3.49,18522,1242,4519,2330
92802,687,11946,4238,7708,3.38,3.64,11946,861,2856,1382
92804,868,24586,10464,14122,3.58,3.31,24586,1761,7157,3307
92805,1578,20593,8633,11960,3.54,3.52,20593,902,6288,2345
92806,596,12521,5145,7376,3.54,2.9,12521,500,3618,1527
92807,308,12248,9760,2488,2.91,3.02,12248,373,7230,2530
92808,145,7797,5738,2059,2.92,2.3,7797,245,4640,1098
92821,622,14822,8900,5922,2.86,2.66,14822,592,6284,2616
92823,138,1762,1472,290,3.26,2.86,1762,0,1229,243
92831,938,12401,5234,7167,2.84,2.82,12401,796,3626,1608
92832,647,8203,2897,5306,3.1,3.06,8203,578,1976,921
92833,454,16584,9696,6888,3.06,3.35,16584,571,6996,2700
92835,394,9120,6685,2435,2.89,2.88,9120,245,4714,1971
92840,557,15530,8401,7129,3.49,3.35,15530,770,5731,2670
92841,194,9531,5124,4407,3.68,3.47,9531,559,3067,2057
92843,277,11802,5777,6025,4.11,4.02,11802,700,3784,1993
92844,209,6733,2813,3920,3.56,3.13,6733,529,1903,910
92845,105,5380,4199,1181,2.84,2.71,5380,178,2836,1363
92860,341,7060,5970,1090,3.31,3.12,7060,184,4664,1306
92861,49,1965,1815,150,2.97,2.75,1965,25,1215,600
92865,161,6813,4470,2343,2.96,3.39,6813,187,3498,972
92866,325,5626,2053,3573,2.62,2.63,5626,435,1271,782
92867,304,12948,8709,4239,3.07,3.54,12948,190,6447,2262
92868,731,7990,2815,5175,3.07,2.78,7990,314,2209,606
92869,431,11243,8446,2797,3.09,3.48,11243,284,6118,2328
92870,531,16727,10698,6029,3.14,3.15,16727,537,7690,3008
92879,458,13758,7831,5927,3.55,3.37,13758,610,5602,2229
92880,984,18961,14539,4422,3.95,3.95,18961,220,12377,2162
92881,375,9057,7489,1568,3.44,3.25,9057,119,5867,1622
92882,623,19622,12464,7158,3.62,3.47,19622,626,9434,3030
92883,505,11248,9092,2156,3.14,3.34,11248,278,7439,1653
92886,702,16777,13678,3099,3.02,2.95,16777,378,10083,3595
92887,263,7071,5990,1081,2.93,2.6,7071,181,4144,1846
93001,1705,12810,5627,7183,2.6,2.3,12810,872,3783,1844
93003,1039,20167,11830,8337,2.59,2.57,20167,1245,7679,4151
93004,531,11183,7451,3732,2.87,2.74,11183,562,4900,2551
93010,804,16264,10375,5889,2.86,2.85,16264,784,7257,3118
93012,711,13273,9232,4041,2.59,2.28,13273,531,6602,2630
93013,1329,6208,3549,2659,2.66,2.62,6208,216,2080,1469
93015,351,5531,3228,2303,3.51,3.18,5531,297,2021,1207
93021,375,12059,9381,2678,3.18,3.05,12059,252,7302,2079
93022,208,2135,1617,518,2.76,3.22,2135,50,1007,610
93023,971,8471,5858,2613,2.55,2.38,8471,492,3233,2625
93030,816,14801,6919,7882,3.79,3.96,14801,995,5075,1844
93033,698,16704,9762,6942,4.8,5.28,16704,528,6268,3494
93035,2923,8850,5369,3481,2.93,3.01,8850,147,3608,1761
93036,784,13525,7224,6301,3.42,3.43,13525,415,5045,2179
93040,81,510,330,180,3.6,3.57,510,14,271,59
93041,1131,7287,3197,4090,3.16,3.1,7287,338,2322,875
93042,,,,0,,,,0,,
93043,,,,0,,,,0,,
93060,606,9970,5288,4682,3.28,3.57,9970,340,3294,1994
93063,628,19624,13701,5923,2.88,2.75,19624,636,10246,3455
93064,,,,0,,,,0,,
93065,844,25194,18393,6801,3.0,2.58,25194,742,14211,4182
93066,107,957,662,295,2.79,3.04,957,15,364,298
93067,187,208,82,126,2.32,,208,22,82,
93101,851,12934,3033,9901,2.46,2.38,12934,1667,2244,789
93103,458,7663,3719,3944,2.22,2.74,7663,351,2312,1407
93105,815,10915,5923,4992,2.47,2.23,10915,575,3753,2170
93106,,14,,14,,2.07,14,0,,
93108,1005,4536,3337,1199,2.2,2.2,4536,129,1739,1598
93109,365,4569,2454,2115,2.34,2.61,4569,258,1450,1004
93110,344,6474,4037,2437,2.51,2.03,6474,364,2361,1676
93111,358,6390,4292,2098,2.86,2.67,6390,235,2637,1655
93117,1111,16458,6321,10137,2.9,2.97,16458,1308,4267,2054
93201,50,311,117,194,3.73,4.37,311,13,50,67
93202,138,1077,710,367,4.05,4.39,1077,21,702,8
93203,326,4770,2413,2357,4.42,4.21,4770,250,1725,688
93204,132,3036,1431,1605,3.65,3.54,3036,175,1033,398
93205,161,969,611,358,1.99,3.14,969,17,179,432
93206,97,445,178,267,3.04,4.18,445,37,121,57
93207,212,103,92,11,2.23,5.36,103,12,29,63
93208,444,81,20,61,2.25,,81,0,20,
93210,394,4831,2793,2038,3.24,2.82,4831,368,2102,691
93212,303,4230,2077,2153,3.15,3.48,4230,544,1312,765
93215,767,12251,6919,5332,3.94,3.71,12251,515,4525,2394
93218,36,160,124,36,4.82,3.56,160,11,90,34
93219,147,2487,1107,1380,4.46,3.7,2487,158,819,288
93220,,33,,33,,,33,33,,
93221,423,4506,3068,1438,2.94,3.3,4506,200,1918,1150
93222,1184,1018,823,195,2.0,1.63,1018,15,562,261
93223,91,2823,1775,1048,4.0,3.23,2823,194,1091,684
93224,32,158,135,23,2.78,4.13,158,10,51,84
93225,422,2027,1393,634,2.76,2.59,2027,86,1147,246
93226,58,37,25,12,1.08,2.0,37,0,12,13
93227,,41,,41,,3.2,41,0,,
93230,1162,21661,13008,8653,3.03,3.18,21661,1231,9022,3986
93234,75,1786,363,1423,3.29,3.72,1786,403,300,63
93235,41,1262,696,566,3.12,4.04,1262,9,427,269
93237,78,94,56,38,2.25,1.95,94,0,37,19
93238,472,344,290,54,2.13,3.04,344,35,142,148
93239,,478,78,400,2.27,2.66,478,0,16,62
93240,778,2482,1503,979,2.28,2.48,2482,166,519,984
93241,436,4293,1765,2528,4.17,3.63,4293,372,964,801
93242,109,998,543,455,2.63,3.39,998,135,377,166
93243,210,461,285,176,2.16,1.72,461,0,89,196
93244,25,47,38,9,2.45,,47,20,34,4
93245,953,12059,5952,6107,3.14,2.94,12059,342,4048,1904
93246,,,,0,,,,0,,
93247,319,5274,3035,2239,3.39,3.04,5274,433,1899,1136
93249,28,526,189,337,3.78,3.82,526,19,123,66
93250,142,3594,1918,1676,3.81,4.16,3594,282,1267,651
93251,20,87,42,45,2.79,3.64,87,4,8,34
93252,200,565,335,230,2.96,2.82,565,18,119,216
93254,100,382,301,81,2.62,2.44,382,23,153,148
93255,152,448,399,49,1.94,2.18,448,32,91,308
93256,108,1540,674,866,4.07,3.55,1540,150,485,189
93257,1583,23034,12557,10477,3.47,3.22,23034,1615,8028,4529
93258,23,383,80,303,3.34,2.94,383,16,76,4
93260,377,86,70,16,1.57,3.0,86,9,42,28
93261,23,552,216,336,4.25,2.94,552,63,151,65
93262,82,,,0,,,,0,,
93263,259,5723,3406,2317,3.62,4.12,5723,284,2283,1123
93265,678,1346,1234,112,2.33,3.47,1346,28,925,309
93266,61,397,147,250,4.7,4.79,397,0,102,45
93267,99,1833,1318,515,3.52,2.8,1833,46,732,586
93268,756,5993,2955,3038,2.71,3.14,5993,696,1278,1677
93270,112,1530,1021,509,2.88,3.61,1530,84,725,296
93271,339,1184,809,375,2.14,1.77,1184,13,503,306
93272,79,1138,356,782,3.54,4.27,1138,0,178,178
93274,1293,22146,12640,9506,3.38,3.72,22146,1088,8991,3649
93276,4,48,26,22,3.31,2.64,48,1,14,12
93277,796,18755,10777,7978,2.84,2.9,18755,1028,7060,3717
93280,604,6506,3831,2675,3.96,2.87,6506,285,2347,1484
93283,375,1031,892,139,2.14,2.29,1031,0,301,591
93285,1064,1212,964,248,1.48,2.65,1212,47,261,703
93286,149,2874,1502,1372,3.66,3.64,2874,251,946,556
93287,36,44,44,0,2.11,,44,3,29,15
93291,984,18167,10600,7567,3.2,3.38,18167,612,7912,2688
93292,539,13737,8491,5246,3.07,3.25,13737,267,6059,2432
93301,702,5190,1755,3435,2.37,2.73,5190,799,832,923
93304,1038,15219,6454,8765,3.22,3.25,15219,1755,4348,2106
93305,838,10842,3985,6857,3.15,3.51,10842,1224,2546,1439
93306,1647,21818,13668,8150,3.35,3.45,21818,1219,10002,3666
93307,1545,22520,11545,10975,3.89,3.8,22520,1886,7536,4009
93308,1431,19677,9052,10625,2.66,2.77,19677,2244,5576,3476
93309,1125,22310,10667,11643,3.0,2.58,22310,1660,7195,3472
93311,1034,15676,11013,4663,3.18,2.84,15676,603,8646,2367
93312,575,18220,14332,3888,3.18,3.02,18220,388,11445,2887
93313,493,16231,12623,3608,3.74,3.84,16231,573,9676,2947
93314,518,10412,8623,1789,3.18,3.19,10412,180,6815,1808
93401,1106,12612,6120,6492,2.39,2.1,12612,789,3595,2525
93402,368,6237,4340,1897,2.49,2.5,6237,149,2562,1778
93405,1127,8332,2881,5451,2.45,2.86,8332,437,1885,996
93407,,5,,5,,3.2,5,0,,
93408,,,,0,,,,0,,
93409,,,,0,,,,0,,
93410,,,,0,,,,0,,
93420,1239,12182,8551,3631,2.6,2.58,12182,455,5420,3131
93422,504,13049,8702,4347,2.63,2.28,13049,472,6062,2640
93424,237,570,424,146,1.88,1.89,570,18,233,191
93426,914,551,405,146,2.4,3.14,551,0,207,198
93427,362,2191,1463,728,2.57,2.96,2191,25,939,524
93428,1425,2830,2085,745,2.04,1.98,2830,79,1393,692
93429,,37,17,20,2.06,,37,0,8,9
93430,1338,1277,830,447,2.16,1.83,1277,9,478,352
93432,166,424,331,93,2.25,3.15,424,67,224,107
93433,846,5067,2738,2329,2.52,2.54,5067,62,1825,913
93434,129,2051,1067,984,3.97,3.96,2051,77,695,372
93436,752,17701,9480,8221,2.93,3.06,17701,1366,6088,3392
93437,51,1097,,1097,,2.93,1097,0,,
93440,129,491,378,113,2.58,3.07,491,0,243,135
93441,56,411,311,100,2.38,2.76,411,8,136,175
93442,1420,5107,2919,2188,2.23,2.11,5107,152,1865,1054
93444,786,7327,5357,1970,2.91,3.26,7327,143,3603,1754
93445,436,2843,1819,1024,2.51,2.44,2843,168,1061,758
93446,1929,17239,11493,5746,2.5,2.8,17239,534,7940,3553
93449,1757,4283,2987,1296,1.97,1.67,4283,121,1711,1276
93450,36,224,91,133,3.27,3.76,224,0,31,60
93451,103,1586,906,680,2.68,3.47,1586,40,665,241
93452,94,238,83,155,1.27,2.54,238,32,49,34
93453,195,1206,757,449,2.09,1.92,1206,242,349,408
93454,507,11721,6318,5403,3.51,3.45,11721,882,4553,1765
93455,506,15517,11795,3722,2.78,2.96,15517,423,8136,3659
93458,400,13830,5891,7939,3.91,4.58,13830,650,4122,1769
93460,277,2260,1650,610,2.48,2.9,2260,40,1061,589
93461,47,479,315,164,3.39,2.27,479,0,221,94
93463,217,3588,2237,1351,2.57,2.08,3588,119,1519,718
93465,337,3740,2967,773,2.75,2.52,3740,48,1861,1106
93501,399,1855,906,949,2.25,3.26,1855,56,431,475
93505,612,4512,2527,1985,2.89,2.6,4512,463,1889,638
93510,230,2420,2156,264,2.85,2.34,2420,23,1507,649
93512,24,100,86,14,2.87,2.64,100,4,56,30
93513,188,660,476,184,2.66,1.75,660,54,213,263
93514,850,5980,4158,1822,2.67,1.91,5980,342,1973,2185
93516,291,1051,569,482,1.91,3.03,1051,109,227,342
93517,448,235,229,6,1.99,3.5,235,3,119,110
93518,239,415,357,58,2.16,2.48,415,8,158,199
93519,26,,,0,,,,0,,
93522,15,36,36,0,2.06,,36,0,,36
93523,293,1210,292,918,2.5,3.37,1210,11,145,147
93524,,,,0,,,,0,,
93526,105,318,228,90,2.54,1.67,318,14,67,161
93527,226,859,758,101,1.93,2.37,859,71,328,430
93528,46,45,15,30,4.0,,45,0,,15
93529,492,114,99,15,2.0,4.33,114,0,80,19
93530,13,31,6,25,,,31,0,,6
93531,70,163,153,10,2.17,3.9,163,0,88,65
93532,153,992,782,210,2.5,3.02,992,7,642,140
93534,1281,15438,5217,10221,3.03,2.63,15438,1868,3828,1389
93535,1523,22797,13631,9166,3.39,3.53,22797,1270,9270,4361
93536,1513,22752,15432,7320,3.06,2.88,22752,872,12047,3385
93541,89,202,134,68,1.62,2.0,202,0,,134
93543,255,3573,2425,1148,3.74,4.12,3573,113,1677,748
93544,220,574,494,80,2.68,2.29,574,30,307,187
93545,248,647,393,254,2.47,2.39,647,2,292,101
93546,7005,3631,2096,1535,2.54,2.16,3631,24,1593,503
93549,84,138,81,57,1.77,2.02,138,7,23,58
93550,1449,22825,12151,10674,3.69,3.52,22825,1612,8461,3690
93551,843,16820,12865,3955,3.27,3.22,16820,477,9950,2915
93552,450,10897,7917,2980,3.93,4.01,10897,512,6184,1733
93553,87,537,484,53,1.87,2.58,537,32,251,233
93554,81,44,44,0,1.77,,44,0,17,27
93555,1473,13093,8130,4963,2.54,2.47,13093,939,4943,3187
93558,83,8,8,0,2.13,,8,0,,8
93560,565,6736,4971,1765,3.24,2.87,6736,287,3475,1496
93561,1664,12250,9536,2714,2.47,2.79,12250,214,6164,3372
93562,240,742,415,327,1.97,2.87,742,88,78,337
93563,,38,28,10,4.64,2.1,38,13,25,3
93581,,,,0,,,,0,,
93591,174,2022,1551,471,3.32,3.69,2022,52,1185,366
93601,99,582,428,154,2.65,2.01,582,0,289,139
93602,418,1287,1120,167,2.29,2.99,1287,39,562,558
93603,139,133,64,69,1.67,2.33,133,16,39,25
93604,1122,154,154,0,2.23,,154,0,49,105
93605,125,39,21,18,1.52,5.22,39,0,11,10
93606,20,227,122,105,4.99,5.04,227,28,105,17
93608,43,336,101,235,2.17,4.05,336,0,33,68
93609,103,1439,763,676,3.69,3.65,1439,44,512,251
93610,380,4887,2684,2203,3.17,3.63,4887,281,1741,943
93611,748,15078,11643,3435,3.11,3.08,15078,461,8785,2858
93612,471,13740,5373,8367,2.79,2.59,13740,915,3526,1847
93614,570,4393,4007,386,2.63,3.56,4393,128,2596,1411
93615,66,1407,673,734,3.64,4.83,1407,44,292,381
93616,33,668,354,314,3.71,3.39,668,5,260,94
93618,337,8228,4610,3618,3.72,4.05,8228,385,3372,1238
93619,669,14936,13006,1930,3.25,3.11,14936,188,9992,3014
93620,216,2775,1497,1278,2.78,3.66,2775,197,884,613
93621,95,14,14,0,2.07,,14,0,14,
93622,166,2699,1141,1558,3.28,3.67,2699,363,717,424
93623,174,,,0,,,,0,,
93624,27,204,7,197,5.43,4.01,204,2,,7
93625,111,2581,1352,1229,3.19,3.14,2581,198,936,416
93626,111,822,761,61,2.71,3.2,822,4,601,160
93627,12,68,,68,,5.49,68,0,,
93628,312,226,47,179,2.02,,226,0,,47
93630,265,5601,2702,2899,3.79,3.61,5601,368,1923,779
93631,391,5430,3672,1758,3.28,2.63,5430,351,2351,1321
93633,270,,,0,,,,0,,
93634,629,,,0,,,,0,,
93635,715,12686,6982,5704,3.68,3.63,12686,682,4806,2176
93636,246,3991,3611,380,3.22,3.28,3991,61,2372,1239
93637,1036,11645,6844,4801,3.48,3.57,11645,521,4782,2062
93638,697,12433,6893,5540,3.85,4.38,12433,625,4994,1899
93640,201,3033,1413,1620,4.74,3.83,3033,487,1143,270
93641,277,90,73,17,1.74,,90,8,39,34
93643,460,1180,891,289,2.2,3.02,1180,8,531,360
93644,1001,3283,2477,806,2.14,3.12,3283,54,1503,974
93645,38,132,60,72,3.63,3.83,132,0,29,31
93646,78,2715,1039,1676,3.96,3.76,2715,389,736,303
93647,46,2874,1583,1291,3.65,4.49,2874,132,1213,370
93648,260,3938,1901,2037,3.95,3.93,3938,169,1416,485
93650,93,840,298,542,3.1,3.17,840,82,148,150
93651,,606,398,208,3.15,2.64,606,15,268,130
93652,,129,75,54,2.33,4.54,129,4,12,63
93653,126,572,499,73,2.35,2.67,572,5,203,296
93654,538,8248,4858,3390,3.45,3.69,8248,473,2970,1888
93656,220,1621,667,954,3.15,3.83,1621,11,429,238
93657,1041,10627,7057,3570,3.4,3.27,10627,647,4678,2379
93660,98,868,364,504,4.68,4.21,868,63,308,56
93662,644,8757,4764,3993,3.07,3.84,8757,641,2955,1809
93664,1994,184,168,16,1.8,1.13,184,0,75,93
93665,24,83,57,26,1.7,5.77,83,0,,57
93666,19,184,32,152,2.69,4.31,184,19,16,16
93667,310,802,660,142,2.44,2.78,802,62,322,338
93668,16,300,197,103,3.78,3.62,300,0,115,82
93669,138,89,65,24,4.43,,89,0,10,55
93670,,67,,67,,3.93,67,0,,
93673,14,121,67,54,4.96,4.06,121,4,35,32
93675,261,1285,1034,251,2.71,4.98,1285,75,664,370
93701,424,3699,476,3223,4.22,2.5,3699,825,333,143
93702,713,12674,4179,8495,3.23,3.69,12674,1261,2696,1483
93703,553,10324,4219,6105,3.41,2.88,10324,1445,2816,1403
93704,611,11475,6017,5458,2.46,2.6,11475,936,3878,2139
93705,661,12791,5573,7218,2.84,3.03,12791,1408,3698,1875
93706,795,11653,4456,7197,3.54,3.42,11653,1556,2295,2161
93710,548,12170,4860,7310,2.88,2.56,12170,968,3151,1709
93711,573,15949,9688,6261,2.53,2.29,15949,719,6077,3611
93720,831,18500,10589,7911,2.67,2.48,18500,761,6951,3638
93721,200,2414,203,2211,2.67,1.93,2414,991,113,90
93722,1255,26424,15524,10900,3.22,3.46,26424,958,11832,3692
93723,129,3249,2644,605,3.81,4.98,3249,84,2075,569
93725,436,6820,3974,2846,3.76,4.04,6820,194,2615,1359
93726,902,14643,5923,8720,3.06,3.08,14643,1147,3873,2050
93727,1507,23239,14054,9185,3.52,3.16,23239,1905,10562,3492
93728,465,6116,2263,3853,2.64,3.02,6116,807,1475,788
93730,217,4602,3659,943,2.86,2.5,4602,311,2246,1413
93737,68,2044,1815,229,3.42,3.62,2044,78,1380,435
93740,,,,0,,,,0,,
93741,,56,41,15,,,56,0,41,
93901,613,10494,4937,5557,2.49,2.94,10494,691,3349,1588
93905,388,13709,5531,8178,4.47,4.77,13709,591,4054,1477
93906,335,17729,9575,8154,3.52,3.9,17729,674,6591,2984
93907,344,7157,5018,2139,3.22,3.94,7157,110,3551,1467
93908,199,4379,3506,873,2.78,3.23,4379,78,2393,1113
93920,150,569,171,398,2.27,2.92,569,0,11,160
93921,1635,1365,639,726,1.55,2.13,1365,33,160,479
93923,1450,5375,4202,1173,2.49,1.85,5375,326,2558,1644
93924,551,2615,2122,493,2.41,2.59,2615,67,1438,684
93925,80,342,139,203,4.99,4.03,342,29,109,30
93926,46,2418,1298,1120,3.99,3.48,2418,45,946,352
93927,376,4402,2127,2275,4.55,4.37,4402,174,1614,513
93928,9,,,0,,,,0,,
93930,362,4423,2309,2114,3.16,4.53,4423,175,1540,769
93932,54,215,133,82,2.11,2.4,215,0,18,115
93933,533,9180,3706,5474,2.82,2.65,9180,398,2541,1165
93940,1437,14534,5876,8658,2.21,2.18,14534,947,4013,1863
93943,,,,0,,,,0,,
93944,,,,0,,,,0,,
93950,1498,6731,3146,3585,2.32,2.12,6731,329,1854,1292
93953,1204,1701,1423,278,1.88,2.71,1701,124,670,753
93954,16,100,40,60,3.8,4.9,100,0,24,16
93955,805,10493,4110,6383,2.75,3.22,10493,793,2710,1400
93960,378,4090,2328,1762,4.14,4.66,4090,119,1427,901
93962,,121,87,34,1.51,2.12,121,0,87,
94002,691,11013,6217,4796,2.75,2.18,11013,734,4505,1712
94005,131,1997,1265,732,2.76,1.78,1997,19,931,334
94010,1250,16244,10150,6094,2.97,2.13,16244,512,7121,3029
94014,805,13980,8214,5766,3.53,3.22,13980,1197,5315,2899
94015,1257,20236,12274,7962,3.21,3.09,20236,1784,8356,3918
94018,141,1392,1038,354,2.69,2.39,1392,0,782,256
94019,408,5298,3840,1458,2.78,3.23,5298,221,2635,1205
94020,153,845,635,210,2.74,2.07,845,26,409,226
94021,12,90,53,37,3.09,2.68,90,0,53,
94022,698,7263,5832,1431,2.72,2.75,7263,162,3689,2143
94024,405,8036,7043,993,3.01,2.85,8036,100,4419,2624
94025,1678,14512,8838,5674,2.99,2.53,14512,773,6210,2628
94027,385,2260,1999,261,2.97,2.52,2260,22,1078,921
94028,217,2482,2150,332,2.69,2.29,2482,95,1165,985
94030,458,8108,5110,2998,2.81,2.83,8108,564,3237,1873
94037,178,1040,908,132,2.83,2.33,1040,0,618,290
94038,39,1109,982,127,2.87,2.29,1109,42,409,573
94040,1361,14975,5688,9287,2.67,2.2,14975,1125,3853,1835
94041,825,6310,1908,4402,2.4,2.33,6310,368,1144,764
94043,1314,13429,6124,7305,2.5,2.42,13429,887,4396,1728
94044,467,14000,9623,4377,2.88,2.44,14000,480,6811,2812
94060,290,367,184,183,2.54,3.71,367,6,135,49
94061,899,13256,7144,6112,2.78,2.94,13256,525,5101,2043
94062,708,9668,7051,2617,2.87,2.38,9668,261,5187,1864
94063,810,10907,3567,7340,3.77,2.81,10907,926,2371,1196
94065,169,4731,2964,1767,2.54,2.39,4731,178,2193,771
94066,886,15308,9307,6001,2.98,2.6,15308,929,6436,2871
94070,510,11611,8233,3378,2.86,2.31,11611,360,6249,1984
94074,,58,58,0,2.41,,58,0,37,21
94080,892,22016,13640,8376,3.05,2.91,22016,1353,9357,4283
94085,492,8795,3500,5295,3.0,2.47,8795,715,2723,777
94086,1094,19461,6260,13201,2.65,2.41,19461,1417,3965,2295
94087,914,20576,11552,9024,2.94,2.79,20576,987,7307,4245
94089,446,8733,4800,3933,2.91,2.41,8733,599,2451,2349
94102,3059,19213,1776,17437,2.18,1.65,19213,13274,1165,611
94103,2882,16373,3013,13360,2.1,1.86,16373,9441,2116,897
94104,94,234,36,198,2.08,2.17,234,191,17,19
94105,1693,7156,2993,4163,1.79,1.99,7156,2478,1952,1041
94107,2821,14248,5345,8903,1.96,1.92,14248,3891,4168,1177
94108,1410,6583,626,5957,1.67,1.8,6583,4715,371,255
94109,6124,32183,5247,26936,1.8,1.68,32183,18021,3227,2020
94110,3423,26765,10242,16523,2.61,2.59,26765,7452,7709,2533
94111,429,2368,504,1864,1.98,1.99,2368,916,333,171
94112,1095,23480,15921,7559,3.63,3.4,23480,3061,10058,5863
94114,1563,17121,7514,9607,2.2,1.86,17121,4502,5326,2188
94115,2449,17009,4455,12554,2.38,1.84,17009,5587,3018,1437
94116,868,15583,11612,3971,2.93,2.82,15583,1398,6508,5104
94117,1959,17650,4726,12924,2.38,2.19,17650,5308,3656,1070
94118,1642,17485,6231,11254,2.36,2.15,17485,4046,3824,2407
94121,1614,18051,7896,10155,2.65,2.23,18051,3462,4401,3495
94122,1475,22649,11425,11224,2.88,2.36,22649,3685,7171,4254
94123,1916,12992,3712,9280,2.37,1.84,12992,3095,2373,1339
94124,983,10665,5453,5212,3.54,3.16,10665,1770,3688,1765
94127,475,7325,5944,1381,2.73,2.73,7325,524,3796,2148
94128,,,,0,,,,0,,
94129,28,1340,,1340,,3.13,1340,57,,
94130,29,650,,650,,3.44,650,111,,
94131,1003,12764,6903,5861,2.47,2.03,12764,1257,4498,2405
94132,1141,10697,4901,5796,2.55,2.49,10697,1645,2992,1909
94133,2392,13151,2212,10939,1.96,1.99,13151,6701,1078,1134
94134,555,12660,7836,4824,3.38,3.15,12660,2051,4518,3318
94158,376,4827,1525,3302,2.36,2.1,4827,1804,1337,188
94188,,,,0,,,,0,,
94301,859,7145,3955,3190,2.65,2.05,7145,710,2087,1868
94303,955,14451,8268,6183,3.24,3.47,14451,558,5552,2716
94304,317,1893,386,1507,2.43,2.07,1893,183,222,164
94305,534,3545,1008,2537,2.59,1.84,3545,1018,536,472
94306,1028,10698,5822,4876,2.69,2.6,10698,669,3482,2340
94401,1092,12869,6042,6827,2.54,2.78,12869,906,4011,2031
94402,484,10282,6493,3789,2.72,2.44,10282,339,4421,2072
94403,1206,16895,8843,8052,2.77,2.38,16895,920,6368,2475
94404,866,14137,7593,6544,2.56,2.59,14137,712,5346,2247
94501,1758,25516,10245,15271,2.78,2.23,25516,2354,7061,3184
94502,194,4984,4232,752,2.98,2.79,4984,110,2908,1324
94503,219,5622,4436,1186,3.9,3.78,5622,116,3167,1269
94505,451,5546,4901,645,2.76,3.45,5546,116,3893,1008
94506,57,9286,8378,908,2.99,2.48,9286,202,6698,1680
94507,405,4989,4654,335,2.76,2.96,4989,93,3222,1432
94508,207,1017,617,400,2.63,2.41,1017,49,460,157
94509,597,22921,12809,10112,2.99,3.26,22921,1361,8835,3974
94510,443,10883,7688,3195,2.54,2.43,10883,319,5954,1734
94511,405,864,646,218,2.61,2.0,864,62,336,310
94512,,,,0,,,,0,,
94513,745,21326,17154,4172,3.08,3.1,21326,645,13422,3732
94514,14,582,383,199,4.14,3.1,582,22,277,106
94515,645,2730,1818,912,2.46,2.9,2730,90,818,1000
94516,3,77,62,15,3.26,1.07,77,0,26,36
94517,140,4359,3924,435,2.69,3.21,4359,158,2707,1217
94518,205,10216,7217,2999,2.76,2.62,10216,594,4993,2224
94519,356,7082,4759,2323,2.79,3.04,7082,402,3790,969
94520,411,13095,4444,8651,2.74,2.72,13095,1171,3428,1016
94521,379,15676,11483,4193,2.68,2.72,15676,690,8891,2592
94523,541,13969,9015,4954,2.64,2.17,13969,765,7000,2015
94525,102,1529,910,619,2.2,2.31,1529,99,560,350
94526,525,12655,10551,2104,2.68,2.4,12655,445,8049,2502
94528,38,232,232,0,2.82,,232,0,132,100
94530,566,10761,6208,4553,2.4,2.51,10761,884,4028,2180
94531,300,12807,9303,3504,3.29,3.51,12807,558,7631,1672
94533,986,24343,13403,10940,3.27,3.15,24343,1577,10018,3385
94534,582,13267,9996,3271,3.01,2.81,13267,389,7765,2231
94535,430,1009,20,989,4.05,3.43,1009,0,5,15
94536,1219,24776,14748,10028,2.91,2.93,24776,1130,10626,4122
94538,1374,21726,10169,11557,3.14,2.93,21726,1319,7275,2894
94539,679,16409,13228,3181,3.21,3.46,16409,432,9667,3561
94541,1259,22134,10139,11995,3.09,3.03,22134,1619,7536,2603
94542,272,5029,3557,1472,3.02,2.95,5029,52,2783,774
94544,1133,23037,11857,11180,3.36,3.33,23037,1349,8353,3504
94545,479,9966,7172,2794,3.38,3.17,9966,645,5176,1996
94546,528,16218,10831,5387,2.88,2.67,16218,787,7818,3013
94547,235,9068,7347,1721,2.85,2.94,9068,231,5841,1506
94548,,185,170,15,2.39,4.27,185,55,114,56
94549,556,10108,7472,2636,2.83,2.75,10108,294,5439,2033
94550,1004,17450,13281,4169,2.91,2.67,17450,633,10010,3271
94551,285,14391,9868,4523,2.82,2.8,14391,579,7732,2136
94552,84,5048,4654,394,3.01,2.75,5048,89,2870,1784
94553,613,19163,13503,5660,2.63,2.32,19163,739,9854,3649
94555,339,11718,8025,3693,3.27,3.31,11718,271,5913,2112
94556,127,5534,4703,831,2.67,2.88,5534,33,3199,1504
94558,3152,24070,16576,7494,2.64,2.85,24070,1194,10644,5932
94559,1116,10131,5136,4995,2.6,2.83,10131,474,3544,1592
94560,635,14354,9738,4616,3.14,3.71,14354,338,7393,2345
94561,336,12924,9772,3152,3.37,3.52,12924,384,8008,1764
94562,15,,,0,,,,0,,
94563,364,7226,6795,431,2.72,2.08,7226,199,5031,1764
94564,390,6794,4823,1971,2.85,2.65,6794,603,3387,1436
94565,1179,29146,16945,12201,3.31,3.62,29146,1563,11862,5083
94566,888,16088,11345,4743,3.03,2.34,16088,840,8369,2976
94567,65,241,156,85,2.98,3.79,241,3,89,67
94568,845,22946,14777,8169,3.12,2.73,22946,612,11811,2966
94569,,169,55,114,1.98,1.21,169,18,43,12
94571,196,5320,4196,1124,1.97,2.24,5320,49,2616,1580
94572,78,3234,1758,1476,3.19,2.64,3234,247,1213,545
94573,52,34,13,21,2.08,2.76,34,0,,13
94574,1023,3443,2323,1120,2.18,2.28,3443,230,1314,1009
94575,,,,0,,,,0,,
94576,,52,36,16,1.44,1.63,52,0,26,10
94577,622,16954,9598,7356,2.93,2.82,16954,1208,6555,3043
94578,852,14091,5566,8525,3.06,2.88,14091,888,3499,2067
94579,285,6607,4928,1679,3.18,3.17,6607,470,2985,1943
94580,227,8938,6521,2417,3.35,3.44,8938,402,4483,2038
94582,312,16025,11224,4801,3.2,2.38,16025,424,9066,2158
94583,474,13361,9774,3587,3.07,2.55,13361,599,7242,2532
94585,241,9486,5811,3675,3.11,3.05,9486,556,4653,1158
94586,67,299,252,47,2.8,2.94,299,6,161,91
94587,891,20800,13643,7157,3.42,3.27,20800,1202,9934,3709
94588,339,12169,7882,4287,2.99,2.77,12169,279,5989,1893
94589,406,9731,6215,3516,3.07,3.2,9731,602,4249,1966
94590,1204,15234,6407,8827,2.61,2.34,15234,1619,3848,2559
94591,781,19652,13147,6505,3.03,2.79,19652,698,10001,3146
94592,31,425,358,67,2.35,3.79,425,46,280,78
94595,615,9514,7802,1712,1.82,1.65,9514,873,3362,4440
94596,510,10501,4481,6020,2.59,1.89,10501,833,3221,1260
94597,280,10839,5294,5545,2.28,2.08,10839,782,3805,1489
94598,306,10430,7996,2434,2.49,2.52,10430,366,5417,2579
94599,396,1639,1050,589,1.65,2.01,1639,218,381,669
94601,1209,15758,5156,10602,3.52,3.21,15758,2092,3736,1420
94602,664,12034,7077,4957,2.71,2.45,12034,760,5183,1894
94603,501,10174,4462,5712,3.79,3.3,10174,991,3093,1369
94605,953,16812,9955,6857,2.66,2.72,16812,1696,7945,2010
94606,1523,15712,2852,12860,3.07,2.29,15712,2920,1737,1115
94607,1461,11678,3840,7838,2.03,2.38,11678,3191,2767,1073
94608,1409,15442,5207,10235,2.22,2.16,15442,2047,3710,1497
94609,742,10321,3433,6888,2.68,2.18,10321,1637,2616,817
94610,1373,15656,5707,9949,2.4,1.82,15656,1690,4207,1500
94611,949,17675,10452,7223,2.59,1.79,17675,1960,7269,3183
94612,1106,9429,954,8475,1.98,1.65,9429,3794,737,217
94613,,,,0,,,,0,,
94618,461,7409,4743,2666,2.42,2.07,7409,685,3206,1537
94619,676,9457,6613,2844,2.74,2.71,9457,502,4849,1764
94621,619,9900,3228,6672,3.91,3.37,9900,1568,2410,818
94702,813,7094,3415,3679,2.74,1.94,7094,1306,2401,1014
94703,962,7962,3115,4847,2.59,2.39,7962,1108,2319,796
94704,1390,7843,750,7093,2.4,2.54,7843,3476,386,364
94705,506,5837,3328,2509,2.72,1.95,5837,523,2071,1257
94706,297,7968,3964,4004,2.68,2.57,7968,568,2604,1360
94707,208,4932,4195,737,2.59,1.95,4932,113,2775,1420
94708,313,4574,3897,677,2.52,3.04,4574,90,2449,1448
94709,602,5084,1542,3542,2.27,2.05,5084,1161,885,657
94710,360,3368,1209,2159,2.68,2.16,3368,488,825,384
94720,129,154,33,121,3.18,1.89,154,43,20,13
94801,867,9931,4762,5169,3.47,3.17,9931,1067,3160,1602
94803,611,9317,6771,2546,2.87,2.96,9317,258,4784,1987
94804,674,15463,7255,8208,2.76,2.81,15463,1356,5180,2075
94805,310,5578,3912,1666,2.58,2.8,5578,347,2615,1297
94806,950,20357,9746,10611,3.34,2.95,20357,1384,7039,2707
94901,807,15851,7735,8116,2.52,2.67,15851,773,5730,2005
94903,259,12591,8238,4353,2.37,2.36,12591,1157,5554,2684
94904,249,5643,3618,2025,2.6,1.9,5643,360,2476,1142
94920,492,5025,3580,1445,2.71,2.13,5025,39,2419,1161
94922,,100,100,0,5.04,,100,0,47,53
94923,684,556,354,202,2.29,1.92,556,29,306,48
94924,386,557,378,179,2.17,2.24,557,0,183,195
94925,174,3930,2776,1154,2.7,2.31,3930,125,1935,841
94928,618,17183,8682,8501,2.66,2.5,17183,887,5859,2823
94929,291,160,94,66,2.1,2.98,160,0,10,84
94930,277,3803,2554,1249,2.42,2.08,3803,125,1774,780
94931,160,3539,2112,1427,2.73,2.23,3539,56,1546,566
94933,25,516,294,222,2.15,2.41,516,0,151,143
94937,318,580,442,138,1.82,2.2,580,0,146,296
94938,52,265,204,61,2.07,1.46,265,45,124,80
94939,319,3416,1570,1846,2.56,1.76,3416,115,1196,374
94940,82,100,78,22,3.31,5.0,100,0,44,34
94941,1259,12469,8298,4171,2.77,2.23,12469,391,5953,2345
94945,179,7137,5115,2022,2.46,2.38,7137,173,3511,1604
94946,31,285,215,70,2.41,1.99,285,3,99,116
94947,343,9236,6871,2365,2.66,2.87,9236,350,4792,2079
94949,464,7082,4361,2721,2.38,2.85,7082,331,3224,1137
94950,,7,7,0,,,7,0,7,
94951,113,1483,1051,432,2.45,1.84,1483,38,718,333
94952,785,13510,8103,5407,2.54,2.43,13510,545,5689,2414
94954,237,13929,9212,4717,2.79,2.64,13929,805,6303,2909
94956,311,623,457,166,1.92,1.64,623,33,147,310
94957,95,671,556,115,2.68,3.39,671,21,343,213
94960,407,5988,4242,1746,2.88,1.97,5988,220,3238,1004
94963,,129,114,15,2.65,,129,0,29,85
94964,35,127,,127,,2.31,127,0,,
94965,314,6149,3319,2830,1.93,1.85,6149,280,2066,1253
94970,508,300,173,127,2.02,1.68,300,0,105,68
94971,43,121,110,11,2.71,1.82,121,0,71,39
94972,,38,5,33,2.6,3.91,38,0,5,
94973,65,643,524,119,2.06,2.14,643,0,380,144
95002,26,575,382,193,4.0,4.1,575,10,211,171
95003,1702,10166,7750,2416,2.47,2.52,10166,256,5573,2177
95004,30,1398,1044,354,3.09,2.96,1398,37,705,339
95005,155,2945,1921,1024,2.79,2.54,2945,19,1137,784
95006,411,3534,2818,716,2.6,2.16,3534,62,2063,755
95007,15,214,170,44,2.15,1.7,214,0,170,
95008,1242,19327,9536,9791,2.61,2.4,19327,1370,6455,3081
95010,491,4315,1916,2399,2.07,1.95,4315,158,1122,794
95012,151,2517,1363,1154,3.84,4.67,2517,11,940,423
95013,,18,18,0,1.5,,18,0,,18
95014,1290,21646,12881,8765,2.86,2.84,21646,927,8049,4832
95017,47,268,133,135,3.35,3.68,268,12,56,77
95018,308,2552,1982,570,2.35,2.02,2552,15,1452,530
95019,,2024,592,1432,4.83,2.83,2024,272,459,133
95020,927,19669,12941,6728,3.44,3.4,19669,671,10095,2846
95023,661,16566,11146,5420,3.31,3.47,16566,565,8582,2564
95030,592,5355,4048,1307,2.73,1.75,5355,116,2907,1141
95032,483,10275,6863,3412,2.78,2.29,10275,353,4595,2268
95033,425,3753,3054,699,2.68,2.22,3753,31,2306,748
95035,1024,23749,14982,8767,3.29,3.2,23749,1269,10988,3994
95037,585,16888,12342,4546,2.99,3.27,16888,455,9456,2886
95039,111,377,181,196,2.03,4.9,377,26,48,133
95041,10,283,192,91,2.92,2.58,283,0,138,54
95043,91,272,178,94,1.95,2.97,272,0,87,91
95045,34,1421,983,438,2.68,3.13,1421,3,651,332
95046,106,1847,1315,532,3.19,3.05,1847,53,835,480
95050,1082,14764,5643,9121,2.75,2.54,14764,951,4058,1585
95051,1562,22468,10380,12088,2.85,2.55,22468,1055,7081,3299
95053,,,,0,,,,0,,
95054,583,8578,3408,5170,3.1,2.57,8578,457,2541,867
95060,1951,18841,9576,9265,2.6,2.32,18841,1414,6320,3256
95062,1422,15149,8349,6800,2.46,2.2,15149,892,5286,3063
95064,40,536,171,365,2.13,2.37,536,47,135,36
95065,119,2930,1966,964,2.63,3.1,2930,233,1285,681
95066,654,5893,4556,1337,2.68,2.11,5893,285,3220,1336
95070,605,11376,9913,1463,2.83,2.68,11376,269,6344,3569
95073,356,4175,3142,1033,2.57,3.1,4175,162,1894,1248
95075,7,176,153,23,2.84,6.74,176,0,92,61
95076,1837,24053,13637,10416,3.21,3.94,24053,1042,9260,4377
95110,903,6665,2626,4039,2.89,2.85,6665,497,2203,423
95111,385,15899,9307,6592,3.91,3.65,15899,1312,6093,3214
95112,1629,20778,6202,14576,2.91,2.42,20778,2516,4360,1842
95113,165,1276,210,1066,1.78,1.7,1276,339,149,61
95116,419,13728,5443,8285,3.99,3.62,13728,1274,3731,1712
95117,874,10479,3828,6651,2.69,2.76,10479,472,2514,1314
95118,628,11204,7245,3959,2.85,2.99,11204,435,5304,1941
95119,47,3388,2541,847,3.02,3.03,3388,50,1980,561
95120,380,12536,11093,1443,3.07,2.97,12536,367,7985,3108
95121,189,9832,7305,2527,3.84,3.57,9832,361,4986,2319
95122,470,12058,6066,5992,4.5,4.43,12058,747,3934,2132
95123,868,23930,14559,9371,2.97,2.93,23930,871,10580,3979
95124,515,17553,12767,4786,2.94,3.03,17553,400,9379,3388
95125,919,21083,12784,8299,2.59,2.35,21083,1082,9333,3451
95126,931,15021,5255,9766,2.46,2.39,15021,1146,4000,1255
95127,928,15939,10517,5422,3.8,4.11,15939,535,7582,2935
95128,1012,13898,5966,7932,2.48,2.47,13898,1093,4372,1594
95129,1126,13835,8347,5488,2.77,2.9,13835,462,5732,2615
95130,244,4491,2740,1751,3.09,2.66,4491,162,2054,686
95131,300,9736,6084,3652,3.2,3.27,9736,335,3955,2129
95132,372,12115,8726,3389,3.3,3.64,12115,598,5988,2738
95133,127,8875,5321,3554,3.17,3.33,8875,662,3882,1439
95134,1268,13383,1787,11596,3.05,2.22,13383,806,1038,749
95135,191,7651,6544,1107,2.97,2.21,7651,270,4245,2299
95136,400,16114,9232,6882,2.86,3.22,16114,441,6316,2916
95138,125,5639,4879,760,3.32,4.65,5639,158,3740,1139
95139,37,2117,1651,466,3.17,4.11,2117,47,1211,440
95140,28,60,52,8,2.04,1.5,60,0,41,11
95148,261,12124,9562,2562,3.71,4.52,12124,413,6794,2768
95202,1079,2920,148,2772,3.57,1.87,2920,1434,108,40
95203,506,5387,2051,3336,2.55,3.07,5387,589,1259,792
95204,1011,11080,6441,4639,2.69,2.67,11080,712,4451,1990
95205,862,10735,4695,6040,3.75,3.62,10735,809,2711,1984
95206,1252,17279,9784,7495,3.75,3.84,17279,1018,6928,2856
95207,1543,18347,7218,11129,2.56,2.97,18347,1385,4584,2634
95209,440,13129,9356,3773,3.27,3.62,13129,431,6799,2557
95210,553,11934,5984,5950,3.46,3.65,11934,709,3849,2135
95211,,,,0,,,,0,,
95212,75,7747,5532,2215,3.66,3.71,7747,221,3732,1800
95215,554,7076,4173,2903,3.2,3.22,7076,138,2480,1693
95219,510,10856,6506,4350,2.9,2.62,10856,453,4351,2155
95220,226,2712,1810,902,2.94,3.25,2712,36,1327,483
95221,23,69,,69,,5.64,69,0,,
95222,821,2238,1749,489,2.16,2.58,2238,65,731,1018
95223,6051,1305,1120,185,1.89,2.84,1305,24,619,501
95224,154,74,52,22,1.6,2.95,74,12,18,34
95225,53,322,125,197,3.84,2.64,322,0,52,73
95226,,,,0,,,,0,,
95227,,332,275,57,2.58,3.37,332,0,131,144
95228,783,1731,1427,304,2.58,2.91,1731,28,1053,374
95230,56,226,130,96,2.31,3.15,226,3,89,41
95231,156,709,420,289,3.61,2.94,709,82,211,209
95232,29,29,29,0,5.0,,29,0,18,11
95233,122,99,99,0,2.53,,99,0,70,29
95236,118,1708,1071,637,2.29,3.59,1708,17,533,538
95237,,1522,1226,296,2.47,3.56,1522,29,655,571
95240,1098,16235,8056,8179,2.94,3.07,16235,1315,5334,2722
95242,448,10058,6474,3584,2.65,2.84,10058,379,4243,2231
95245,283,1003,902,101,2.35,2.93,1003,0,524,378
95246,229,447,406,41,3.0,2.07,447,0,281,125
95247,932,1542,1250,292,2.36,2.21,1542,50,551,699
95248,117,16,,16,,2.38,16,0,,
95249,285,1749,1253,496,2.75,3.52,1749,0,598,655
95251,39,250,250,0,2.03,,250,0,188,62
95252,549,4814,4138,676,3.0,3.28,4814,51,2869,1269
95253,,124,30,94,2.93,4.52,124,0,6,24
95254,,279,222,57,2.77,2.7,279,0,123,99
95255,463,708,570,138,2.42,2.66,708,15,227,343
95257,138,149,101,48,2.91,2.81,149,0,32,69
95258,50,1538,1276,262,2.67,2.58,1538,33,858,418
95301,369,12857,7299,5558,3.09,3.06,12857,955,4867,2432
95303,9,291,152,139,3.28,2.6,291,0,103,49
95304,350,4359,2747,1612,3.43,2.44,4359,21,2087,660
95305,61,58,29,29,2.0,2.07,58,0,,29
95306,69,383,334,49,2.16,2.47,383,6,130,204
95307,373,13022,7970,5052,3.72,3.51,13022,608,4806,3164
95309,,,,0,,,,0,,
95310,185,713,519,194,2.21,1.45,713,82,264,255
95311,533,989,857,132,2.01,2.05,989,65,490,367
95312,,63,34,29,2.74,5.1,63,0,19,15
95313,58,424,207,217,2.87,3.02,424,0,112,95
95315,58,3554,2329,1225,3.82,3.62,3554,106,1518,811
95316,28,2627,1940,687,2.96,3.03,2627,38,1414,526
95317,22,260,66,194,2.53,4.1,260,0,24,42
95318,58,224,161,63,2.16,,224,0,64,97
95319,21,576,236,340,3.6,2.0,576,44,111,125
95320,270,4585,3046,1539,2.65,2.82,4585,148,1769,1277
95321,1888,1809,1596,213,2.05,2.48,1809,95,838,758
95322,436,3319,1701,1618,2.86,3.18,3319,246,1275,426
95323,27,434,282,152,3.43,3.43,434,12,208,74
95324,156,2626,1356,1270,2.94,3.66,2626,58,783,573
95325,,35,35,0,1.71,,35,0,35,
95326,119,3743,2296,1447,2.8,2.63,3743,239,1543,753
95327,308,3012,2078,934,2.22,2.05,3012,149,873,1205
95328,40,989,559,430,3.63,3.62,989,57,404,155
95329,274,1172,934,238,2.03,2.45,1172,46,631,303
95330,464,6907,5681,1226,4.11,4.04,6907,109,4483,1198
95333,57,794,538,256,3.88,3.68,794,62,270,268
95334,188,4142,2082,2060,4.41,3.91,4142,168,1158,924
95335,813,73,,73,,1.33,73,0,,
95336,931,15395,10196,5199,2.97,3.19,15395,537,6976,3220
95337,542,12551,8656,3895,3.58,2.94,12551,395,6714,1942
95338,674,4720,3383,1337,2.14,2.47,4720,197,1678,1705
95340,861,12338,6677,5661,2.76,2.8,12338,1046,4130,2547
95341,305,8787,3639,5148,3.53,3.97,8787,932,2592,1047
95345,82,332,189,143,1.57,2.53,332,0,52,137
95346,690,488,402,86,2.26,2.51,488,0,287,115
95348,1021,10765,4218,6547,3.27,3.12,10765,942,2541,1677
95350,863,19358,9777,9581,2.7,2.88,19358,1331,6173,3604
95351,641,13453,6862,6591,3.44,3.82,13453,890,4303,2559
95354,639,8773,4097,4676,2.87,2.81,8773,873,3022,1075
95355,622,21060,12635,8425,2.89,2.67,21060,1291,8535,4100
95356,425,11219,7379,3840,2.84,3.1,11219,294,4797,2582
95357,120,4259,2996,1263,2.97,3.83,4259,91,1872,1124
95358,403,8418,5133,3285,3.63,3.85,8418,286,3121,2012
95360,428,3956,2627,1329,3.41,3.42,3956,270,2113,514
95361,556,12286,8406,3880,2.85,2.72,12286,709,5436,2970
95363,621,7948,5626,2322,3.74,3.51,7948,305,3994,1632
95364,460,,,0,,,,0,,
95365,171,1106,629,477,3.31,4.33,1106,90,415,214
95366,163,6649,4619,2030,2.76,2.77,6649,144,3403,1216
95367,165,7489,5048,2441,3.42,3.1,7489,261,3610,1438
95368,,4262,3248,1014,3.37,3.65,4262,141,2631,617
95369,98,331,191,140,2.24,2.64,331,11,112,79
95370,1471,11988,8709,3279,2.33,2.11,11988,785,5163,3546
95372,90,645,559,86,3.06,2.64,645,0,426,133
95374,164,540,253,287,2.61,3.63,540,118,108,145
95375,240,61,16,45,,,61,45,16,
95376,568,16697,9729,6968,3.13,3.53,16697,677,7922,1807
95377,193,9045,6626,2419,3.74,3.64,9045,205,5816,810
95379,137,1705,1313,392,2.49,1.63,1705,103,759,554
95380,611,15286,7014,8272,2.85,3.06,15286,949,4339,2675
95382,481,12894,8155,4739,2.91,2.74,12894,518,5909,2246
95383,1627,1870,1427,443,2.06,2.45,1870,73,1001,426
95385,7,213,115,98,2.38,3.94,213,17,13,102
95386,288,2934,1921,1013,3.38,3.83,2934,93,1354,567
95387,19,275,103,172,3.56,4.39,275,0,79,24
95388,268,3740,2255,1485,3.46,3.69,3740,148,1365,890
95389,465,333,43,290,1.84,1.08,333,84,21,22
95391,242,5983,4226,1757,4.1,3.37,5983,48,3456,770
95401,578,13592,7562,6030,2.71,2.65,13592,619,5176,2386
95403,838,16286,8837,7449,2.59,2.94,16286,1082,6038,2799
95404,981,15507,8927,6580,2.52,2.27,15507,675,6246,2681
95405,318,9396,5333,4063,2.47,2.34,9396,485,3670,1663
95407,254,12871,6870,6001,3.21,3.15,12871,526,4740,2130
95409,779,11870,7718,4152,2.14,2.24,11870,765,4625,3093
95410,215,412,321,91,1.88,2.18,412,0,188,133
95412,43,161,131,30,2.37,,161,26,69,62
95415,224,433,228,205,2.86,3.42,433,9,58,170
95417,,95,58,37,4.24,,95,0,34,24
95419,28,162,127,35,1.4,,162,35,40,87
95420,24,85,85,0,2.59,,85,0,35,50
95421,514,726,522,204,2.2,2.14,726,26,276,246
95422,2144,6136,3536,2600,2.75,2.64,6136,583,2042,1494
95423,833,1528,1027,501,1.98,2.38,1528,38,487,540
95425,126,4585,3111,1474,2.4,2.56,4585,182,2239,872
95426,511,644,551,93,2.15,1.86,644,0,197,354
95427,57,223,147,76,3.19,3.04,223,0,22,125
95428,352,973,619,354,2.8,2.86,973,100,212,407
95429,,70,70,0,1.74,,70,0,23,47
95430,16,15,,15,,,15,0,,
95431,,,,0,,,,0,,
95432,121,276,183,93,2.02,2.47,276,16,79,104
95435,,89,14,75,,4.23,89,14,,14
95436,283,2644,1818,826,2.43,2.56,2644,30,1302,516
95437,1159,6438,3948,2490,2.42,2.41,6438,640,2150,1798
95439,24,169,140,29,2.5,5.52,169,0,68,72
95441,195,701,452,249,2.38,2.7,701,34,256,196
95442,310,1161,843,318,2.2,1.99,1161,14,392,451
95443,19,36,,36,,3.58,36,0,,
95444,25,219,157,62,2.3,3.19,219,0,61,96
95445,437,955,625,330,2.08,2.47,955,18,325,300
95446,969,2336,1600,736,2.15,1.83,2336,198,1059,541
95448,1572,6724,4354,2370,2.39,2.51,6724,163,2710,1644
95449,178,493,246,247,2.95,2.87,493,5,140,106
95450,195,84,54,30,2.63,2.33,84,11,27,27
95451,1374,4767,3389,1378,2.68,2.52,4767,37,1875,1514
95452,143,623,484,139,1.74,3.68,623,0,258,226
95453,865,4638,3420,1218,2.44,2.24,4638,219,1961,1459
95454,281,924,763,161,2.02,3.33,924,66,201,562
95456,291,419,222,197,2.16,1.5,419,8,56,166
95457,391,1368,1097,271,2.13,2.71,1368,42,639,458
95458,714,1359,994,365,2.33,2.41,1359,135,551,443
95459,193,313,200,113,2.42,3.12,313,1,119,81
95460,441,1070,731,339,2.1,2.08,1070,0,362,369
95461,161,1322,982,340,2.72,2.33,1322,27,381,601
95462,452,592,412,180,1.92,1.77,592,37,255,157
95463,84,35,35,0,2.46,,35,0,28,7
95464,457,921,576,345,2.78,2.79,921,37,214,362
95465,436,603,377,226,2.03,2.44,603,0,292,85
95466,101,310,142,168,3.01,3.46,310,21,62,80
95467,229,2244,1661,583,2.51,3.32,2244,18,1264,397
95468,238,547,294,253,2.71,2.04,547,20,161,133
95469,216,615,419,196,2.23,2.48,615,0,190,229
95470,351,2096,1585,511,2.71,2.95,2096,129,869,716
95471,120,388,255,133,1.93,2.39,388,11,185,70
95472,1176,11767,8519,3248,2.54,2.38,11767,390,5541,2978
95476,1595,15163,9852,5311,2.36,2.43,15163,795,6175,3677
95480,,5,,5,,6.2,5,0,,
95482,1265,11329,6333,4996,2.97,2.74,11329,959,3418,2915
95485,157,1199,871,328,2.67,2.05,1199,88,436,435
95486,13,35,13,22,2.08,,35,0,13,
95488,65,103,68,35,2.21,,103,0,58,10
95490,688,5578,3030,2548,2.78,2.26,5578,587,1699,1331
95492,381,9771,7424,2347,2.98,2.74,9771,407,5599,1825
95493,,46,46,0,1.72,,46,0,32,14
95494,39,42,36,6,2.78,2.17,42,0,19,17
95497,1270,583,516,67,1.72,2.84,583,8,223,293
95501,1219,9787,4258,5529,2.45,2.24,9787,1133,2700,1558
95503,919,9567,6827,2740,2.45,2.46,9567,732,3750,3077
95511,35,57,57,0,1.79,,57,0,,57
95514,91,59,59,0,1.25,,59,0,16,43
95519,670,7259,4836,2423,2.79,2.05,7259,322,2879,1957
95521,1158,8351,3160,5191,2.28,2.57,8351,471,1758,1402
95524,46,669,549,120,2.56,2.03,669,0,308,241
95525,135,698,405,293,2.16,1.72,698,67,191,214
95526,166,210,185,25,1.73,9.84,210,0,38,147
95527,209,197,144,53,2.4,2.42,197,21,74,70
95528,87,578,464,114,2.61,2.94,578,13,235,229
95531,1111,7688,5026,2662,2.67,2.57,7688,592,2468,2558
95536,196,1158,699,459,2.79,2.54,1158,53,332,367
95537,,126,64,62,2.39,7.73,126,0,,64
95538,41,438,394,44,2.3,1.55,438,44,149,245
95540,450,5638,3283,2355,2.85,2.34,5638,295,2230,1053
95542,298,1137,603,534,2.36,1.98,1137,77,298,305
95543,,232,189,43,2.33,1.63,232,8,40,149
95545,49,84,70,14,3.76,,84,0,3,67
95546,261,913,685,228,3.14,4.13,913,147,197,488
95547,45,486,397,89,2.5,2.11,486,4,245,152
95548,209,383,301,82,2.27,3.63,383,16,65,236
95549,53,393,326,67,2.96,3.88,393,0,182,144
95550,33,64,12,52,3.08,2.19,64,0,5,7
95551,103,620,322,298,2.74,2.54,620,14,110,212
95552,337,240,161,79,2.06,1.53,240,3,39,122
95553,151,359,216,143,2.19,1.96,359,30,61,155
95554,22,176,73,103,2.42,1.58,176,0,15,58
95555,101,120,52,68,3.02,2.84,120,18,22,30
95556,97,271,208,63,3.01,4.68,271,9,34,174
95558,87,135,94,41,2.3,1.22,135,0,37,57
95559,72,,,0,,,,0,,
95560,229,623,460,163,2.99,,623,38,241,219
95562,179,1381,749,632,2.78,2.04,1381,72,467,282
95563,123,293,198,95,2.94,2.28,293,25,41,157
95564,36,201,76,125,1.96,2.66,201,5,30,46
95565,118,274,104,170,2.4,2.46,274,6,78,26
95567,201,790,595,195,2.78,2.68,790,14,337,258
95568,35,46,33,13,2.76,1.46,46,0,5,28
95569,14,106,103,3,1.7,2.0,106,0,70,33
95570,418,1071,754,317,2.31,2.4,1071,9,356,398
95571,58,47,47,0,1.66,,47,0,47,
95573,461,581,345,236,1.95,2.84,581,34,213,132
95585,92,194,112,82,2.23,2.23,194,10,38,74
95587,54,36,36,0,2.0,,36,0,,36
95589,412,654,501,153,2.17,2.05,654,54,222,279
95595,64,112,72,40,2.58,,112,5,2,70
95601,25,138,90,48,2.16,2.42,138,2,77,13
95602,723,7290,5960,1330,2.46,2.72,7290,258,3814,2146
95603,915,11825,7994,3831,2.36,2.24,11825,621,4852,3142
95604,66,23,10,13,,1.92,23,0,10,
95605,509,4924,2053,2871,3.0,2.77,4924,675,1601,452
95606,2,91,83,8,2.31,1.25,91,0,28,55
95607,29,94,86,8,2.14,2.13,94,9,39,47
95608,1520,25840,13635,12205,2.53,2.28,25840,1728,8959,4676
95610,694,17254,8805,8449,2.78,2.47,17254,778,6250,2555
95612,38,523,306,217,2.39,4.03,523,0,174,132
95613,,53,53,0,1.98,,53,0,53,
95614,94,1797,1546,251,2.58,2.36,1797,18,1159,387
95615,44,342,186,156,2.71,3.23,342,17,131,55
95616,1409,18126,6620,11506,2.53,2.6,18126,2081,3874,2746
95618,619,9708,5398,4310,2.76,2.67,9708,545,3671,1727
95619,216,2513,1377,1136,2.39,2.72,2513,138,752,625
95620,316,7379,4511,2868,2.83,3.02,7379,274,3219,1292
95621,736,16495,11051,5444,2.54,2.68,16495,724,7480,3571
95623,132,1606,1352,254,2.86,2.14,1606,104,848,504
95624,524,20205,15517,4688,3.35,3.42,20205,716,11414,4103
95625,,119,12,107,1.92,1.21,119,0,,12
95626,88,1934,1549,385,3.21,2.55,1934,22,1133,416
95627,236,1209,851,358,3.41,3.66,1209,54,604,247
95628,718,16594,11938,4656,2.55,2.43,16594,611,8482,3456
95629,163,305,267,38,2.09,3.68,305,0,158,109
95630,896,27236,18890,8346,2.85,2.38,27236,875,14374,4516
95631,218,2552,2234,318,2.4,2.05,2552,70,1535,699
95632,488,10076,7485,2591,3.12,2.99,10076,446,5381,2104
95633,67,1266,1115,151,2.6,3.35,1266,17,526,589
95634,257,1842,1592,250,2.0,2.68,1842,20,846,746
95635,62,369,340,29,1.69,,369,0,233,107
95636,114,497,459,38,2.27,4.29,497,0,390,69
95637,45,56,24,32,2.54,2.53,56,0,16,8
95638,31,828,805,23,2.63,2.26,828,99,677,128
95639,,70,29,41,6.97,,70,0,2,27
95640,265,3819,2941,878,2.66,2.15,3819,302,2143,798
95641,349,741,588,153,1.89,2.07,741,18,226,362
95642,337,2915,2030,885,2.15,2.66,2915,229,1134,896
95645,46,467,311,156,3.01,1.9,467,20,198,113
95646,585,89,57,32,2.63,1.34,89,0,52,5
95648,677,20372,16544,3828,2.6,2.82,20372,355,11277,5267
95650,144,5467,4636,831,2.64,2.66,5467,51,3238,1398
95651,71,201,172,29,2.53,3.45,201,49,63,109
95652,,318,,318,,3.0,318,52,,
95653,20,166,112,54,2.86,2.83,166,0,32,80
95655,55,1545,1190,355,3.45,1.89,1545,209,1034,156
95658,195,2325,2037,288,2.61,2.39,2325,22,1336,701
95659,39,316,190,126,2.57,2.55,316,17,92,98
95660,511,10831,6520,4311,3.03,3.66,10831,639,4531,1989
95661,705,12829,7946,4883,2.71,2.19,12829,876,5529,2417
95662,628,12767,9437,3330,2.62,2.43,12767,642,6474,2963
95663,49,1092,992,100,2.54,2.02,1092,71,786,206
95664,80,395,310,85,2.57,2.24,395,19,167,143
95665,397,1851,1526,325,2.43,2.52,1851,102,1000,526
95666,1381,2441,2183,258,2.24,2.5,2441,63,1246,937
95667,1332,14514,11339,3175,2.44,2.17,14514,776,7461,3878
95668,41,196,130,66,2.35,3.68,196,6,67,63
95669,102,982,836,146,2.36,2.23,982,87,500,336
95670,962,21713,12155,9558,2.65,2.84,21713,1404,8443,3712
95671,,39,,39,,1.1,39,0,,
95672,44,2084,1876,208,2.91,2.16,2084,45,1410,466
95673,158,5154,3602,1552,3.24,3.6,5154,133,2531,1071
95674,53,269,217,52,3.16,4.1,269,9,155,62
95675,,157,124,33,3.21,1.61,157,0,124,
95676,6,41,7,34,3.0,4.21,41,0,7,
95677,412,10223,7113,3110,2.81,2.57,10223,312,5251,1862
95678,650,17322,9703,7619,2.64,2.55,17322,781,7319,2384
95679,39,64,56,8,2.88,,64,0,22,34
95680,,,,0,,,,0,,
95681,72,336,271,65,3.31,5.71,336,15,102,169
95682,678,11621,8674,2947,2.6,2.44,11621,455,6251,2423
95683,44,2564,2326,238,2.51,1.89,2564,69,1733,593
95684,260,1309,1112,197,2.13,2.26,1309,14,729,383
95685,308,2214,1535,679,2.29,1.9,2214,104,921,614
95686,55,387,207,180,2.5,3.24,387,21,98,109
95687,1221,22424,14329,8095,2.91,2.59,22424,839,10678,3651
95688,746,13909,9698,4211,2.81,2.98,13909,419,7017,2681
95689,213,562,544,18,2.76,,562,5,347,197
95690,186,711,432,279,2.61,3.33,711,15,316,116
95691,279,14086,8679,5407,2.8,2.75,14086,917,6572,2107
95692,42,1721,1120,601,2.93,2.9,1721,16,897,223
95693,119,2475,2000,475,2.99,2.59,2475,50,1447,553
95694,229,3299,2027,1272,3.18,2.68,3299,179,1360,667
95695,584,14578,7482,7096,2.67,2.8,14578,1058,4963,2519
95697,15,105,83,22,2.66,,105,0,,83
95698,16,138,85,53,1.34,1.87,138,0,14,71
95699,,7,7,0,1.86,,7,0,7,
95701,187,391,360,31,2.67,2.29,391,12,242,118
95703,149,820,732,88,2.39,1.39,820,32,556,176
95709,269,2546,1953,593,2.63,2.24,2546,34,1032,921
95713,366,3748,3058,690,2.67,2.33,3748,140,2168,890
95714,158,157,107,50,2.92,1.86,157,9,65,42
95715,120,21,21,0,3.62,,21,3,17,4
95717,65,73,36,37,2.72,1.54,73,13,27,9
95720,313,47,47,0,2.26,,47,0,26,21
95721,244,,,0,,,,0,,
95722,161,1873,1667,206,2.66,2.41,1873,21,1118,549
95726,852,3342,2686,656,2.36,2.16,3342,202,1812,874
95728,936,139,123,16,2.5,1.5,139,0,83,40
95735,435,24,24,0,2.08,,24,0,21,3
95736,,57,,57,,1.68,57,0,,
95742,101,4030,3467,563,3.45,3.55,4030,29,2746,721
95746,251,7945,7163,782,2.83,2.58,7945,299,4757,2406
95747,890,25949,20635,5314,2.88,2.37,25949,895,15733,4902
95757,445,14578,10759,3819,3.43,3.57,14578,258,8501,2258
95758,627,22152,15554,6598,2.97,2.89,22152,906,11873,3681
95762,306,15688,13520,2168,2.9,2.8,15688,361,9882,3638
95765,468,13911,8982,4929,3.18,2.56,13911,350,7179,1803
95776,205,7977,4839,3138,3.25,2.86,7977,430,3637,1202
95811,431,4079,495,3584,1.76,1.71,4079,650,291,204
95814,736,6777,616,6161,1.55,1.47,6777,2854,488,128
95815,797,9634,3709,5925,2.72,2.69,9634,1218,2761,948
95816,419,10574,3024,7550,2.13,1.49,10574,1039,2014,1010
95817,148,6558,2242,4316,2.23,2.02,6558,1016,1639,603
95818,743,10404,5905,4499,2.23,2.02,10404,791,3837,2068
95819,566,8112,5807,2305,2.18,2.12,8112,270,3967,1840
95820,681,13625,7395,6230,2.36,2.97,13625,779,5186,2209
95821,638,15809,7604,8205,2.34,2.38,15809,1574,4784,2820
95822,806,16651,9996,6655,2.74,2.8,16651,958,6626,3370
95823,1270,24311,11540,12771,3.48,3.3,24311,2495,7928,3612
95824,530,9144,3601,5543,3.21,3.43,9144,864,2126,1475
95825,695,16086,3775,12311,1.79,2.45,16086,1493,2305,1470
95826,756,16045,8591,7454,2.47,2.61,16045,911,5811,2780
95827,403,7407,4511,2896,2.71,2.98,7407,499,2981,1530
95828,670,17895,11702,6193,3.32,3.64,17895,1193,7451,4251
95829,92,9157,6856,2301,3.17,3.78,9157,302,5340,1516
95830,15,202,189,13,2.76,2.92,202,0,107,82
95831,849,18969,10505,8464,2.29,2.27,18969,894,6217,4288
95832,27,3237,1932,1305,4.2,3.81,3237,222,1235,697
95833,649,15582,7305,8277,2.76,2.49,15582,650,5583,1722
95834,358,11682,5969,5713,3.0,2.65,11682,598,4756,1213
95835,489,14342,9371,4971,3.01,2.58,14342,374,8017,1354
95837,11,106,66,40,2.35,3.1,106,1,36,30
95838,593,11671,6402,5269,3.56,3.46,11671,706,4876,1526
95841,489,8225,3128,5097,2.56,2.5,8225,677,2234,894
95842,395,11884,5711,6173,2.73,3.06,11884,892,3825,1886
95843,209,15020,10212,4808,3.07,3.49,15020,324,8087,2125
95864,479,9891,7304,2587,2.57,2.52,9891,275,4852,2452
95901,952,12615,7052,5563,3.05,2.53,12615,1123,4727,2325
95903,14,357,,357,,2.95,357,12,,
95910,23,65,65,0,2.68,,65,0,65,
95912,78,1406,971,435,3.41,3.39,1406,51,567,404
95913,,96,54,42,2.65,1.79,96,0,22,32
95914,107,254,198,56,1.88,2.59,254,34,69,129
95915,51,,,0,,,,0,,
95916,314,486,402,84,2.17,2.81,486,26,98,304
95917,98,1293,932,361,3.31,2.98,1293,35,558,374
95918,25,820,655,165,1.98,1.81,820,18,494,161
95919,196,529,499,30,2.27,,529,30,274,225
95920,24,102,70,32,1.9,2.03,102,0,29,41
95922,91,265,187,78,2.34,2.27,265,11,75,112
95923,172,39,39,0,1.44,,39,0,4,35
95925,40,105,84,21,1.48,6.38,105,0,11,73
95926,1567,17314,7128,10186,2.42,2.32,17314,1129,4701,2427
95928,2016,15690,7177,8513,2.46,2.36,15690,1145,4409,2768
95929,,,,0,,,,0,,
95930,51,176,105,71,2.11,4.56,176,22,88,17
95932,120,3002,1799,1203,2.51,2.79,3002,149,932,867
95934,45,60,60,0,1.7,,60,12,12,48
95935,160,165,87,78,2.31,1.55,165,43,43,44
95936,221,56,56,0,2.02,,56,0,12,44
95937,17,515,317,198,2.34,1.93,515,17,138,179
95938,34,1408,986,422,2.77,3.09,1408,88,632,354
95939,108,180,67,113,3.15,2.21,180,16,21,46
95941,4,119,99,20,2.42,2.05,119,0,21,78
95942,270,863,791,72,2.3,,863,0,510,281
95943,77,247,123,124,2.76,2.4,247,2,44,79
95944,,64,,64,,,64,0,,
95945,1343,11680,6796,4884,2.29,2.24,11680,924,3870,2926
95946,729,3563,2871,692,2.47,2.86,3563,62,1772,1099
95947,151,689,542,147,2.2,1.8,689,34,295,247
95948,474,3821,2169,1652,2.95,3.32,3821,107,1410,759
95949,582,7914,7127,787,2.69,2.56,7914,200,4690,2437
95950,58,205,120,85,1.9,3.56,205,0,35,85
95951,40,814,381,433,3.28,2.88,814,16,264,117
95953,209,3244,2076,1168,3.32,3.62,3244,171,1471,605
95954,520,4377,3534,843,2.5,2.83,4377,189,2097,1437
95955,155,507,333,174,2.27,3.44,507,17,158,175
95956,323,196,196,0,2.02,,196,0,101,95
95957,46,285,169,116,3.21,2.49,285,16,107,62
95958,,,,0,,,,0,,
95959,1348,7577,5768,1809,2.36,2.32,7577,114,3226,2542
95960,81,276,157,119,2.13,2.62,276,16,63,94
95961,545,9437,6202,3235,3.44,3.08,9437,518,4600,1602
95962,35,454,360,94,2.27,3.07,454,0,150,210
95963,513,5710,3818,1892,2.89,3.06,5710,262,2122,1696
95965,734,7704,4431,3273,2.59,2.79,7704,580,2303,2128
95966,2298,11923,8824,3099,2.38,2.51,11923,911,4986,3838
95968,,507,290,217,3.1,1.69,507,48,61,229
95969,402,4113,3064,1049,2.04,2.29,4113,296,1543,1521
95970,41,192,99,93,2.41,2.7,192,15,28,71
95971,564,2145,1165,980,2.52,2.99,2145,122,644,521
95972,15,54,,54,,2.61,54,0,,
95973,940,15175,9341,5834,2.66,2.27,15175,730,5905,3436
95974,,51,51,0,1.51,,51,0,,51
95975,97,730,600,130,2.17,2.75,730,41,471,129
95977,128,688,592,96,2.6,1.17,688,0,347,245
95978,,36,11,25,2.09,3.64,36,0,11,
95979,145,163,102,61,2.26,2.07,163,39,39,63
95981,262,18,18,0,3.72,,18,0,,18
95982,54,1115,831,284,2.86,2.41,1115,16,581,250
95983,91,174,98,76,2.55,1.72,174,0,38,60
95984,135,94,73,21,2.04,,94,0,51,22
95986,46,35,25,10,3.36,1.5,35,0,,25
95987,184,1871,1110,761,3.4,3.26,1871,67,795,315
95988,437,2805,1585,1220,3.22,2.63,2805,55,947,638
95991,810,14445,7125,7320,3.08,2.83,14445,1001,4877,2248
95993,459,12585,8707,3878,2.85,3.3,12585,382,5367,3340
96001,1194,13369,7650,5719,2.57,2.36,13369,1105,4965,2685
96002,775,12688,7822,4866,2.7,2.66,12688,814,4821,3001
96003,1594,18350,10813,7537,2.36,2.42,18350,1502,6511,4302
96006,74,216,185,31,2.24,6.16,216,19,42,143
96007,896,9531,6210,3321,2.62,2.5,9531,608,3885,2325
96008,43,441,369,72,2.44,2.18,441,45,179,190
96009,94,143,102,41,1.95,2.0,143,0,24,78
96010,93,14,14,0,5.86,,14,0,,14
96011,59,87,55,32,2.27,2.0,87,3,11,44
96013,465,1600,1097,503,2.72,2.8,1600,99,552,545
96014,49,66,24,42,1.75,1.71,66,0,,24
96015,38,80,40,40,1.9,1.2,80,0,15,25
96016,95,133,87,46,2.24,3.52,133,0,48,39
96017,108,84,58,26,1.74,1.96,84,0,22,36
96019,239,4050,2664,1386,2.62,2.51,4050,320,1803,861
96020,804,1155,864,291,2.25,1.93,1155,70,587,277
96021,645,5379,3332,2047,3.03,2.69,5379,321,1793,1539
96022,489,5720,4424,1296,2.66,2.34,5720,195,2882,1542
96023,70,502,375,127,2.37,3.13,502,29,139,236
96024,179,319,212,107,2.8,3.35,319,24,64,148
96025,458,959,576,383,2.17,2.45,959,83,343,233
96027,138,844,648,196,2.51,2.27,844,12,316,332
96028,429,607,445,162,2.71,2.38,607,0,302,143
96029,12,59,53,6,2.87,4.17,59,0,41,12
96031,48,29,28,1,1.71,3.0,29,0,1,27
96032,246,1031,692,339,2.28,2.97,1031,21,300,392
96033,27,174,146,28,2.38,2.61,174,11,48,98
96034,29,159,118,41,2.19,2.68,159,2,41,77
96035,232,1483,1054,429,2.42,1.8,1483,103,633,421
96037,,43,,43,,2.4,43,0,,
96038,44,259,170,89,2.56,2.83,259,22,37,133
96039,174,414,233,181,2.1,2.31,414,37,58,175
96040,108,38,38,0,1.89,,38,0,6,32
96041,363,1095,643,452,2.67,4.7,1095,150,78,565
96044,143,453,326,127,2.38,2.49,453,26,156,170
96046,75,54,21,33,4.1,1.48,54,0,,21
96047,118,354,329,25,2.41,,354,0,157,172
96048,93,401,346,55,2.93,3.91,401,2,205,141
96050,46,245,207,38,1.67,2.13,245,9,31,176
96051,353,575,476,99,2.04,2.08,575,12,273,203
96052,312,611,444,167,3.42,3.16,611,24,270,174
96054,97,121,101,20,1.7,3.25,121,0,48,53
96055,240,1588,1148,440,2.51,2.89,1588,76,617,531
96056,134,542,525,17,2.22,4.65,542,0,317,208
96057,410,495,367,128,1.95,2.59,495,40,158,209
96058,114,200,120,80,3.42,2.13,200,38,23,97
96059,170,182,160,22,2.13,1.95,182,0,22,138
96061,136,,,0,,,,0,,
96062,35,410,327,83,2.48,2.35,410,4,196,131
96063,217,76,48,28,1.42,5.07,76,0,39,9
96064,346,1799,1365,434,2.46,2.44,1799,39,682,683
96065,116,151,107,44,2.1,2.23,151,2,54,53
96067,916,3655,2277,1378,2.17,1.83,3655,287,1099,1178
96068,38,19,6,13,7.17,2.23,19,0,5,1
96069,75,459,421,38,2.38,2.47,459,7,225,196
96071,145,10,10,0,2.0,,10,0,10,
96073,81,1903,1730,173,2.84,2.57,1903,16,1176,554
96074,8,33,28,5,2.14,3.8,33,0,7,21
96075,7,176,104,72,1.16,1.4,176,48,54,50
96076,64,84,54,30,1.56,2.23,84,0,35,19
96078,,,,0,,,,0,,
96080,729,12031,7745,4286,2.54,2.64,12031,1011,4763,2982
96084,84,258,198,60,2.55,2.42,258,18,71,127
96085,16,7,7,0,3.57,,7,0,4,3
96086,81,114,81,33,2.15,1.7,114,0,18,63
96087,8,313,279,34,2.57,2.0,313,18,169,110
96088,661,2221,2002,219,2.05,2.61,2221,78,1213,789
96090,12,209,142,67,2.58,1.75,209,1,71,71
96091,495,338,276,62,2.2,1.32,338,12,140,136
96092,21,91,60,31,3.63,,91,0,34,26
96093,328,1695,1232,463,2.07,3.82,1695,32,603,629
96094,418,2855,1880,975,2.23,2.57,2855,190,1116,764
96096,96,333,299,34,2.39,2.38,333,12,168,131
96097,396,4165,2742,1423,2.37,2.54,4165,252,1481,1261
96101,559,2041,1515,526,2.5,2.65,2041,222,686,829
96103,1304,681,597,84,2.23,2.02,681,0,268,329
96104,68,398,259,139,2.21,2.14,398,0,65,194
96105,144,174,168,6,2.06,,174,0,67,101
96106,273,203,100,103,3.02,1.86,203,29,31,69
96107,40,341,222,119,1.8,2.58,341,6,98,124
96108,,54,41,13,2.98,1.46,54,0,9,32
96109,194,414,372,42,2.91,2.31,414,25,209,163
96110,54,13,7,6,3.29,1.67,13,0,2,5
96111,22,14,14,0,1.57,,14,0,14,
96112,57,93,59,34,1.63,3.35,93,3,7,52
96113,89,411,241,170,2.26,3.2,411,5,76,165
96114,264,1311,919,392,2.5,2.28,1311,30,524,395
96115,39,67,61,6,1.66,,67,4,14,47
96116,193,31,31,0,,,31,0,,31
96117,63,99,91,8,2.4,,99,0,44,47
96118,96,569,464,105,2.53,2.78,569,39,227,237
96119,20,12,12,0,1.83,,12,0,12,
96120,310,326,288,38,2.84,6.39,326,12,120,168
96121,38,112,87,25,2.26,4.44,112,0,54,33
96122,699,1728,1218,510,2.32,2.22,1728,142,638,580
96123,39,25,19,6,1.84,5.0,25,4,,19
96124,86,111,95,16,3.24,10.0,111,0,57,38
96125,355,76,76,0,1.92,,76,0,45,31
96126,94,66,41,25,1.27,9.76,66,0,,41
96128,28,250,239,11,2.33,2.36,250,0,169,70
96129,,158,158,0,3.22,,158,0,57,101
96130,1734,4967,3289,1678,2.7,2.62,4967,276,2063,1226
96132,24,10,4,6,1.5,3.17,10,0,1,3
96133,,129,103,26,2.75,3.08,129,65,91,12
96134,343,676,496,180,2.92,3.69,676,39,165,331
96135,,60,60,0,1.88,,60,0,,60
96136,28,17,17,0,3.41,,17,0,,17
96137,2725,1471,1164,307,1.97,2.59,1471,65,612,552
96140,1109,592,478,114,2.28,2.04,592,9,272,206
96141,1249,257,227,30,2.41,1.8,257,7,168,59
96142,1917,374,217,157,2.16,2.2,374,0,111,106
96143,1376,1467,843,624,2.28,2.49,1467,64,562,281
96145,3683,1157,862,295,2.47,1.79,1157,8,598,264
96146,1516,498,234,264,2.3,2.34,498,10,128,106
96148,594,293,241,52,2.31,2.87,293,0,94,147
96150,10834,12461,7018,5443,2.39,2.3,12461,638,4669,2349
96155,75,,,0,,,,0,,
96161,10561,7193,5640,1553,2.73,2.34,7193,153,3971,1669
96701,727,14364,9812,4552,2.85,2.86,14364,598,6194,3618
96703,96,761,652,109,3.98,2.28,761,53,276,376
96704,765,2925,1849,1076,2.62,3.29,2925,89,771,1078
96705,78,684,453,231,3.65,3.1,684,35,341,112
96706,791,21944,14757,7187,3.85,3.42,21944,434,12431,2326
96707,1268,14993,10825,4168,3.33,3.15,14993,527,8788,2037
96708,539,4013,2400,1613,2.84,2.73,4013,97,1522,878
96710,42,135,135,0,2.18,,135,0,28,107
96712,566,2594,1333,1261,3.45,2.13,2594,112,824,509
96713,248,371,165,206,2.35,2.67,371,17,77,88
96714,443,413,202,211,3.17,3.07,413,21,82,120
96716,111,759,500,259,2.8,4.21,759,19,334,166
96717,484,1339,689,650,4.31,3.66,1339,75,486,203
96719,134,434,304,130,2.6,3.55,434,14,174,130
96720,2359,17038,11079,5959,2.9,2.6,17038,1249,6142,4937
96722,1746,925,650,275,2.18,2.45,925,15,317,333
96725,145,1496,900,596,2.63,2.78,1496,55,463,437
96726,16,9,9,0,2.56,,9,0,9,
96727,245,1511,1190,321,2.9,3.38,1511,97,600,590
96728,58,155,117,38,2.74,2.58,155,4,78,39
96729,45,388,310,78,3.56,2.88,388,12,75,235
96730,131,526,344,182,2.94,2.24,526,6,275,69
96731,482,831,546,285,3.7,3.0,831,50,389,157
96732,558,7908,5077,2831,3.56,2.74,7908,576,3621,1456
96734,1335,16599,10394,6205,3.2,2.81,16599,333,7111,3283
96737,574,1740,1365,375,2.16,2.42,1740,189,518,847
96738,1898,2841,1991,850,2.77,2.79,2841,41,1324,667
96740,4625,14272,9449,4823,2.82,2.88,14272,746,6261,3188
96741,350,1950,1376,574,2.87,3.81,1950,105,694,682
96742,56,31,,31,,1.23,31,3,,
96743,1535,4662,3248,1414,2.74,3.04,4662,13,2330,918
96744,828,17150,13101,4049,3.09,3.17,17150,601,8893,4208
96746,1744,6715,4486,2229,3.08,3.08,6715,269,2549,1937
96747,15,284,,284,,5.2,284,0,,
96748,749,1390,847,543,3.33,2.62,1390,100,417,430
96749,803,6234,4694,1540,2.93,2.57,6234,100,3062,1632
96750,151,1246,781,465,3.4,2.22,1246,89,406,375
96751,17,44,20,24,2.45,3.5,44,0,7,13
96752,314,1044,613,431,3.37,2.65,1044,69,417,196
96753,7502,10853,6656,4197,2.88,2.42,10853,366,4618,2038
96754,422,1198,961,237,3.49,3.19,1198,30,528,433
96755,136,1215,1002,213,2.58,2.84,1215,22,479,523
96756,1432,2033,1206,827,3.02,2.68,2033,94,707,499
96757,67,241,200,41,2.67,3.93,241,0,70,130
96759,,85,,85,,3.07,85,40,,
96760,220,1332,1176,156,2.85,2.81,1332,27,569,607
96761,4458,7272,4073,3199,3.32,3.0,7272,409,2915,1158
96762,228,1072,414,658,4.62,4.14,1072,141,298,116
96763,380,1183,656,527,2.8,2.41,1183,143,308,348
96764,52,220,168,52,2.58,1.9,220,4,59,109
96765,25,212,95,117,3.41,3.12,212,0,67,28
96766,596,4841,2979,1862,3.68,3.18,4841,268,2063,916
96768,310,6303,4295,2008,3.0,2.63,6303,149,3079,1216
96769,31,78,,78,,4.44,78,9,,
96770,538,192,89,103,2.44,2.12,192,14,53,36
96771,508,2386,1691,695,2.58,3.44,2386,55,800,891
96772,310,990,800,190,2.51,2.97,990,33,375,425
96773,22,80,51,29,2.22,1.86,80,0,45,6
96774,49,85,85,0,2.12,,85,15,39,46
96776,135,518,357,161,2.38,2.94,518,31,175,182
96777,63,605,446,159,4.05,3.74,605,46,228,218
96778,1100,5838,4461,1377,2.38,3.01,5838,274,2091,2370
96779,241,877,608,269,2.91,2.94,877,12,374,234
96780,,250,157,93,1.87,3.08,250,0,138,19
96781,240,459,355,104,2.66,2.44,459,21,149,206
96782,462,11909,7951,3958,3.3,2.71,11909,820,5253,2698
96783,109,594,352,242,2.93,2.96,594,72,216,136
96785,563,2132,1610,522,2.08,2.74,2132,140,841,769
96786,1225,13654,3923,9731,3.48,2.91,13654,902,2313,1610
96789,590,18794,14867,3927,2.89,3.12,18794,515,11252,3615
96790,367,3206,2203,1003,2.97,2.77,3206,31,1389,814
96791,393,2377,1537,840,3.13,2.61,2377,129,925,612
96792,1850,13426,7995,5431,3.82,3.77,13426,1444,5988,2007
96793,1397,9722,6857,2865,3.35,3.01,9722,551,4728,2129
96795,201,2278,1742,536,4.61,3.23,2278,156,1044,698
96796,59,727,322,405,2.97,2.12,727,63,114,208
96797,902,19971,13463,6508,3.52,3.71,19971,1258,10109,3354
96813,1324,11577,6081,5496,2.39,1.93,11577,1924,3953,2128
96814,2627,11795,4909,6886,1.9,1.95,11795,2839,2650,2259
96815,8794,14584,6927,7657,1.96,1.7,14584,3859,3349,3578
96816,1751,17881,10840,7041,2.99,2.63,17881,1433,5977,4863
96817,1935,19058,8256,10802,3.07,2.46,19058,4368,4885,3371
96818,1329,18992,6939,12053,3.25,3.05,18992,757,4079,2860
96819,952,11778,5785,5993,4.45,3.82,11778,1289,3630,2155
96820,,,,0,,,,0,,
96821,827,6600,5556,1044,2.94,2.63,6600,310,3277,2279
96822,1528,18842,10515,8327,2.44,2.17,18842,2129,5481,5034
96825,1113,10759,8907,1852,2.83,2.87,10759,425,5884,3023
96826,2090,14621,4633,9988,2.19,1.97,14621,3558,2743,1890
96848,,,,0,,,,0,,
96850,,,,0,,,,0,,
96853,,,,0,,,,0,,
96857,,,,0,,,,0,,
96858,,,,0,,,,0,,
96859,,,,0,,,,0,,
96860,,,,0,,,,0,,
96863,,,,0,,,,0,,
97001,24,43,10,33,3.6,3.0,43,17,5,5
97002,78,2282,1783,499,2.71,3.44,2282,44,1022,761
97003,613,10364,5904,4460,2.75,2.65,10364,772,4079,1825
97004,139,1683,1471,212,2.26,2.46,1683,7,930,541
97005,374,11355,4288,7067,2.4,2.38,11355,1182,2885,1403
97006,611,17945,8695,9250,2.58,2.44,17945,1011,5872,2823
97007,434,18399,13820,4579,2.75,2.22,18399,855,10942,2878
97008,369,12367,6619,5748,2.52,2.23,12367,1011,4706,1913
97009,106,3127,2684,443,2.79,3.2,3127,27,1496,1188
97011,68,344,344,0,2.31,,344,0,227,117
97013,189,8952,6350,2602,2.73,2.87,8952,348,4157,2193
97014,137,668,508,160,2.5,1.96,668,13,331,177
97015,198,9109,5782,3327,2.64,2.44,9109,895,3644,2138
97016,377,2728,2244,484,2.47,2.4,2728,239,1368,876
97017,32,1168,1109,59,3.26,2.49,1168,8,701,408
97018,46,703,602,101,2.47,2.9,703,20,439,163
97019,90,1151,999,152,2.79,3.06,1151,45,737,262
97020,23,399,341,58,2.89,3.69,399,0,244,97
97021,105,593,393,200,2.48,2.2,593,7,188,205
97022,59,1350,1069,281,2.43,2.48,1350,27,638,431
97023,357,3983,3432,551,2.83,1.67,3983,100,2217,1215
97024,84,4797,2635,2162,2.22,2.46,4797,442,1441,1194
97026,33,1013,863,150,3.45,4.14,1013,18,643,220
97027,110,4870,3109,1761,2.63,2.36,4870,295,2359,750
97028,515,111,87,24,1.31,,111,24,,87
97029,47,118,69,49,2.29,3.37,118,4,23,46
97030,956,15399,6765,8634,2.61,2.49,15399,1716,4492,2273
97031,695,7364,4999,2365,2.75,2.18,7364,335,2779,2220
97032,149,1690,1235,455,3.04,2.7,1690,10,858,377
97033,7,31,9,22,3.22,2.45,31,5,,9
97034,598,8272,6312,1960,2.63,2.04,8272,314,4303,2009
97035,772,10931,6976,3955,2.6,2.12,10931,280,4887,2089
97037,213,394,264,130,2.04,1.98,394,20,94,170
97038,203,5979,4293,1686,2.87,2.4,5979,388,3260,1033
97039,52,169,101,68,2.54,2.57,169,10,48,53
97040,187,614,452,162,2.61,2.81,614,0,272,180
97041,270,947,684,263,2.37,3.61,947,11,270,414
97042,63,993,899,94,2.92,2.64,993,3,614,285
97045,686,20489,15335,5154,2.87,2.28,20489,729,10980,4355
97048,330,2839,2236,603,2.57,2.95,2839,199,1331,905
97049,1594,879,793,86,2.09,2.4,879,21,661,132
97050,30,105,84,21,2.36,1.62,105,15,19,65
97051,397,6262,4167,2095,2.78,2.47,6262,353,3152,1015
97053,41,1433,1337,96,2.53,1.97,1433,0,868,469
97054,45,622,591,31,2.25,2.58,622,10,424,167
97055,397,6841,5528,1313,2.83,2.58,6841,232,4160,1368
97056,361,4529,3448,1081,2.65,2.48,4529,201,2397,1051
97057,12,8,6,2,,4.0,8,2,,6
97058,608,8123,5205,2918,2.57,2.3,8123,672,3216,1989
97060,314,7042,4960,2082,3.17,2.8,7042,269,3483,1477
97062,585,11112,6468,4644,2.68,2.44,11112,537,4820,1648
97063,413,412,362,50,1.9,2.82,412,0,210,152
97064,236,1304,1096,208,2.75,1.98,1304,35,749,347
97065,54,288,236,52,2.3,3.08,288,17,81,155
97067,608,882,631,251,2.27,1.47,882,10,411,220
97068,408,11303,9550,1753,2.75,2.36,11303,201,6504,3046
97070,456,10579,5455,5124,2.63,2.12,10579,701,3782,1673
97071,291,10204,6547,3657,2.88,3.23,10204,614,4250,2297
97078,289,8761,5843,2918,2.79,2.74,8761,337,4612,1231
97080,531,16361,11862,4499,2.86,2.66,16361,416,8893,2969
97086,550,11589,7464,4125,3.17,2.0,11589,884,5125,2339
97089,58,4795,4540,255,3.08,3.04,4795,30,3278,1262
97101,80,1398,1061,337,2.85,3.02,1398,35,687,374
97102,236,172,172,0,2.18,,172,0,87,85
97103,968,6989,4364,2625,2.71,2.13,6989,485,2779,1585
97106,106,1791,1552,239,2.83,2.61,1791,19,1226,326
97107,109,959,742,217,2.5,2.71,959,0,490,252
97108,,227,196,31,2.76,1.94,227,0,129,67
97109,16,195,162,33,3.07,2.79,195,0,123,39
97110,1168,595,251,344,2.23,1.67,595,64,156,95
97111,138,1340,1061,279,2.75,3.0,1340,68,822,239
97112,481,841,630,211,1.99,3.48,841,0,288,342
97113,213,4869,3687,1182,2.85,3.26,4869,53,2689,998
97114,66,1558,1245,313,3.09,3.54,1558,56,791,454
97115,47,1324,1117,207,2.89,3.45,1324,17,763,354
97116,436,10070,6482,3588,3.03,2.27,10070,759,4564,1918
97117,,306,272,34,3.62,3.74,306,0,198,74
97118,108,305,193,112,2.07,2.17,305,6,100,93
97119,60,1783,1562,221,3.14,2.84,1783,77,1040,522
97121,74,544,373,171,2.65,1.52,544,35,267,106
97122,,125,116,9,2.26,9.78,125,17,83,33
97123,441,16404,11256,5148,2.83,2.91,16404,1116,8468,2788
97124,1040,20796,9921,10875,2.78,2.43,20796,973,7080,2841
97125,,24,24,0,3.21,,24,0,9,15
97127,,1473,1362,111,2.92,3.51,1473,0,1151,211
97128,538,14342,9466,4876,2.62,2.45,14342,828,6033,3433
97130,1132,365,306,59,1.98,1.95,365,7,123,183
97131,704,1248,1023,225,2.01,2.5,1248,131,446,577
97132,506,11376,7829,3547,2.61,2.49,11376,765,6001,1828
97133,65,2100,1755,345,2.88,1.88,2100,36,1226,529
97134,260,65,55,10,1.55,1.9,65,0,29,26
97135,969,538,362,176,2.06,2.76,538,9,207,155
97136,1945,956,715,241,2.34,2.12,956,31,427,288
97137,26,376,261,115,3.07,3.1,376,9,149,112
97138,2584,4971,2650,2321,2.41,2.08,4971,825,1694,956
97140,308,9074,7043,2031,3.03,2.74,9074,339,5529,1514
97141,982,5261,3289,1972,2.33,2.58,5261,335,1925,1364
97144,,72,72,0,1.88,,72,0,57,15
97145,637,117,62,55,1.63,1.16,117,0,33,29
97146,383,2891,1957,934,2.67,2.48,2891,73,1311,646
97147,82,208,92,116,1.67,1.7,208,5,54,38
97148,65,1097,896,201,3.07,4.41,1097,10,638,258
97149,730,245,223,22,2.18,1.95,245,0,117,106
97201,1068,9138,2717,6421,1.99,1.51,9138,3311,1925,792
97202,881,18265,9407,8858,2.59,2.01,18265,2019,6576,2831
97203,506,12660,7345,5315,2.42,2.79,12660,1291,5962,1383
97204,,431,21,410,2.05,1.08,431,331,,21
97205,604,5720,1207,4513,1.99,1.24,5720,2982,558,649
97206,612,21338,14220,7118,2.49,2.36,21338,2120,10727,3493
97208,13,,,0,,,,0,,
97209,1747,13794,3218,10576,1.57,1.33,13794,4507,2011,1207
97210,729,6647,2424,4223,2.11,1.46,6647,1499,1582,842
97211,700,14188,9315,4873,2.4,2.17,14188,1271,7535,1780
97212,517,11333,7561,3772,2.62,2.21,11333,766,5339,2222
97213,533,14289,9286,5003,2.44,1.81,14289,1445,7199,2087
97214,1079,14412,4699,9713,2.38,1.73,14412,2284,3351,1348
97215,386,7335,4459,2876,2.5,1.99,7335,437,2842,1617
97216,244,6986,3912,3074,2.61,2.38,6986,1110,3123,789
97217,1010,15276,8863,6413,2.41,2.11,15276,1303,6576,2287
97218,350,6058,3531,2527,2.55,2.51,6058,620,2526,1005
97219,843,18306,12993,5313,2.47,2.06,18306,818,9499,3494
97220,658,11525,6499,5026,2.5,2.25,11525,1388,4627,1872
97221,249,5339,3809,1530,2.62,1.87,5339,474,2542,1267
97222,934,15798,8674,7124,2.45,2.12,15798,1272,6193,2481
97223,533,20306,12783,7523,2.59,2.2,20306,819,9538,3245
97224,625,15509,10660,4849,2.52,2.07,15509,1142,7361,3299
97225,706,11686,5892,5794,2.54,1.9,11686,633,4109,1783
97227,180,3257,814,2443,2.54,1.56,3257,896,662,152
97229,753,26324,18384,7940,2.9,2.47,26324,984,13398,4986
97230,1053,15825,9992,5833,2.57,2.52,15825,1438,6921,3071
97231,154,1567,1310,257,2.33,2.06,1567,26,704,606
97232,543,8245,2189,6056,2.46,1.51,8245,1853,1480,709
97233,740,13833,6762,7071,2.87,2.59,13833,2027,4721,2041
97236,728,13284,7561,5723,3.02,2.78,13284,1355,5339,2222
97239,600,9239,4291,4948,2.29,1.76,9239,1122,2895,1396
97258,,,,0,,,,0,,
97266,572,13035,7404,5631,2.73,2.58,13035,1222,5492,1912
97267,425,12857,9260,3597,2.48,2.33,12857,765,6418,2842
97301,1306,19615,8487,11128,2.86,2.49,19615,2350,5939,2548
97302,1072,16562,10193,6369,2.51,2.4,16562,961,7115,3078
97303,566,14709,9033,5676,2.93,2.51,14709,704,6750,2283
97304,604,13149,8590,4559,2.72,2.29,13149,787,6188,2402
97305,525,14299,7645,6654,2.96,3.15,14299,1027,4747,2898
97306,535,13032,8456,4576,2.67,2.35,13032,452,5918,2538
97310,,,,0,,,,0,,
97317,481,8339,6089,2250,2.8,2.94,8339,179,3541,2548
97321,461,11009,8179,2830,2.77,2.21,11009,661,5735,2444
97322,580,13918,7990,5928,2.73,2.51,13918,451,5545,2445
97324,221,541,345,196,2.5,2.1,541,3,197,148
97325,52,2212,1740,472,3.24,2.58,2212,75,1088,652
97326,55,356,335,21,2.58,3.71,356,64,210,125
97327,106,1322,1064,258,2.45,2.07,1322,24,650,414
97329,23,18,,18,,1.83,18,0,,
97330,1086,18479,9158,9321,2.37,2.18,18479,1743,4790,4368
97331,,,,0,,,,0,,
97333,677,9974,4499,5475,2.38,2.19,9974,654,2534,1965
97335,,44,44,0,1.02,,44,0,,44
97336,,22,22,0,3.91,,22,0,17,5
97338,358,8820,6619,2201,2.58,2.46,8820,525,4225,2394
97341,1123,1779,1316,463,1.97,1.64,1779,107,611,705
97342,440,47,43,4,1.63,2.0,47,0,23,20
97343,15,149,109,40,2.33,2.8,149,11,46,63
97344,15,653,482,171,2.97,3.22,653,68,291,191
97345,79,230,144,86,2.24,4.94,230,0,52,92
97346,53,338,290,48,2.62,3.23,338,4,170,120
97347,121,548,241,307,2.77,2.38,548,62,144,97
97348,64,630,458,172,2.97,2.62,630,6,370,88
97350,100,79,65,14,2.6,2.21,79,2,39,26
97351,184,3336,2052,1284,3.24,3.14,3336,87,1512,540
97352,146,2063,1562,501,2.94,4.25,2063,57,1128,434
97355,429,12435,8394,4041,2.42,2.73,12435,582,5356,3038
97357,27,138,123,15,1.85,,138,48,114,9
97358,105,1045,979,66,2.28,2.23,1045,3,707,272
97360,138,882,698,184,2.81,2.52,882,49,441,257
97361,339,4156,1998,2158,2.93,2.76,4156,183,1310,688
97362,44,1481,903,578,2.99,2.22,1481,134,610,293
97364,167,257,147,110,2.5,2.93,257,5,108,39
97365,1076,4749,2916,1833,2.22,2.2,4749,300,1282,1634
97366,268,873,735,138,2.34,2.15,873,12,574,161
97367,3169,4824,3112,1712,2.2,2.32,4824,247,1678,1434
97368,376,1318,976,342,2.5,2.06,1318,50,531,445
97369,231,81,60,21,1.92,1.57,81,0,18,42
97370,215,3586,2697,889,2.73,2.26,3586,56,1774,923
97371,,330,198,132,2.39,1.07,330,13,106,92
97373,,,,0,,,,0,,
97374,100,1936,1560,376,2.3,2.36,1936,6,1117,443
97375,18,453,445,8,2.96,2.63,453,0,330,115
97376,270,573,428,145,1.98,2.12,573,0,182,246
97377,79,319,170,149,2.25,2.82,319,0,66,104
97378,117,2974,2063,911,2.67,1.88,2974,145,1446,617
97380,97,845,568,277,3.0,1.94,845,48,299,269
97381,294,5799,3815,1984,2.94,2.48,5799,180,2524,1291
97383,248,3828,2355,1473,2.81,2.28,3828,292,1588,767
97384,,45,45,0,1.78,,45,0,36,9
97385,42,1443,982,461,2.7,1.6,1443,170,595,387
97386,164,5802,4129,1673,2.5,2.59,5802,374,2528,1601
97388,625,373,259,114,1.83,2.1,373,0,187,72
97389,37,702,461,241,2.64,2.63,702,12,269,192
97390,133,372,296,76,1.45,1.67,372,0,63,233
97391,94,2320,1447,873,2.96,2.23,2320,200,788,659
97392,180,1953,1678,275,3.05,2.29,1953,21,1198,480
97394,1234,2397,1909,488,2.13,2.13,2397,79,1147,762
97396,145,1424,1035,389,2.65,2.74,1424,54,549,486
97401,1093,22239,6799,15440,2.36,1.93,22239,3429,4320,2479
97402,927,22307,10961,11346,2.43,2.23,22307,2207,7167,3794
97403,375,4491,1920,2571,2.51,2.59,4491,477,1092,828
97404,368,13352,9550,3802,2.52,2.73,13352,426,6675,2875
97405,788,19432,13730,5702,2.42,2.16,19432,970,8680,5050
97406,104,138,138,0,2.06,,138,0,33,105
97408,259,6055,3621,2434,2.48,2.23,6055,260,1976,1645
97410,114,253,145,108,1.83,1.9,253,17,66,79
97411,896,3437,2394,1043,2.09,1.86,3437,351,1172,1222
97412,108,232,211,21,2.77,2.1,232,6,128,83
97413,235,455,283,172,1.94,1.88,455,33,122,161
97414,52,58,58,0,2.72,,58,0,17,41
97415,990,6583,5038,1545,2.16,1.92,6583,374,2560,2478
97416,116,370,304,66,3.24,2.5,370,0,134,170
97417,106,1048,696,352,2.08,2.32,1048,86,316,380
97419,,393,352,41,2.34,1.2,393,16,205,147
97420,1028,11988,7849,4139,2.32,2.19,11988,998,4600,3249
97423,104,2887,2366,521,2.21,2.5,2887,100,1483,883
97424,540,7396,4948,2448,2.59,2.25,7396,638,3224,1724
97426,99,3999,2937,1062,2.58,2.64,3999,106,2024,913
97429,34,347,221,126,2.51,2.06,347,6,109,112
97430,57,169,141,28,2.34,1.93,169,2,66,75
97431,222,739,580,159,3.16,2.47,739,15,352,228
97432,,17,,17,,,17,0,,
97434,73,293,216,77,3.85,3.23,293,0,172,44
97435,160,984,737,247,2.45,2.39,984,0,397,340
97436,132,313,237,76,2.27,1.67,313,3,114,123
97437,95,934,782,152,2.8,2.62,934,62,546,236
97438,15,446,379,67,2.79,2.4,446,6,219,160
97439,1267,7628,5388,2240,1.98,2.07,7628,336,2968,2420
97441,61,155,26,129,2.15,3.74,155,0,26,
97442,130,1006,651,355,1.89,2.27,1006,11,335,316
97443,51,947,638,309,3.05,2.47,947,18,383,255
97444,713,2627,1942,685,2.18,2.74,2627,151,1184,758
97446,52,2092,1616,476,2.79,2.36,2092,61,1022,594
97447,93,233,159,74,1.95,1.31,233,0,57,102
97448,165,5817,4240,1577,2.55,2.08,5817,404,2582,1658
97449,674,892,680,212,2.03,2.34,892,23,410,270
97450,97,273,230,43,2.53,2.23,273,22,74,156
97451,17,148,148,0,2.69,,148,0,105,43
97452,57,594,511,83,2.58,2.31,594,9,360,151
97453,67,342,229,113,2.42,2.53,342,24,97,132
97454,,395,351,44,2.71,3.89,395,13,239,112
97455,134,901,706,195,2.92,2.53,901,8,462,244
97456,64,1188,913,275,2.58,3.25,1188,70,588,325
97457,362,3949,2895,1054,2.48,2.47,3949,128,1628,1267
97458,241,1997,1391,606,2.22,2.5,1997,117,721,670
97459,597,5900,3916,1984,2.55,2.48,5900,439,2249,1667
97461,,377,351,26,2.26,,377,0,195,156
97462,120,1758,1333,425,2.41,2.35,1758,26,654,679
97463,99,1696,1094,602,2.55,1.77,1696,52,564,530
97465,215,1030,705,325,1.77,1.6,1030,125,343,362
97466,87,464,341,123,3.12,1.93,464,53,88,253
97467,299,2430,1682,748,2.12,2.44,2430,280,566,1116
97469,48,1014,824,190,2.56,3.25,1014,32,493,331
97470,508,8396,5182,3214,2.22,2.18,8396,553,2854,2328
97471,980,12587,9559,3028,2.51,2.47,12587,794,5289,4270
97473,54,124,104,20,1.89,3.15,124,0,41,63
97476,74,152,152,0,1.97,,152,0,59,93
97477,289,16180,8094,8086,2.31,2.3,16180,1733,5148,2946
97478,310,14831,10296,4535,2.61,2.87,14831,558,7147,3149
97479,206,4491,2870,1621,2.44,1.92,4491,181,1539,1331
97480,44,145,105,40,2.34,2.6,145,3,54,51
97481,27,375,319,56,2.5,3.61,375,0,198,121
97484,30,88,60,28,1.72,2.11,88,3,17,43
97486,93,271,257,14,2.36,1.93,271,0,176,81
97487,110,3610,3004,606,2.46,2.43,3610,59,1948,1056
97488,86,447,407,40,2.23,3.2,447,4,161,246
97489,57,439,388,51,2.12,3.63,439,4,177,211
97490,24,148,118,30,3.1,2.57,148,0,52,66
97492,13,443,430,13,2.07,2.23,443,7,90,340
97493,61,159,133,26,2.11,1.58,159,11,25,108
97494,,33,33,0,,,33,0,33,
97495,,858,709,149,1.99,2.89,858,37,354,355
97496,206,2720,1922,798,2.53,3.05,2720,100,1222,700
97497,53,689,516,173,1.83,1.93,689,0,202,314
97498,784,921,714,207,1.98,1.9,921,114,396,318
97499,66,732,622,110,2.14,3.51,732,19,309,313
97501,1007,18869,10139,8730,2.53,2.37,18869,1199,6088,4051
97502,244,10811,8118,2693,2.61,2.65,10811,567,4967,3151
97503,222,4554,3600,954,3.06,2.51,4554,125,2314,1286
97504,895,19779,12162,7617,2.58,2.24,19779,1236,8498,3664
97520,1641,12200,7471,4729,2.3,1.83,12200,563,4001,3470
97522,27,227,176,51,2.95,2.47,227,3,116,60
97523,422,2923,2196,727,2.2,2.2,2923,99,1080,1116
97524,263,6006,4411,1595,2.51,2.85,6006,235,2303,2108
97525,289,2081,1667,414,2.34,2.0,2081,72,1048,619
97526,796,15115,9803,5312,2.52,2.0,15115,1055,6260,3543
97527,799,14563,10126,4437,2.63,2.25,14563,707,5937,4189
97530,521,3405,2361,1044,2.47,2.23,3405,234,1351,1010
97531,,99,85,14,2.04,2.0,99,0,45,40
97532,86,981,858,123,2.29,3.18,981,0,504,354
97534,81,358,358,0,1.74,,358,0,218,140
97535,20,2123,1265,858,2.38,2.12,2123,151,630,635
97536,67,470,359,111,2.19,2.95,470,17,174,185
97537,270,2801,2111,690,2.5,2.23,2801,183,1264,847
97538,260,732,666,66,2.83,1.5,732,0,426,240
97539,165,1402,1004,398,2.25,2.44,1402,127,488,516
97540,169,3689,2108,1581,2.36,2.1,3689,295,1027,1081
97541,177,587,502,85,2.71,1.73,587,8,228,274
97543,121,262,179,83,2.44,1.73,262,0,66,113
97544,93,889,708,181,2.31,2.26,889,8,447,261
97601,1362,9737,5496,4241,2.37,2.24,9737,914,3174,2322
97603,702,12283,8123,4160,2.55,2.39,12283,537,4950,3173
97604,30,,,0,,,,0,,
97620,44,27,13,14,1.38,2.36,27,0,8,5
97621,98,110,109,1,1.66,18.0,110,1,83,26
97622,71,162,136,26,1.75,2.77,162,16,50,86
97623,133,1142,966,176,2.29,2.6,1142,20,509,457
97624,536,1653,1419,234,2.18,3.65,1653,17,775,644
97625,15,62,48,14,3.06,,62,4,26,22
97626,55,82,60,22,1.5,,82,0,,60
97627,84,182,133,49,3.01,5.53,182,0,79,54
97630,302,2048,1414,634,2.14,2.36,2048,230,792,622
97632,128,533,347,186,2.71,3.39,533,5,187,160
97633,48,475,334,141,2.54,3.08,475,36,145,189
97634,,135,122,13,3.02,5.08,135,0,94,28
97635,72,75,42,33,2.62,2.03,75,0,12,30
97636,37,186,68,118,2.15,2.36,186,10,14,54
97637,37,62,49,13,1.94,2.23,62,2,1,48
97638,69,170,94,76,2.45,4.37,170,17,25,69
97639,138,21,21,0,2.0,,21,0,,21
97640,64,54,26,28,2.54,2.89,54,4,7,19
97641,181,770,429,341,1.97,1.98,770,0,169,260
97701,963,16711,9513,7198,2.6,2.19,16711,1022,6566,2947
97702,1597,20521,14257,6264,2.52,2.34,20521,917,9430,4827
97703,1968,13316,10024,3292,2.51,2.23,13316,254,6789,3235
97707,4977,3066,2468,598,2.09,2.41,3066,16,1415,1053
97709,,,,0,,,,0,,
97710,49,37,19,18,2.16,1.61,37,0,9,10
97711,27,26,23,3,1.57,1.33,26,2,11,12
97712,16,22,,22,,3.23,22,0,,
97720,331,1784,1176,608,2.52,2.18,1784,81,629,547
97721,31,81,54,27,2.04,2.22,81,0,11,43
97722,22,10,8,2,2.63,4.0,10,0,5,3
97730,354,118,93,25,2.48,2.36,118,0,33,60
97731,60,196,49,147,2.08,2.39,196,0,44,5
97732,25,60,39,21,1.85,1.86,60,0,16,23
97733,964,256,183,73,2.45,1.29,256,26,26,157
97734,866,1188,903,285,3.06,2.95,1188,8,611,292
97735,24,65,26,39,1.62,2.36,65,0,4,22
97736,17,23,8,15,2.25,2.53,23,0,2,6
97737,44,200,168,32,1.46,2.66,200,7,86,82
97738,52,931,754,177,2.57,1.73,931,56,522,232
97739,1077,5377,4242,1135,2.45,2.18,5377,72,2479,1763
97741,265,4345,2602,1743,2.97,2.44,4345,346,1785,817
97750,102,152,92,60,1.95,3.05,152,0,31,61
97751,,31,17,14,1.47,4.07,31,0,17,
97752,34,,,0,,,,0,,
97753,206,1150,947,203,2.42,3.31,1150,0,585,362
97754,782,8711,6293,2418,2.45,2.31,8711,431,4184,2109
97756,969,16570,11474,5096,2.53,2.54,16570,694,8562,2912
97758,74,30,13,17,2.46,2.41,30,8,5,8
97759,2072,3305,2817,488,2.28,2.36,3305,73,1686,1131
97760,327,3166,2896,270,2.46,2.19,3166,18,1954,942
97761,135,908,546,362,4.13,3.12,908,40,278,268
97801,1209,7523,4599,2924,2.83,2.29,7523,435,2733,1866
97810,118,380,287,93,3.24,2.67,380,7,160,127
97812,52,311,222,89,2.36,2.92,311,23,108,114
97813,70,584,445,139,2.48,2.33,584,12,235,210
97814,803,5174,3722,1452,2.25,2.33,5174,296,1943,1779
97817,23,6,6,0,6.83,,6,0,3,3
97818,71,1479,942,537,3.67,2.91,1479,36,462,480
97819,5,17,10,7,1.5,2.0,17,0,,10
97820,64,462,382,80,2.32,1.33,462,1,236,146
97823,148,583,449,134,1.82,2.13,583,43,170,279
97824,27,735,599,136,2.27,2.96,735,11,295,304
97825,39,135,109,26,2.05,1.62,135,10,49,60
97826,82,443,265,178,3.42,2.32,443,12,83,182
97827,191,1057,858,199,2.27,2.79,1057,24,416,442
97828,276,1395,966,429,2.42,1.88,1395,103,470,496
97830,130,316,249,67,2.39,2.0,316,23,136,113
97833,60,289,208,81,2.29,2.57,289,0,78,130
97834,144,526,340,186,2.69,2.26,526,11,167,173
97835,65,168,137,31,2.32,1.97,168,0,83,54
97836,331,877,566,311,2.35,2.31,877,20,237,329
97837,29,52,42,10,1.48,1.4,52,0,6,36
97838,606,9170,6161,3009,2.98,2.91,9170,335,4097,2064
97839,2,125,118,7,2.47,1.71,125,7,65,53
97840,50,48,24,24,3.0,3.42,48,0,24,
97841,15,190,159,31,2.64,4.0,190,0,106,53
97842,86,56,44,12,1.41,1.67,56,0,12,32
97843,23,339,241,98,2.41,2.68,339,0,93,148
97844,136,1254,1057,197,2.83,3.46,1254,27,690,367
97845,102,1139,813,326,2.27,2.05,1139,69,375,438
97846,487,1018,765,253,2.14,1.74,1018,44,366,399
97848,34,87,64,23,3.03,3.61,87,4,37,27
97850,629,6837,4132,2705,2.42,2.37,6837,628,2425,1707
97856,119,216,129,87,1.85,2.23,216,4,36,93
97857,46,229,189,40,2.33,2.45,229,3,85,104
97859,131,89,78,11,3.26,2.09,89,0,36,42
97862,667,4359,2858,1501,2.88,2.82,4359,371,1404,1454
97864,40,150,121,29,1.62,1.66,150,7,4,117
97865,101,532,441,91,2.44,1.67,532,6,235,206
97867,34,402,332,70,2.54,2.91,402,14,173,159
97868,108,660,551,109,2.18,3.49,660,10,344,207
97869,134,415,334,81,1.88,2.64,415,0,172,162
97870,86,294,213,81,2.26,1.94,294,0,73,140
97873,25,108,83,25,1.77,2.36,108,4,29,54
97874,88,159,106,53,2.09,2.66,159,4,44,62
97875,82,1047,820,227,2.57,2.99,1047,43,451,369
97876,40,350,292,58,2.5,4.59,350,14,150,142
97877,374,163,157,6,1.79,,163,5,36,121
97880,142,151,122,29,1.81,1.66,151,16,21,101
97882,188,2112,1481,631,2.69,2.97,2112,73,969,512
97883,174,1007,747,260,2.46,2.13,1007,31,446,301
97884,110,72,59,13,1.73,1.92,72,3,21,38
97885,127,571,444,127,2.45,2.28,571,9,212,232
97886,443,338,256,82,2.57,3.73,338,10,126,130
97901,68,260,189,71,3.14,2.46,260,0,103,86
97902,12,6,5,1,2.6,10.0,6,0,3,2
97903,23,16,16,0,2.56,,16,6,16,
97904,48,120,96,24,1.64,3.58,120,0,38,58
97905,6,63,33,30,2.12,2.03,63,0,,33
97906,26,89,56,33,3.0,3.09,89,5,34,22
97907,119,274,194,80,2.63,2.36,274,13,78,116
97908,21,10,4,6,2.5,1.5,10,3,,4
97909,33,7,,7,,2.29,7,0,,
97910,174,179,90,89,2.5,4.2,179,1,35,55
97911,32,32,21,11,1.57,2.18,32,2,6,15
97913,313,1610,929,681,2.94,3.5,1610,110,389,540
97914,874,5927,3489,2438,2.72,2.62,5927,453,1851,1638
97917,6,14,9,5,3.56,1.8,14,0,9,
97918,258,1602,997,605,3.13,2.55,1602,77,640,357
97920,9,13,6,7,3.0,1.57,13,2,2,4
98001,285,11820,9243,2577,2.98,2.94,11820,322,6450,2793
98002,1014,14012,6379,7633,2.57,2.51,14012,1252,3747,2632
98003,821,18988,8978,10010,2.74,2.53,18988,1590,6182,2796
98004,1864,18125,6837,11288,2.6,1.83,18125,2241,4190,2647
98005,197,8732,4419,4313,2.6,2.32,8732,604,3072,1347
98006,858,13782,10938,2844,2.81,3.0,13782,300,7044,3894
98007,590,11770,4068,7702,2.61,2.3,11770,1364,2373,1695
98008,561,9233,6776,2457,2.68,3.04,9233,469,4419,2357
98010,167,2280,1925,355,2.65,2.45,2280,20,1465,460
98011,852,11133,6616,4517,2.7,2.02,11133,750,4720,1896
98012,821,26731,18054,8677,2.92,2.55,26731,821,14278,3776
98014,125,2842,2593,249,2.75,2.43,2842,31,1840,753
98019,123,3903,3580,323,2.9,2.77,3903,210,2936,644
98020,649,8762,6445,2317,2.21,1.85,8762,251,3731,2714
98021,267,11809,9320,2489,2.95,2.69,11809,193,6740,2580
98022,1152,8697,6716,1981,2.58,2.26,8697,291,4250,2466
98023,1101,17896,11336,6560,2.88,2.89,17896,565,8042,3294
98024,146,1976,1772,204,2.84,2.25,1976,22,1326,446
98025,,,,0,,,,0,,
98026,594,15357,11256,4101,2.6,2.37,15357,478,8048,3208
98027,521,11294,7942,3352,2.55,2.19,11294,511,5761,2181
98028,357,9266,6445,2821,2.63,2.3,9266,595,4679,1766
98029,330,12362,8038,4324,2.6,2.42,12362,239,6036,2002
98030,679,13134,6622,6512,2.97,2.99,13134,763,4896,1726
98031,440,13716,8931,4785,2.85,3.26,13716,758,6361,2570
98032,907,14195,5941,8254,2.67,2.64,14195,1560,4266,1675
98033,1173,16773,10755,6018,2.54,1.94,16773,834,7474,3281
98034,1152,20706,12491,8215,2.59,2.42,20706,1037,9484,3007
98036,832,15091,9194,5897,2.88,2.4,15091,1574,6623,2571
98037,328,10705,6636,4069,2.74,2.55,10705,756,4701,1935
98038,325,12733,10973,1760,2.98,2.77,12733,243,8619,2354
98039,59,1054,859,195,2.77,2.83,1054,46,459,400
98040,807,9758,6607,3151,2.87,2.04,9758,550,4174,2433
98042,638,16602,13869,2733,2.94,2.83,16602,529,10626,3243
98043,411,8616,4849,3767,2.62,2.23,8616,378,3628,1221
98045,240,5704,4633,1071,2.77,2.53,5704,256,3582,1051
98047,93,2293,1098,1195,3.2,2.92,2293,63,794,304
98050,,,,0,,,,0,,
98051,14,1560,1315,245,2.73,2.81,1560,84,968,347
98052,1670,30181,15174,15007,2.74,2.25,30181,2212,10883,4291
98053,298,8458,7191,1267,2.78,2.27,8458,283,4838,2353
98055,435,9351,4835,4516,2.72,2.5,9351,533,3285,1550
98056,668,14449,8130,6319,2.51,2.58,14449,879,5533,2597
98057,512,5951,1483,4468,2.6,1.88,5951,977,1163,320
98058,767,15449,10936,4513,2.76,2.66,15449,795,7495,3441
98059,197,14319,10937,3382,2.94,2.61,14319,446,7552,3385
98065,265,5200,4479,721,3.05,2.75,5200,58,3902,577
98068,498,295,272,23,1.85,1.39,295,0,212,60
98070,872,4579,3800,779,2.44,2.0,4579,201,2465,1335
98072,422,9748,7277,2471,2.75,1.95,9748,463,5178,2099
98074,153,9811,8526,1285,3.14,2.76,9811,81,6764,1762
98075,301,8241,7242,999,3.15,2.87,8241,158,5787,1455
98077,107,4636,4210,426,3.03,2.56,4636,22,3143,1067
98087,664,15403,8009,7394,2.73,2.7,15403,789,6356,1653
98092,519,17170,12492,4678,2.95,2.96,17170,744,9050,3442
98101,1787,10127,1517,8610,1.51,1.37,10127,5513,745,772
98102,866,15755,3885,11870,2.03,1.47,15755,4759,2760,1125
98103,1590,25283,11252,14031,2.34,1.82,25283,2288,8205,3047
98104,1248,8299,865,7434,1.68,1.43,8299,4678,522,343
98105,1972,16760,5614,11146,2.82,2.23,16760,4546,3656,1958
98106,532,11227,6028,5199,2.43,2.37,11227,1339,4794,1234
98107,778,14647,6009,8638,2.06,1.7,14647,1975,4742,1267
98108,544,8367,4661,3706,2.81,2.83,8367,1140,3122,1539
98109,2219,18072,4032,14040,1.78,1.52,18072,5056,2942,1090
98110,606,9824,7885,1939,2.57,2.12,9824,354,4987,2898
98112,545,10938,6832,4106,2.48,1.77,10938,1467,4265,2567
98115,1065,22557,13811,8746,2.55,2.02,22557,1478,9531,4280
98116,1029,12698,7130,5568,2.37,1.81,12698,895,5295,1835
98117,530,14802,10471,4331,2.57,2.14,14802,893,7955,2516
98118,1149,17853,10656,7197,2.69,2.71,17853,1866,8194,2462
98119,1034,13726,5624,8102,2.13,1.54,13726,2885,4159,1465
98121,1618,13659,3610,10049,1.66,1.47,13659,5463,2672,938
98122,2050,21383,6287,15096,2.23,1.67,21383,6756,4769,1518
98125,1152,19336,8852,10484,2.46,2.03,19336,2092,6045,2807
98126,856,9928,6022,3906,2.34,1.97,9928,791,4758,1264
98133,1114,22365,10518,11847,2.51,1.92,22365,2681,7362,3156
98134,44,246,76,170,1.24,1.55,246,71,42,34
98136,475,7829,5019,2810,2.34,1.93,7829,490,3831,1188
98144,675,14195,6809,7386,2.44,1.99,14195,2017,4760,2049
98146,468,10306,6732,3574,2.6,2.8,10306,616,4928,1804
98148,277,4117,1887,2230,2.69,2.64,4117,418,1376,511
98154,,,,0,,,,0,,
98155,428,13790,9846,3944,2.65,2.34,13790,486,7271,2575
98158,,,,0,,,,0,,
98164,50,157,108,49,1.56,1.67,157,41,69,39
98166,593,9131,5873,3258,2.55,2.32,9131,679,3881,1992
98168,714,12220,6800,5420,2.93,2.66,12220,948,4828,1972
98174,,,,0,,,,0,,
98177,99,7994,6734,1260,2.61,2.16,7994,344,4432,2302
98178,587,9531,6346,3185,2.72,2.79,9531,820,4617,1729
98188,715,10873,4850,6023,2.41,2.62,10873,884,2787,2063
98195,,,,0,,,,0,,
98198,822,14376,7698,6678,2.64,2.57,14376,1010,5368,2330
98199,461,10186,6245,3941,2.41,1.97,10186,523,4624,1621
98201,1327,13316,5948,7368,2.41,1.93,13316,1854,4397,1551
98203,744,13876,8927,4949,2.69,2.39,13876,505,6548,2379
98204,1197,16975,6096,10879,2.71,2.37,16975,1392,4298,1798
98207,,,,0,,,,0,,
98208,620,21887,15142,6745,2.76,2.65,21887,1025,10818,4324
98220,,191,191,0,3.03,,191,0,157,34
98221,1930,10075,7131,2944,2.26,2.2,10075,460,4147,2984
98222,263,60,45,15,1.78,1.87,60,5,24,21
98223,1243,16673,13204,3469,2.79,2.4,16673,687,9456,3748
98224,188,102,89,13,1.94,2.31,102,6,54,35
98225,1362,21943,9190,12753,2.22,2.0,21943,3089,5462,3728
98226,968,18890,11679,7211,2.46,2.27,18890,900,7505,4174
98229,759,13483,9422,4061,2.54,2.49,13483,486,6106,3316
98230,1502,7902,5992,1910,2.33,2.31,7902,281,4095,1897
98232,182,1590,1379,211,2.5,2.77,1590,24,870,509
98233,487,6532,4145,2387,2.62,2.36,6532,247,2853,1292
98235,13,144,73,71,2.33,2.79,144,9,59,14
98236,855,2478,1963,515,2.45,2.66,2478,68,1191,772
98237,398,1778,1392,386,2.53,2.48,1778,49,963,429
98238,,45,,45,,,45,0,,
98239,582,3368,2829,539,2.18,2.02,3368,96,1698,1131
98240,76,1199,1055,144,2.77,2.78,1199,11,809,246
98241,204,849,567,282,2.47,1.57,849,81,363,204
98243,219,145,86,59,1.88,1.69,145,8,56,30
98244,784,1294,1030,264,2.53,2.41,1294,10,740,290
98245,757,1978,1514,464,2.11,1.97,1978,33,856,658
98247,156,2948,1999,949,2.67,2.87,2948,279,1268,731
98248,838,9069,6867,2202,2.93,2.8,9069,410,4785,2082
98249,1178,2051,1735,316,2.09,1.84,2051,116,1081,654
98250,1770,3946,2985,961,2.17,2.04,3946,182,1667,1318
98251,327,1929,1631,298,2.46,2.28,1929,57,1220,411
98252,502,3879,2897,982,2.77,2.26,3879,279,2257,640
98253,514,1192,1150,42,1.93,1.43,1192,0,556,594
98255,,127,118,9,2.04,2.33,127,0,78,40
98256,248,137,113,24,2.59,1.46,137,5,50,63
98257,355,2107,1605,502,2.1,2.28,2107,142,806,799
98258,606,17359,13789,3570,2.92,3.09,17359,524,11165,2624
98260,573,2784,2212,572,2.24,1.78,2784,140,1218,994
98261,983,1454,1110,344,2.12,1.99,1454,49,471,639
98262,464,486,416,70,1.81,1.9,486,20,237,179
98263,8,69,62,7,2.95,1.86,69,0,60,2
98264,219,7946,5013,2933,2.96,2.38,7946,396,3491,1522
98266,228,1497,1024,473,2.67,3.47,1497,49,659,365
98267,196,133,81,52,1.64,2.25,133,33,39,42
98270,444,18949,13259,5690,2.75,2.81,18949,796,10128,3131
98271,887,10858,8294,2564,2.62,2.85,10858,338,6040,2254
98272,414,9667,7616,2051,2.86,3.1,9667,241,6122,1494
98273,472,11556,7265,4291,2.62,2.63,11556,563,4427,2838
98274,573,6850,5338,1512,2.59,2.68,6850,185,3438,1900
98275,248,8304,5837,2467,2.65,2.39,8304,158,4134,1703
98276,42,517,430,87,2.67,2.86,517,17,310,120
98277,1557,15943,9194,6749,2.52,2.5,15943,506,6158,3036
98278,,,,0,,,,0,,
98279,415,364,243,121,1.94,1.8,364,11,155,88
98280,281,199,169,30,2.09,1.37,199,0,78,91
98281,1385,636,541,95,1.9,1.93,636,20,269,272
98282,1422,7286,6600,686,2.37,2.32,7286,148,4270,2330
98283,,179,179,0,2.72,,179,0,83,96
98284,710,10158,7424,2734,2.68,2.41,10158,299,5002,2422
98286,165,87,73,14,1.95,2.93,87,3,20,53
98288,252,91,58,33,1.93,3.88,91,5,49,9
98290,777,14045,11307,2738,2.79,2.46,14045,242,8057,3250
98292,852,8700,7084,1616,2.78,2.63,8700,335,5038,2046
98294,126,2556,2017,539,2.78,2.47,2556,63,1335,682
98295,61,1020,647,373,2.83,2.93,1020,28,419,228
98296,227,9172,8223,949,2.92,3.21,9172,106,6431,1792
98297,126,42,38,4,1.39,1.5,42,14,,38
98303,287,811,772,39,1.91,2.26,811,10,575,197
98304,417,440,363,77,2.5,2.7,440,11,196,167
98305,8,141,129,12,2.22,,141,15,63,66
98310,656,9048,4629,4419,2.48,2.25,9048,809,3270,1359
98311,461,10021,7240,2781,2.78,2.48,10021,281,4905,2335
98312,1019,12812,7978,4834,2.51,2.37,12812,697,5588,2390
98314,,28,,28,,3.61,28,0,,
98315,85,1074,11,1063,3.09,3.56,1074,10,11,
98320,659,678,582,96,2.09,2.48,678,13,272,310
98321,272,6056,5223,833,2.78,2.35,6056,124,3640,1583
98323,5,242,218,24,2.69,2.42,242,14,150,68
98325,161,712,674,38,2.34,3.66,712,91,361,313
98326,84,369,232,137,2.86,1.96,369,13,79,153
98327,237,4108,2272,1836,2.51,2.32,4108,261,1734,538
98328,388,3710,3147,563,2.91,2.36,3710,149,2497,650
98329,370,4087,3683,404,2.66,3.29,4087,56,2795,888
98330,80,11,11,0,2.0,,11,0,11,
98331,418,2176,1397,779,2.37,2.63,2176,135,580,817
98332,272,7198,5955,1243,2.7,2.02,7198,170,3969,1986
98333,148,1371,1279,92,2.6,2.33,1371,13,851,428
98335,551,10785,8312,2473,2.7,2.18,10785,275,5908,2404
98336,,257,206,51,2.94,1.73,257,0,129,77
98337,328,3530,1669,1861,1.98,2.0,3530,415,1214,455
98338,449,10802,9167,1635,2.97,2.88,10802,345,6542,2625
98339,172,1426,1104,322,2.18,2.64,1426,92,606,498
98340,323,1545,1358,187,1.94,2.03,1545,125,799,559
98342,170,611,515,96,2.13,2.45,611,8,267,248
98345,54,162,57,105,1.72,1.64,162,0,24,33
98346,429,3865,3095,770,2.41,2.5,3865,98,1799,1296
98349,772,2084,1830,254,2.58,2.15,2084,27,1256,574
98350,15,92,55,37,2.91,4.68,92,12,8,47
98351,272,596,485,111,2.44,1.74,596,13,366,119
98353,,17,,17,,,17,0,,
98354,166,3212,1829,1383,2.81,2.19,3212,187,1319,510
98355,143,297,221,76,2.57,2.96,297,22,105,116
98356,150,911,686,225,2.62,2.2,911,27,373,313
98357,74,517,370,147,3.25,2.17,517,22,40,330
98358,189,439,324,115,2.15,1.97,439,0,94,230
98359,53,1868,1530,338,2.71,2.43,1868,25,976,554
98360,214,5045,4281,764,2.88,2.82,5045,79,3451,830
98361,1126,316,267,49,1.57,,316,0,135,132
98362,1008,10731,7012,3719,2.36,2.06,10731,931,4082,2930
98363,1002,5961,4479,1482,2.31,2.51,5961,203,2727,1752
98364,,20,,20,,3.35,20,0,,
98365,574,2432,2155,277,2.01,1.58,2432,32,1115,1040
98366,900,14047,9157,4890,2.67,2.31,14047,856,6702,2455
98367,730,11448,9828,1620,2.67,2.65,11448,132,7525,2303
98368,1118,8363,6100,2263,2.03,1.83,8363,464,2986,3114
98370,900,12893,9840,3053,2.62,2.34,12893,442,6883,2957
98371,418,8840,6175,2665,2.67,2.27,8840,277,3866,2309
98372,201,10544,5688,4856,2.8,2.2,10544,519,4170,1518
98373,401,10504,5986,4518,2.95,2.56,10504,216,4440,1546
98374,665,14501,10374,4127,2.94,2.98,14501,557,7589,2785
98375,496,10017,7608,2409,3.15,3.3,10017,214,6003,1605
98376,445,891,786,105,2.24,2.64,891,24,329,457
98377,294,965,742,223,2.19,1.92,965,47,211,531
98380,410,1935,1733,202,3.0,2.74,1935,6,1151,582
98381,89,96,67,29,2.6,2.1,96,0,26,41
98382,1492,14109,10928,3181,2.13,2.14,14109,683,5172,5756
98383,514,8798,4932,3866,2.83,2.18,8798,335,3602,1330
98385,12,191,187,4,2.45,,191,0,148,39
98387,567,16364,12249,4115,3.17,3.18,16364,508,9362,2887
98388,109,2712,1735,977,2.49,2.41,2712,5,1189,546
98390,141,4575,2536,2039,2.48,2.51,4575,220,1768,768
98391,731,19173,16527,2646,2.9,2.89,19173,287,12783,3744
98392,103,1370,1016,354,2.34,2.42,1370,37,622,394
98394,181,418,350,68,2.89,2.54,418,0,312,38
98396,,244,186,58,2.5,2.67,244,0,155,31
98402,501,3897,866,3031,1.71,1.39,3897,890,557,309
98403,273,4292,1728,2564,2.56,1.5,4292,486,1290,438
98404,494,12254,7739,4515,2.91,2.78,12254,886,5690,2049
98405,891,10106,5134,4972,2.59,2.02,10106,1267,4141,993
98406,430,9918,6385,3533,2.5,1.75,9918,613,4625,1760
98407,667,9559,6262,3297,2.36,1.84,9559,623,4511,1751
98408,360,8121,5222,2899,2.92,2.24,8121,587,3889,1333
98409,393,11351,4653,6698,2.77,2.27,11351,984,3525,1128
98416,,,,0,,,,0,,
98418,175,4055,2716,1339,2.46,2.26,4055,137,2254,462
98421,,12,,12,,,12,0,,
98422,269,7903,6139,1764,2.7,3.05,7903,114,4526,1613
98424,185,4395,2048,2347,3.0,2.47,4395,132,1460,588
98430,,,,0,,,,0,,
98433,486,4268,35,4233,2.54,3.3,4268,153,,35
98438,,12,,12,,1.5,12,0,,
98439,284,2128,127,2001,3.33,2.83,2128,200,16,111
98443,91,2155,1826,329,2.59,2.84,2155,52,1192,634
98444,939,12964,5860,7104,2.73,2.65,12964,1030,3798,2062
98445,553,11689,8481,3208,2.8,2.63,11689,556,6222,2259
98446,324,4489,3348,1141,2.74,3.39,4489,51,2531,817
98447,,,,0,,,,0,,
98465,152,3498,1795,1703,2.23,1.79,3498,460,1073,722
98466,698,11868,6328,5540,2.75,2.22,11868,579,4348,1980
98467,378,6147,3677,2470,2.59,2.34,6147,303,2574,1103
98498,956,11362,6710,4652,2.59,2.31,11362,590,4082,2628
98499,949,13635,4829,8806,2.75,2.28,13635,1320,2788,2041
98501,825,18315,10722,7593,2.71,2.21,18315,843,7469,3253
98502,782,14483,8255,6228,2.59,2.22,14483,843,5724,2531
98503,560,17195,9687,7508,2.48,2.27,17195,1234,6151,3536
98505,,,,0,,,,0,,
98506,396,8561,5853,2708,2.25,1.77,8561,549,3711,2142
98512,484,12356,8362,3994,2.49,2.33,12356,598,5592,2770
98513,805,13284,10020,3264,2.6,3.06,13284,326,7151,2869
98516,282,10502,7552,2950,2.55,2.38,10502,606,5046,2506
98520,932,8304,4939,3365,2.68,2.55,8304,829,2855,2084
98524,460,1691,1517,174,2.62,1.93,1691,28,1117,400
98526,100,76,47,29,2.96,2.31,76,3,11,36
98527,130,131,125,6,1.85,,131,19,40,85
98528,789,4856,3691,1165,2.7,2.37,4856,201,2384,1307
98530,30,183,132,51,2.85,3.43,183,4,80,52
98531,456,10499,6404,4095,2.45,2.54,10499,657,3737,2667
98532,684,9578,7126,2452,2.76,2.36,9578,595,4370,2756
98533,17,255,156,99,2.06,2.04,255,10,65,91
98535,99,314,271,43,1.69,3.23,314,50,126,145
98536,,,,0,,,,0,,
98537,112,966,764,202,2.91,2.28,966,12,432,332
98538,32,164,120,44,2.23,3.39,164,6,44,76
98539,,65,50,15,2.2,1.73,65,0,38,12
98541,769,4076,2913,1163,2.63,2.27,4076,110,1588,1325
98542,,210,160,50,3.32,2.76,210,0,97,63
98544,23,16,16,0,3.44,,16,0,10,6
98546,880,1326,1172,154,2.01,3.68,1326,4,795,377
98547,690,692,509,183,1.77,2.27,692,0,211,298
98548,1094,1125,1003,122,1.93,2.02,1125,0,709,294
98550,500,4893,3196,1697,2.53,2.08,4893,357,1610,1586
98552,8,85,74,11,2.72,3.55,85,1,39,35
98555,755,267,230,37,1.36,,267,0,72,158
98556,,,,0,,,,0,,
98557,172,1357,1113,244,2.78,2.27,1357,71,777,336
98558,,,,0,,,,0,,
98559,,,,0,,,,0,,
98560,19,45,45,0,2.18,,45,0,32,13
98562,162,43,,43,,,43,0,,
98563,329,3082,2410,672,2.52,2.13,3082,77,1460,950
98564,258,1130,953,177,2.2,3.32,1130,33,408,545
98565,8,93,53,40,3.47,2.98,93,0,42,11
98566,10,108,104,4,2.87,,108,0,17,87
98568,84,1102,856,246,2.33,2.25,1102,71,532,324
98569,1927,3619,2873,746,1.86,1.97,3619,196,1766,1107
98570,263,1691,1296,395,2.68,3.03,1691,22,798,498
98571,315,77,,77,,,77,0,,
98572,36,338,247,91,2.46,3.04,338,0,164,83
98575,112,47,42,5,2.33,2.8,47,0,4,38
98576,176,1848,1642,206,2.86,2.84,1848,34,1144,498
98577,306,2813,2385,428,2.45,2.93,2813,241,1089,1296
98579,202,5010,4164,846,2.72,2.48,5010,105,2784,1380
98580,404,4267,3559,708,2.63,2.82,4267,94,2585,974
98581,,246,246,0,1.63,,246,0,184,62
98582,68,78,78,0,2.27,,78,0,34,44
98583,,42,23,19,2.57,3.21,42,0,3,20
98584,2723,13675,10196,3479,2.66,2.77,13675,766,6692,3504
98585,25,325,251,74,1.95,1.62,325,0,138,113
98586,175,707,426,281,2.79,2.15,707,77,255,171
98587,47,287,216,71,2.91,2.48,287,21,38,178
98588,624,716,682,34,2.13,,716,0,398,284
98589,223,2922,2291,631,2.68,2.45,2922,64,1830,461
98590,111,242,216,26,1.92,4.5,242,2,148,68
98591,83,1551,1349,202,2.36,1.94,1551,32,760,589
98592,394,690,654,36,2.13,4.17,690,0,325,329
98593,35,475,410,65,2.54,3.18,475,27,298,112
98595,907,1189,836,353,2.48,1.74,1189,48,497,339
98596,158,2525,2005,520,3.04,3.34,2525,98,1351,654
98597,692,9342,7444,1898,2.72,3.15,9342,256,5779,1665
98601,166,1070,863,207,3.13,2.61,1070,92,514,349
98602,43,82,82,0,1.54,,82,38,24,58
98603,238,532,395,137,2.51,2.31,532,29,323,72
98604,499,12706,10154,2552,2.99,2.53,12706,296,7363,2791
98605,61,503,324,179,2.55,2.13,503,14,158,166
98606,85,3399,3140,259,2.76,3.13,3399,108,1663,1477
98607,536,11902,9290,2612,3.01,2.54,11902,286,6471,2819
98609,,,,0,,,,0,,
98610,215,1154,897,257,2.42,2.88,1154,23,569,328
98611,178,3309,2674,635,2.77,3.2,3309,130,1691,983
98612,131,1346,1188,158,2.42,1.87,1346,58,414,774
98613,22,200,169,31,2.57,4.06,200,0,96,73
98614,134,200,200,0,1.82,,200,0,50,150
98616,378,56,56,0,2.09,,56,7,43,13
98617,12,459,268,191,2.22,2.64,459,36,104,164
98619,31,257,200,57,2.33,2.51,257,4,80,120
98620,307,3360,2209,1151,2.34,2.11,3360,152,1079,1130
98621,,104,101,3,2.14,4.0,104,0,30,71
98623,,22,22,0,1.91,,22,0,,22
98624,222,580,413,167,3.41,3.3,580,7,226,187
98625,222,2725,2003,722,2.48,1.97,2725,97,1445,558
98626,441,10199,7007,3192,2.7,2.39,10199,409,4544,2463
98628,42,126,85,41,2.59,2.1,126,12,35,50
98629,354,2929,2515,414,2.94,3.55,2929,44,1769,746
98631,1725,1564,1172,392,2.21,2.19,1564,127,599,573
98632,1000,20667,12053,8614,2.54,2.25,20667,1957,7437,4616
98635,211,772,595,177,2.53,2.02,772,48,207,388
98638,97,631,529,102,2.38,2.01,631,33,212,317
98639,42,445,305,140,3.08,1.7,445,13,235,70
98640,2606,2359,2171,188,1.94,2.55,2359,112,1222,949
98641,66,68,68,0,1.68,,68,11,39,29
98642,490,8069,6586,1483,2.77,3.16,8069,231,4478,2108
98643,109,147,137,10,2.72,4.1,147,0,54,83
98644,283,385,339,46,1.61,1.8,385,44,116,223
98645,26,812,767,45,2.69,1.71,812,23,350,417
98647,25,142,134,8,1.66,1.63,142,0,15,119
98648,193,1282,970,312,2.65,2.13,1282,80,549,421
98649,106,281,238,43,2.66,2.16,281,0,170,68
98650,162,485,436,49,2.28,2.8,485,16,114,322
98651,43,460,389,71,2.37,1.62,460,10,165,224
98660,420,5849,2600,3249,2.37,1.78,5849,1083,1929,671
98661,836,20398,8889,11509,2.37,2.46,20398,1336,6383,2506
98662,636,13308,8316,4992,2.79,2.63,13308,973,6157,2159
98663,314,6251,3745,2506,2.41,2.4,6251,443,2639,1106
98664,338,9053,5711,3342,2.39,2.75,9053,253,3705,2006
98665,354,10962,6520,4442,2.6,2.3,10962,518,4261,2259
98670,7,25,25,0,1.92,,25,4,2,23
98671,444,8598,6917,1681,2.84,2.47,8598,273,5129,1788
98672,296,2815,2205,610,2.38,2.8,2815,120,1234,971
98673,20,185,117,68,2.28,3.26,185,24,63,54
98674,317,5195,3689,1506,3.2,2.31,5195,281,2693,996
98675,192,2106,1883,223,3.07,3.09,2106,49,1320,563
98682,335,22605,15809,6796,2.95,2.84,22605,683,11923,3886
98683,629,13332,7524,5808,2.44,2.29,13332,852,4875,2649
98684,462,12451,6909,5542,2.71,2.8,12451,254,4836,2073
98685,288,11530,9506,2024,2.64,2.47,11530,229,6951,2555
98686,434,7541,5644,1897,2.7,2.76,7541,365,4120,1524
98801,1007,16710,9671,7039,2.73,2.52,16710,1052,6236,3435
98802,834,11389,7929,3460,2.83,2.58,11389,642,4899,3030
98811,,45,16,29,2.06,3.0,45,0,,16
98812,294,1672,877,795,2.87,3.27,1672,38,464,413
98813,81,807,454,353,3.44,3.07,807,11,164,290
98814,82,338,245,93,1.93,2.34,338,0,138,107
98815,220,2648,1924,724,2.87,2.47,2648,82,1236,688
98816,2355,2437,1521,916,2.36,2.76,2437,79,669,852
98817,,63,51,12,2.14,1.83,63,0,35,16
98819,119,100,65,35,1.74,2.2,100,6,25,40
98821,,377,192,185,3.39,2.59,377,0,,192
98822,176,682,537,145,2.39,3.72,682,8,313,224
98823,345,4529,3035,1494,2.7,2.76,4529,52,1998,1037
98824,5,46,34,12,3.41,3.75,46,0,17,17
98826,2545,3266,2373,893,2.41,1.89,3266,222,1223,1150
98827,46,150,34,116,1.74,2.41,150,0,6,28
98828,73,760,652,108,2.37,3.7,760,9,485,167
98829,29,242,178,64,2.02,3.83,242,21,45,133
98830,32,246,161,85,2.2,1.51,246,23,80,81
98831,957,1355,855,500,2.71,2.64,1355,11,416,439
98832,5,62,50,12,2.68,1.75,62,0,17,33
98833,267,73,49,24,1.76,2.5,73,0,25,24
98834,19,110,107,3,2.57,,110,10,57,50
98836,,258,159,99,2.4,3.83,258,0,86,73
98837,1380,16166,10085,6081,2.93,2.57,16166,896,6597,3488
98840,338,1890,1162,728,2.26,2.78,1890,61,630,532
98841,532,3416,2419,997,2.58,2.78,3416,146,1205,1214
98843,698,789,444,345,2.16,2.79,789,70,298,146
98844,1080,2110,1677,433,2.2,2.35,2110,67,838,839
98845,11,104,73,31,2.27,3.35,104,4,45,28
98846,141,418,332,86,3.06,2.7,418,13,163,169
98847,158,886,657,229,3.3,2.62,886,0,365,292
98848,1496,3557,2402,1155,3.55,3.67,3557,127,1260,1142
98849,91,525,310,215,1.77,2.79,525,10,84,226
98850,33,594,419,175,3.12,3.43,594,7,258,161
98851,397,1743,1252,491,2.77,3.49,1743,90,717,535
98852,160,10,8,2,2.25,,10,0,,8
98853,20,59,59,0,1.97,,59,0,59,
98855,847,2347,1676,671,2.33,2.4,2347,141,627,1049
98856,288,1057,671,386,2.54,2.3,1057,41,336,335
98857,116,1203,841,362,2.9,2.73,1203,51,529,312
98858,122,765,521,244,2.44,1.9,765,19,335,186
98859,48,37,37,0,2.11,,37,0,6,31
98860,30,127,107,20,1.97,2.3,127,2,38,69
98862,898,1241,913,328,2.09,1.91,1241,5,400,513
98901,840,10890,5644,5246,2.97,2.58,10890,817,3402,2242
98902,855,16394,8450,7944,2.85,2.65,16394,1539,5393,3057
98903,307,6046,4552,1494,2.76,3.25,6046,280,2402,2150
98908,624,14662,10254,4408,2.7,2.54,14662,447,6161,4093
98921,47,,,0,,,,0,,
98922,1997,3209,2509,700,2.3,1.98,3209,49,1409,1100
98923,34,410,121,289,2.73,1.49,410,54,56,65
98925,463,267,228,39,2.01,2.26,267,4,87,141
98926,1077,13441,7197,6244,2.46,1.99,13441,560,4546,2651
98930,346,4484,2488,1996,3.44,3.18,4484,62,1227,1261
98932,25,1362,688,674,4.13,3.37,1362,128,395,293
98933,11,398,274,124,2.91,3.16,398,8,141,133
98934,,518,331,187,1.95,2.14,518,29,217,114
98935,59,1126,743,383,3.76,4.03,1126,29,497,246
98936,199,2160,1916,244,3.43,4.12,2160,3,1300,616
98937,752,1855,1274,581,2.46,2.26,1855,83,821,453
98938,,761,525,236,2.73,4.11,761,0,246,279
98939,,31,31,0,3.39,,31,0,,31
98940,547,228,185,43,2.01,1.7,228,0,96,89
98941,260,332,202,130,2.34,1.77,332,2,137,65
98942,460,7017,4969,2048,2.57,2.44,7017,160,3510,1459
98943,3,360,260,100,2.25,2.06,360,0,181,79
98944,319,6578,4129,2449,3.72,3.92,6578,296,2211,1918
98946,2,143,100,43,2.18,2.14,143,5,51,49
98947,14,905,553,352,3.12,4.11,905,18,324,229
98948,124,3610,2182,1428,3.73,3.28,3610,211,1235,947
98950,33,,,0,,,,0,,
98951,292,3604,1938,1666,3.57,3.61,3604,222,906,1032
98952,69,529,345,184,3.59,3.79,529,36,73,272
98953,118,2184,1637,547,3.1,2.84,2184,37,920,717
99001,72,2035,990,1045,2.73,2.65,2035,152,728,262
99003,282,1691,1507,184,2.37,2.95,1691,50,958,549
99004,686,8272,4746,3526,2.63,2.23,8272,592,3085,1661
99005,36,3686,3241,445,3.01,3.11,3686,125,2337,904
99006,216,5100,4341,759,2.74,2.28,5100,145,2633,1708
99008,,164,93,71,2.19,2.77,164,0,39,54
99009,152,1668,1492,176,2.66,3.96,1668,65,938,554
99011,54,814,6,808,2.83,3.25,814,0,6,
99012,68,332,241,91,3.45,2.24,332,5,152,89
99013,65,512,254,258,2.67,2.94,512,29,126,128
99014,,31,31,0,,,31,31,31,
99016,201,7122,5653,1469,2.58,2.22,7122,129,4000,1653
99017,6,94,88,6,1.77,1.83,94,0,20,68
99018,42,117,91,26,2.46,2.04,117,0,61,30
99019,449,4375,2881,1494,2.85,2.7,4375,53,1971,910
99020,,,,0,,,,0,,
99021,383,3533,3236,297,2.84,3.2,3533,33,1629,1607
99022,167,3064,2512,552,2.79,2.33,3064,121,1869,643
99023,,277,277,0,3.19,,277,6,193,84
99025,297,2090,1960,130,2.89,1.76,2090,46,1195,765
99026,194,3166,3029,137,2.7,2.17,3166,25,1880,1149
99027,100,2399,2247,152,2.41,2.74,2399,38,1224,1023
99029,80,545,433,112,2.17,2.67,545,14,287,146
99030,63,306,273,33,2.16,1.3,306,6,175,98
99031,13,485,399,86,2.64,2.72,485,2,275,124
99032,52,317,264,53,2.57,2.77,317,7,91,173
99033,55,366,259,107,2.37,2.02,366,0,183,76
99034,85,121,56,65,2.93,,121,0,40,16
99036,62,631,535,96,2.5,2.13,631,14,355,180
99037,110,5648,3762,1886,2.86,2.58,5648,184,2486,1276
99039,,65,49,16,2.88,2.5,65,0,38,11
99040,39,335,255,80,2.5,1.75,335,26,56,199
99101,116,611,534,77,2.65,2.55,611,11,290,244
99102,36,267,152,115,2.04,2.35,267,2,70,82
99103,53,200,155,45,2.81,2.38,200,1,59,96
99105,3,13,10,3,1.6,3.67,13,0,,10
99109,413,2073,1613,460,2.28,2.14,2073,132,797,816
99110,,659,435,224,2.85,1.85,659,32,338,97
99111,200,1594,1103,491,2.9,1.57,1594,126,648,455
99113,26,231,200,31,2.55,1.61,231,2,95,105
99114,894,5009,3675,1334,2.57,2.64,5009,353,2002,1673
99115,451,510,392,118,2.17,3.47,510,36,210,182
99116,80,721,523,198,2.41,2.13,721,34,291,232
99117,40,200,166,34,2.64,2.26,200,0,93,73
99118,133,349,257,92,2.1,1.82,349,19,99,158
99119,599,696,607,89,2.19,1.78,696,13,251,356
99121,50,88,67,21,3.07,3.14,88,0,12,55
99122,612,1615,1323,292,2.7,2.28,1615,25,697,626
99123,103,449,381,68,2.23,2.65,449,0,157,224
99124,11,117,93,24,2.31,1.79,117,0,35,58
99125,47,247,165,82,2.42,2.98,247,2,63,102
99126,87,271,253,18,2.71,4.44,271,0,71,182
99128,32,128,107,21,2.17,2.81,128,0,63,44
99129,121,294,178,116,2.26,1.91,294,31,42,136
99130,55,309,237,72,2.57,2.51,309,18,158,79
99131,47,80,45,35,2.16,,80,10,25,20
99133,197,720,451,269,1.78,2.28,720,26,163,288
99134,53,253,186,67,2.34,2.03,253,0,88,98
99135,11,167,146,21,2.55,1.62,167,8,22,124
99136,11,11,11,0,1.91,,11,0,9,2
99137,61,194,122,72,2.11,2.17,194,21,47,75
99138,255,406,243,163,2.92,2.71,406,21,93,150
99139,261,351,273,78,2.48,1.67,351,15,128,145
99140,55,220,164,56,2.28,2.14,220,34,40,124
99141,362,2512,1796,716,2.23,2.63,2512,81,1050,746
99143,107,346,303,43,1.83,2.0,346,13,79,224
99144,3,9,9,0,1.67,,9,0,6,3
99146,19,27,27,0,1.56,,27,4,11,16
99147,55,84,84,0,1.92,,84,6,42,42
99148,926,1012,952,60,2.22,3.37,1012,10,560,392
99149,18,72,64,8,2.8,2.25,72,0,35,29
99150,27,111,111,0,2.31,,111,0,29,82
99151,8,76,64,12,2.0,2.5,76,4,13,51
99152,26,70,60,10,2.27,1.2,70,0,27,33
99153,140,253,143,110,1.8,1.45,253,30,78,65
99154,,12,12,0,3.42,,12,0,6,6
99155,47,415,246,169,3.35,2.34,415,46,92,154
99156,1048,3739,2862,877,2.3,2.54,3739,174,1573,1289
99157,91,325,232,93,1.99,1.81,325,21,87,145
99158,42,225,169,56,2.48,2.86,225,5,62,107
99159,146,587,450,137,2.38,1.51,587,25,186,264
99160,9,48,42,6,1.5,4.17,48,4,25,17
99161,73,606,524,82,2.37,1.49,606,9,339,185
99163,1788,12449,3833,8616,2.79,2.01,12449,1616,2445,1388
99166,499,1225,859,366,2.43,2.1,1225,110,397,462
99167,66,333,311,22,2.12,3.32,333,0,145,166
99169,162,1108,801,307,2.42,2.03,1108,95,359,442
99170,97,393,312,81,2.5,2.48,393,27,178,134
99171,93,402,286,116,2.52,1.91,402,14,139,147
99173,149,582,475,107,2.47,4.33,582,25,237,238
99174,5,17,10,7,1.9,2.0,17,0,3,7
99176,29,96,79,17,2.14,2.24,96,0,39,40
99179,20,184,119,65,2.99,2.22,184,0,87,32
99180,213,314,241,73,2.56,2.38,314,0,51,190
99181,279,927,784,143,2.21,2.87,927,12,384,400
99185,232,534,409,125,2.37,1.98,534,11,243,166
99201,954,7643,2089,5554,1.79,1.61,7643,2457,1211,878
99202,712,7623,3479,4144,2.55,2.05,7623,1167,2470,1009
99203,379,9138,7026,2112,2.47,1.89,9138,652,4633,2393
99204,486,3928,1239,2689,2.05,1.73,3928,319,719,520
99205,847,17730,12052,5678,2.37,2.63,17730,962,8668,3384
99206,680,16578,10278,6300,2.59,2.4,16578,936,6628,3650
99207,624,12814,6749,6065,2.51,2.55,12814,1121,5034,1715
99208,899,22536,14593,7943,2.71,2.21,22536,1504,9780,4813
99212,562,8507,5839,2668,2.4,2.37,8507,644,3517,2322
99216,1042,11536,5255,6281,2.61,2.17,11536,1179,3697,1558
99217,150,7519,5030,2489,2.58,2.47,7519,275,3459,1571
99218,249,5889,2981,2908,2.77,2.24,5889,620,1713,1268
99223,784,14353,9401,4952,2.61,1.88,14353,1277,6499,2902
99224,475,9760,6519,3241,2.5,2.18,9760,453,3972,2547
99251,,,,0,,,,0,,
99258,,,,0,,,,0,,
99301,1276,25147,17618,7529,3.33,3.3,25147,1076,12611,5007
99320,232,3445,2918,527,2.84,2.8,3445,107,1897,1021
99321,100,118,42,76,3.5,7.75,118,0,42,
99322,7,214,196,18,1.73,2.28,214,4,137,59
99323,31,1339,1147,192,2.91,6.01,1339,22,709,438
99324,255,3591,2251,1340,2.82,2.04,3591,101,1418,833
99326,112,1300,859,441,2.96,4.26,1300,21,457,402
99328,263,1673,1234,439,2.12,2.1,1673,80,661,573
99329,7,68,50,18,2.6,2.5,68,10,32,18
99330,,275,235,40,4.7,1.95,275,0,142,93
99333,11,32,25,7,2.76,1.71,32,0,14,11
99335,35,56,46,10,3.09,2.2,56,0,20,26
99336,1533,19474,9856,9618,2.8,2.4,19474,1589,6366,3490
99337,503,11034,9618,1416,2.89,3.12,11034,186,5851,3767
99338,316,5857,5002,855,3.06,2.31,5857,161,3581,1421
99341,80,238,177,61,2.8,2.34,238,14,96,81
99343,43,690,454,236,3.28,4.9,690,0,129,325
99344,453,5338,3175,2163,3.4,3.82,5338,303,1440,1735
99345,3,67,39,28,2.05,2.14,67,0,27,12
99346,,132,111,21,2.52,2.71,132,0,50,61
99347,264,1039,789,250,2.28,2.2,1039,24,404,385
99348,150,520,168,352,2.4,3.42,520,5,77,91
99349,335,2148,1167,981,3.15,4.26,2148,169,795,372
99350,294,4834,3007,1827,2.83,3.06,4834,362,1716,1291
99352,818,13688,9390,4298,2.75,2.06,13688,559,6043,3347
99353,302,5615,4672,943,3.16,3.07,5615,93,3274,1398
99354,580,9836,5911,3925,2.59,2.53,9836,474,3378,2533
99356,27,80,39,41,2.92,3.37,80,5,14,25
99357,293,1033,532,501,3.9,3.86,1033,10,266,266
99359,20,87,54,33,1.67,2.09,87,4,12,42
99360,27,491,343,148,2.83,3.3,491,5,240,103
99361,114,723,500,223,2.38,2.2,723,25,267,233
99362,1464,16124,10388,5736,2.59,2.05,16124,1374,5692,4696
99363,21,32,25,7,1.56,,32,0,25,
99371,119,125,79,46,2.68,2.22,125,0,17,62
99401,77,155,155,0,2.49,,155,9,56,99
99402,172,601,486,115,2.45,2.26,601,33,271,215
99403,503,8555,6044,2511,2.32,2.51,8555,211,3276,2768
99501,1343,7348,2742,4606,2.14,1.97,7348,1070,1635,1107
99502,752,9077,6712,2365,2.9,2.82,9077,304,5223,1489
99503,1354,5854,1892,3962,2.27,1.98,5854,572,1144,748
99504,1543,15580,10542,5038,2.65,2.49,15580,980,7309,3233
99505,54,1006,,1006,,4.32,1006,0,,
99506,107,2019,,2019,,3.16,2019,145,,
99507,1250,13213,9208,4005,2.89,2.28,13213,534,6515,2693
99508,1316,12970,6425,6545,3.02,2.93,12970,1342,4072,2353
99513,,,,0,,,,0,,
99515,451,7494,5858,1636,2.94,2.58,7494,199,4002,1856
99516,200,7327,6565,762,2.92,2.86,7327,49,4345,2220
99517,1013,6610,3971,2639,2.49,2.29,6610,325,2662,1309
99518,443,4172,2491,1681,2.32,2.6,4172,184,1851,640
99519,,,,0,,,,0,,
99530,,,,0,,,,0,,
99540,24,195,136,59,2.03,1.19,195,0,34,102
99546,243,68,14,54,1.86,3.04,68,17,,14
99547,11,8,8,0,4.75,,8,4,3,5
99548,29,17,12,5,1.42,4.6,17,5,,12
99549,29,24,19,5,2.26,4.4,24,6,10,9
99550,54,70,68,2,1.84,1.5,70,6,17,51
99551,21,104,74,30,4.32,4.97,104,65,7,67
99552,12,51,41,10,5.66,6.1,51,27,11,30
99553,6,57,35,22,3.03,5.59,57,51,4,31
99554,22,238,165,73,4.7,3.97,238,220,55,110
99555,74,41,31,10,2.45,4.9,41,15,,31
99556,641,1189,1026,163,2.31,2.52,1189,28,410,616
99557,257,211,135,76,2.83,3.32,211,101,40,95
99558,20,32,23,9,2.78,3.22,32,23,,23
99559,580,2268,976,1292,3.87,2.73,2268,838,552,424
99561,7,67,57,10,5.6,5.6,67,59,7,50
99563,73,134,112,22,4.63,4.41,134,134,14,98
99564,65,18,13,5,2.15,3.2,18,0,,13
99565,51,11,3,8,2.0,3.13,11,2,,3
99566,223,36,18,18,1.67,2.83,36,4,,18
99567,505,2783,2424,359,2.63,3.76,2783,28,1588,836
99568,136,182,177,5,2.63,,182,0,37,140
99569,87,18,12,6,2.42,2.17,18,11,2,10
99571,49,90,36,54,2.97,1.65,90,4,9,27
99572,228,85,78,7,2.29,5.14,85,0,21,57
99573,345,299,255,44,3.03,1.64,299,14,101,154
99574,398,840,535,305,2.82,3.45,840,38,131,404
99575,9,20,12,8,4.25,1.75,20,13,2,10
99576,575,799,465,334,3.3,2.53,799,119,230,235
99577,310,10122,7556,2566,2.83,2.54,10122,167,5666,1890
99578,17,137,107,30,4.35,5.3,137,137,25,82
99579,250,8,8,0,1.38,,8,3,,8
99580,19,18,17,1,3.0,2.0,18,15,,17
99581,40,272,193,79,4.08,2.75,272,224,20,173
99583,19,28,11,17,7.36,1.47,28,0,,11
99585,20,46,33,13,6.24,3.62,46,43,7,26
99586,426,163,96,67,2.66,1.42,163,26,9,87
99587,695,925,573,352,2.64,1.39,925,0,485,88
99588,963,390,299,91,3.1,2.54,390,12,179,120
99589,19,24,12,12,3.58,2.5,24,18,1,11
99590,6,70,55,15,2.82,5.4,70,50,3,52
99591,13,26,24,2,2.71,15.0,26,20,7,17
99602,22,94,77,17,3.27,2.24,94,65,4,73
99603,1779,4346,3247,1099,2.44,2.53,4346,279,1696,1551
99604,11,174,137,37,4.64,5.57,174,160,33,104
99605,117,61,61,0,1.95,,61,0,47,14
99606,45,89,64,25,2.95,2.2,89,43,9,55
99607,25,52,35,17,5.03,2.88,52,33,19,16
99608,17,8,8,0,2.63,,8,3,3,5
99609,20,75,58,17,6.67,3.59,75,59,10,48
99610,650,793,647,146,2.35,3.49,793,42,277,370
99611,1509,5405,3974,1431,2.65,2.54,5405,258,2215,1759
99612,48,342,206,136,2.85,2.74,342,114,48,158
99613,214,160,85,75,3.19,2.05,160,16,39,46
99614,20,114,79,35,4.01,4.29,114,106,19,60
99615,1080,4190,2201,1989,3.07,2.84,4190,399,1582,619
99620,29,236,186,50,4.55,8.0,236,235,32,154
99621,56,84,60,24,5.13,4.88,84,64,,60
99622,17,97,73,24,4.51,5.88,97,97,28,45
99623,1537,7213,5850,1363,2.91,2.61,7213,130,4021,1829
99624,62,17,13,4,1.54,,17,7,5,8
99625,20,23,10,13,1.7,1.31,23,20,2,8
99626,17,59,45,14,5.2,5.0,59,42,6,39
99627,130,89,66,23,2.68,2.13,89,36,13,53
99628,110,159,117,42,4.27,2.93,159,106,2,115
99630,18,108,86,22,2.83,3.82,108,96,16,70
99631,138,111,63,48,1.79,3.21,111,0,41,22
99632,35,195,140,55,4.79,2.96,195,168,7,133
99633,294,141,77,64,2.52,2.28,141,16,22,55
99634,23,181,86,95,3.36,4.58,181,158,8,78
99635,63,,,0,,,,0,,
99636,19,117,78,39,4.62,3.33,117,100,5,73
99637,13,177,127,50,5.13,4.44,177,174,15,112
99638,5,5,3,2,1.33,6.5,5,4,1,2
99639,711,504,446,58,2.34,2.19,504,8,152,294
99640,101,34,14,20,2.86,1.95,34,29,4,10
99641,13,147,114,33,6.31,3.03,147,144,8,106
99643,42,80,54,26,1.96,2.62,80,39,17,37
99644,48,51,33,18,2.67,1.78,51,17,4,29
99645,865,10623,8304,2319,2.93,2.43,10623,319,5560,2744
99647,44,9,9,0,2.0,,9,0,3,6
99648,24,23,16,7,3.13,3.43,23,11,,16
99649,64,24,17,7,2.29,3.57,24,7,3,14
99650,8,104,77,27,4.69,3.93,104,95,2,75
99651,17,3,3,0,2.67,,3,3,3,
99652,1853,1551,1139,412,2.4,2.06,1551,86,660,479
99653,37,23,10,13,4.8,5.23,23,8,4,6
99654,1436,15472,11234,4238,2.99,2.34,15472,744,8299,2935
99655,19,210,180,30,4.87,3.77,210,168,23,157
99656,27,4,4,0,2.5,,4,4,,4
99657,33,19,8,11,9.0,4.18,19,19,3,5
99658,47,258,180,78,3.88,3.63,258,164,50,130
99659,16,55,38,17,6.66,3.47,55,46,12,26
99660,43,86,54,32,2.94,3.91,86,36,7,47
99661,58,397,277,120,2.53,2.08,397,50,109,168
99662,14,109,70,39,4.79,3.18,109,109,3,67
99663,262,199,158,41,2.19,1.41,199,12,58,100
99664,618,1611,1069,542,2.51,2.03,1611,89,513,556
99665,18,11,1,10,,3.1,11,11,,1
99666,10,30,26,4,4.77,4.5,30,30,6,20
99667,791,58,58,0,1.79,,58,58,14,44
99668,23,25,23,2,2.57,11.0,25,25,4,19
99669,1575,6669,5077,1592,2.64,2.67,6669,401,2854,2223
99670,94,30,18,12,2.33,1.17,30,7,,18
99671,9,151,114,37,4.08,3.76,151,142,46,68
99672,1106,1475,1297,178,2.13,2.32,1475,96,751,546
99674,418,593,499,94,2.03,2.7,593,11,202,297
99675,10,11,2,9,3.5,5.67,11,11,,2
99676,1000,664,489,175,2.69,1.41,664,22,244,245
99677,62,13,9,4,3.11,1.5,13,10,2,7
99678,73,220,154,66,3.98,3.09,220,117,3,151
99679,26,61,28,33,5.5,2.91,61,46,3,25
99680,18,159,114,45,5.22,4.62,159,159,11,103
99681,7,52,33,19,6.18,5.53,52,52,2,31
99682,54,138,99,39,2.2,2.97,138,45,6,93
99683,875,184,172,12,1.96,,184,12,35,137
99684,123,169,102,67,2.57,3.4,169,83,16,86
99685,116,674,201,473,3.08,5.07,674,48,155,46
99686,354,1615,1175,440,2.59,1.98,1615,44,651,524
99688,1990,1100,940,160,2.33,1.96,1100,45,409,531
99689,116,216,105,111,2.71,1.94,216,19,39,66
99690,5,29,29,0,5.0,,29,29,8,21
99691,49,63,46,17,1.76,1.59,63,56,,46
99692,20,137,,137,,3.25,137,14,,
99693,179,124,43,81,1.63,3.05,124,24,4,39
99694,252,598,490,108,2.64,1.68,598,26,277,213
99695,15,,,0,,,,0,,
99701,1610,7199,3161,4038,2.57,2.21,7199,860,1783,1378
99702,78,965,7,958,4.29,3.01,965,0,7,
99703,85,2093,,2093,,3.49,2093,10,,
99704,,,,0,,,,0,,
99705,1449,7775,5787,1988,3.11,2.45,7775,181,4167,1620
99706,8,10,6,4,2.0,2.75,10,4,,6
99707,,,,0,,,,0,,
99709,2317,11538,7161,4377,2.66,1.97,11538,509,4200,2961
99712,1194,4829,4032,797,2.89,2.01,4829,138,2425,1607
99714,753,437,370,67,2.41,1.87,437,0,149,221
99720,22,65,46,19,3.3,4.11,65,57,3,43
99721,24,73,46,27,3.89,3.04,73,72,8,38
99722,16,69,52,17,3.15,3.53,69,66,,52
99723,275,1425,595,830,3.8,3.34,1425,361,255,340
99724,31,43,35,8,1.71,4.13,43,36,,35
99725,47,314,249,65,2.19,,314,0,,249
99726,19,15,8,7,,1.57,15,2,,8
99727,12,124,100,24,5.32,6.04,124,95,16,84
99729,169,78,70,8,1.66,2.5,78,6,16,54
99730,215,49,46,3,1.11,,49,3,,46
99732,20,8,1,7,9.0,1.71,8,0,,1
99733,23,17,9,8,2.33,,17,7,,9
99734,,,,0,,,,0,,
99736,19,35,27,8,5.07,3.25,35,32,7,20
99737,1120,1347,955,392,3.27,2.94,1347,26,497,458
99738,204,67,50,17,2.46,1.41,67,13,,50
99739,31,63,45,18,4.98,3.06,63,55,12,33
99740,124,235,178,57,2.11,2.07,235,98,28,150
99741,87,196,136,60,2.6,2.77,196,29,26,110
99742,18,114,95,19,3.79,3.11,114,108,12,83
99743,315,334,296,38,2.53,2.37,334,10,159,137
99744,84,50,42,8,2.79,1.63,50,2,20,22
99745,10,25,12,13,1.75,1.54,25,25,2,10
99746,20,68,56,12,3.52,2.75,68,49,5,51
99747,21,61,52,9,3.88,3.78,61,44,9,43
99748,30,69,47,22,2.83,2.41,69,61,4,43
99749,49,78,67,11,4.79,5.0,78,60,25,42
99750,24,157,124,33,5.94,3.82,157,153,18,106
99751,12,35,17,18,7.06,2.0,35,35,8,9
99752,470,874,362,512,3.61,3.24,874,390,133,229
99753,13,91,47,44,2.81,3.27,91,86,10,37
99754,22,35,32,3,1.69,,35,26,,32
99755,255,44,19,25,1.79,1.28,44,7,,19
99756,142,19,14,5,1.93,1.6,19,0,2,12
99757,50,13,13,0,1.15,,13,5,5,8
99758,23,50,23,27,3.48,2.63,50,32,2,21
99759,16,45,20,25,6.25,4.16,45,39,5,15
99760,314,245,190,55,2.98,3.09,245,31,71,119
99761,9,94,77,17,5.51,3.76,94,80,21,56
99762,707,1322,685,637,3.34,2.48,1322,364,388,297
99763,38,97,55,42,6.98,4.19,97,70,16,39
99764,64,73,50,23,4.78,9.87,73,14,7,43
99765,53,89,80,9,3.36,1.67,89,31,,80
99766,28,203,135,68,5.2,3.28,203,123,21,114
99767,9,20,20,0,3.35,,20,18,4,16
99768,117,66,55,11,3.2,2.18,66,32,7,48
99769,32,181,166,15,5.33,2.73,181,175,33,133
99770,47,142,103,39,4.56,4.85,142,133,5,98
99771,12,70,60,10,4.75,4.5,70,55,18,42
99772,99,148,95,53,4.07,3.26,148,131,19,76
99773,23,43,36,7,5.08,3.0,43,41,11,25
99774,47,4,,4,,2.25,4,4,,
99775,15,152,,152,,2.39,152,2,,
99776,39,23,14,9,4.57,4.78,23,7,5,9
99777,72,70,30,40,2.27,2.8,70,32,3,27
99778,25,75,44,31,3.73,2.77,75,61,8,36
99780,290,657,497,160,2.64,2.76,657,83,232,265
99781,32,35,26,9,2.81,4.0,35,30,,26
99782,32,138,94,44,3.65,4.45,138,81,18,76
99783,24,75,59,16,3.34,4.38,75,75,15,44
99784,19,63,44,19,3.45,2.11,63,55,12,32
99785,6,137,103,34,5.49,3.18,137,126,60,43
99786,26,77,69,8,2.83,4.5,77,71,2,67
99788,38,36,30,6,2.4,1.5,36,36,,30
99789,31,125,63,62,4.44,4.74,125,39,11,52
99790,36,17,17,0,1.35,,17,0,13,4
99791,12,33,24,9,5.67,5.0,33,21,8,16
99801,977,11880,7885,3995,2.62,2.21,11880,1017,5056,2829
99820,111,157,89,68,3.11,2.13,157,46,11,78
99824,88,1042,481,561,2.26,2.09,1042,74,317,164
99825,41,13,13,0,1.46,,13,13,5,8
99826,287,195,165,30,2.69,4.63,195,26,44,121
99827,702,802,549,253,2.88,2.16,802,53,221,328
99829,126,275,199,76,3.35,2.8,275,53,53,146
99830,97,146,99,47,3.06,3.06,146,23,27,72
99832,92,37,31,6,1.68,1.5,37,33,8,23
99833,531,1211,832,379,2.82,2.49,1211,152,479,353
99835,668,3439,2181,1258,2.58,2.12,3439,402,1239,942
99836,57,19,17,2,1.94,2.5,19,12,3,14
99840,228,390,242,148,3.05,2.77,390,24,103,139
99841,136,105,96,9,1.53,,105,105,21,75
99850,,,,0,,,,0,,
99901,1077,5487,3588,1899,2.58,2.34,5487,634,2311,1277
99903,47,1,1,0,,,1,1,,1
99918,133,113,102,11,2.47,,113,4,27,75
99919,121,263,200,63,2.18,2.02,263,12,73,127
99921,293,822,576,246,2.12,2.33,822,57,211,365
99922,17,121,83,38,2.72,2.45,121,28,2,81
99923,51,13,13,0,,,13,0,,13
99925,91,345,253,92,2.57,2.74,345,30,80,173
99926,46,457,368,89,3.19,2.99,457,43,124,244
99927,28,11,11,0,,,11,0,,11
99929,405,841,541,300,2.44,2.63,841,84,215,326
